100014005478287
100021955057199
100037461603955
100026926150085
100024046624281
100034267568883
100023205695283
100000705782628
100029885357338
100033065462339
100033213634355
100026380277493
100035925042323
100034532593470
100023500793084
100033824843638
100033867429221
100036070039834
100035429213944
100019478700590
100023670941095
100032498184353
100030020144696
100026361570671
100022762385987
100026730098214
100035787766819
100025066845567
100035487198987
100031425334633
100021960120142
100020677490589
100035664515169
100027646203309
100027539778745
100035146513744
100022834339334
100026831956244
100002383903285
100024161346633
100029361618919
100034695953006
100030582593491
100028963754087
100030498515212
100019367028365
100030114531773
100028141424727
100034147689949
100004166820050
100029277820024
100035692717365
100037841612156
100030171254381
100031294113403
100027892743902
100035334490531
100032350993288
100029143723379
100026920454952
100009286090298
100029672165326
100023778591627
100035743639665
100034522848254
100027298455228
100035474827012
100028916960064
100035332702775
100036241121153
100024047170967
100036213006167
100028982142167
100036396251138
100013798307809
100035523050922
100032919761339
100024089652259
100037029858889
100038283250728
100034947996111
100037480322512
100036111882814
100037529625945
100031398187457
100009096340604
100035929598338
100029469063204
100038007430706
100031037234100
100025345536153
100013008879938
100029574468197
100035148369453
100035649282741
100025017063098
100035098664292
100011985450822
100037082263977
100025225144240
100035363562509
100027549021223
100026610942321
100034709864182
100030469520593
100009849496255
100031995577660
100033277698797
100035630867551
100033949574681
100034408112864
100013458425649
100035222868260
100031903265490
100027215202430
100017073704648
100036221654293
100007097040510
100033871839260
100028112928294
100023121884115
100037121019799
100028096656529
100003097283401
100027489114349
100031230470654
100033822819028
100026559648365
100030390702800
100037044285374
100036009622456
100034262419523
100034764753427
100037558982660
100036699050050
100033749033039
100030330229189
100030002501606
100025228130392
100022442028883
100015174069732
100037041065228
100036207136837
100035323852586
100034837509827
100028353761227
100027567909316
100035106795268
100012000018409
100028258324662
100031387892922
100028790101094
100037641334349
100031826085031
100022337121705
100036621494843
100035694621074
100033842400793
100033136823122
100030812064335
100033833445361
100036522400714
100028601930366
100028353540920
100028181777396
100027142492036
100023915119225
100037983785714
100035788200196
100035694614407
100034721777323
100033089199840
100027595494241
100023217398006
100016865346933
100034517509737
100036547806416
100037388991933
100036486440129
100033752178801
100037119822961
100037486038537
100014955638913
100037872964705
100037486040729
100035656548414
100024828001125
100026072776533
100028685318804
100028466827317
100029312265152
100015914460990
100035196348560
100028345234740
100027444439764
100029322914035
100037829303191
100033284673550
100032702211170
100026484935136
100024486289952
100023969924390
100021296586877
100037467872055
100037230893204
100035560702409
100031691208935
100030937680238
100022338021423
100022042268257
100007127088875
100026363886342
100031039993330
100016635091628
100038000601449
100026299087011
100029624225506
100036035703746
100017867824500
100036657009939
100030001847243
100034711490342
100031199079895
100034671893642
100037618639430
100034355091441
100033852906263
100012785986845
100028243112773
100034465809813
100027679757465
100011481580031
100022238224183
100012378790026
100037596620270
100023373730391
100014692413515
100028188546735
100029716689189
100034846837436
100034161080420
100037664803984
100029090886770
100036360841147
100025160415575
100034921845739
100036384173093
100029716232301
100026149724626
100034620350720
100026422005988
100015560474742
100029361095731
100018488597344
100029046286756
100028592051728
100034986757348
100022740486743
100025379190663
100031154833745
100025782077963
100034019780249
100033430781919
100007906123381
100034742077703
100028651813501
100028023921689
100023554571561
100035389260666
100027731602699
100024419199254
100035878661001
100028158402447
100038385303465
100027449824958
100023765904164
100037474273239
100036707913266
100033482442136
100027386088675
100038146505291
100028591171471
100037603822852
100035980239102
100035946392205
100035601555111
100034378894473
100032354424072
100030978531581
100024487245263
100037823410558
100036717079781
100035440360657
100034911765449
100034835073656
100034576953016
100031295856503
100029943905094
100028316237209
100027441707580
100018048964028
100014947294875
100037997632577
100037496134773
100035123087084
100012412260993
100037474267333
100037451650631
100037159493869
100036872388697
100034710906820
100031634532433
100027291532150
100025751559183
100023736544413
100035288798814
100031429920383
100029280819088
100024022235935
100009417313762
100006884556278
100037437068455
100036374353070
100025382940872
100027844938080
100026500249232
100024246060169
100030297103558
100027895789443
100029492446757
100029281817668
100022287283618
100037355503222
100037171621039
100036744997392
100035454462104
100028872889203
100025975381111
100024180229457
100034756702779
100034743307995
100034325360330
100029555452741
100028921696818
100026941250678
100025581392038
100027416975576
100027147583433
100026127649277
100023962110751
100018749250766
100037743583223
100037723005720
100037281410250
100037180877233
100036762976420
100036148487084
100035845058475
100035702821739
100030666558298
100024979391283
100021940862502
100038096654667
100037088918553
100036743090887
100036156647257
100035950149072
100035261143592
100034567021795
100034258624580
100033110347930
100031674342770
100030318490085
100029753375062
100029085744181
100027527255458
100025256297098
100024631642014
100015386340720
100036442005974
100035667907794
100031231543839
100027579190388
100026111941734
100024933291809
100024093870422
100037788642261
100037523656583
100036918714137
100035592752928
100031827550346
100029279032459
100022633086560
100009541967130
100035011443716
100025938161833
100032928185785
100027361694458
100037161604057
100033773661319
100010156187629
100037255430183
100036370726023
100022159270312
100038008602080
100036681683345
100036450275626
100035353907654
100035260664684
100033949712358
100033166954619
100028909533107
100028132412081
100026981768581
100023154350716
100022149314540
100015199428235
100012370309439
100012225379369
100037863035964
100036139493196
100033429023553
100032702444425
100030361637743
100027258575916
100026995968252
100025845694350
100023725373785
100013337924256
100037845991833
100037165912524
100037134353753
100036706999532
100036268336881
100036241485926
100036017719031
100035702234257
100035050113887
100034233757822
100030650508264
100030072312831
100027735723640
100027061068977
100022949356772
100018565440874
100002927364417
100037488288768
100037440951306
100015755764556
100037292564692
100036958485309
100036600501345
100036450480575
100035806191557
100034634858544
100034438994719
100031524152560
100030584432423
100030253221086
100029327745696
100024482493144
100018047869052
100013521078015
100037415520530
100037170484813
100036547985668
100035836183241
100035203579665
100034442626911
100032770188455
100029875411677
100029579985626
100028996099474
100027244128204
100037761815860
100026363423288
100026183543680
100037741998623
100037436226121
100032368966712
100027243997833
100037841972107
100037361288296
100036261467956
100035897700028
100034523077814
100030452828585
100036878654853
100036664053118
100034166147291
100033155811820
100030837844412
100030579870121
100030032077428
100029768081001
100027972907752
100026960534121
100024704956040
100009852660476
100037535524956
100028132596570
100027384258785
100038084225376
100037958352792
100037910631011
100037754542984
100037682767176
100035397553362
100035321161609
100034909058891
100032333002046
100030831559136
100029994631006
100023241709815
100004650883391
100037986131971
100037756276978
100035670276860
100034699219114
100033638762840
100032327675135
100028990126023
100028013633615
100024388220069
100023498954063
100015631093316
100014603685815
100033060199764
100017474733808
100034698454465
100033105442855
100038140531156
100037800649358
100034468014297
100029262770801
100028778078644
100028517018873
100028164803367
100028007704649
100025171005947
100025160558338
100024470732106
100015149947785
100014604996671
100007222068830
100037621634175
100037350246485
100036781731748
100032576417115
100031978003731
100031648989511
100015186527647
100037833377479
100037125001438
100036739968962
100034763625078
100034415781835
100030745993988
100014220391387
100037728397226
100036614235189
100034813864207
100034635180646
100036210453521
100038208821306
100029920400743
100024154267175
100028289074695
100023018828176
100037335454290
100036939382926
100036917079422
100036162632631
100035687222463
100034617744120
100034498340857
100034342579236
100033175680623
100028500801553
100025104169079
100012820389791
100035553953420
100030823391943
100030425224923
100027758376551
100026447202248
100022426310939
100035061486547
100034576305565
100031373138146
100030844880937
100030817643191
100030400371471
100029520650706
100029396497805
100026730668726
100026724612956
100026173362660
100037717362654
100033807995679
100033203026464
100025265655618
100010244051674
100036818833020
100033719649896
100028653111152
100022683071065
100019147818569
100036915820640
100032112640226
100029089580346
100031665604417
100027696953548
100024226368212
100023133802785
100036296804762
100033502536817
100030666061939
100027665391498
100026898721355
100026332693855
100024170797664
100021778212695
100002059738003
100037789830360
100026733396607
100024898940959
100014781009177
100006395341168
100038126169953
100035637882739
100027572981972
100027107989159
100026592033144
100038115438317
100037789834492
100034389920284
100032896989035
100023432019321
100036432263195
100035123231017
100034052381792
100033523865853
100028477480766
100026274323763
100023564237569
100023301970831
100022281647302
100014201442773
100011206352631
100005616915152
100037806533011
100033334372049
100027831607901
100027831422217
100027762186272
100026901489931
100026696301029
100026668815519
100037526166705
100036929317129
100034786367537
100028498025839
100024776142933
100037396800320
100033833662528
100036573195024
100036426702329
100015942038136
100037401161098
100036979850007
100031101496415
100031095458870
100030497370904
100030356732875
100028992343614
100028281816156
100026967523169
100024652930356
100019905274925
100009671148748
100037628174540
100037398399928
100037395035927
100036420610019
100035558439002
100035526662533
100034453308777
100033416691455
100027192862405
100026712841672
100023549887059
100022828264078
100015295838027
100036299072283
100035115680632
100012893958034
100036244664062
100028746136284
100037087234050
100029482023460
100025986801045
100013754196654
100003844535006
100037995982868
100037882595132
100034574406568
100030955441436
100027530678607
100035595824540
100031004015939
100027198603749
100035301421626
100034647649345
100034605884180
100034454612972
100034221570464
100031865292335
100030141407892
100026628954317
100017835160643
100037973951736
100037367225881
100035680702923
100035655617217
100035178703169
100035178702271
100034637355926
100034388858143
100033295636905
100032215268829
100030777249913
100030685120243
100030314885164
100028412900376
100027887075234
100027633255180
100027543590540
100038027314882
100037707843136
100037259566553
100036856220434
100036146560688
100035859070667
100034815133545
100034637356221
100030976282150
100029629001799
100027958002210
100027920478323
100026755635924
100025223778122
100024844492992
100023021257441
100037591848600
100033642650754
100031708491192
100029676465557
100028230352460
100028019236809
100013575300013
100038003861067
100036624862678
100036451986004
100036287221333
100033635340674
100032556590595
100029170412636
100029030080235
100028281858994
100017647090810
100015344343672
100037821286623
100036625020858
100036040068444
100035993452983
100035179432945
100034591792159
100034224653612
100028463894569
100028205564969
100027846677190
100027154710956
100025987536346
100014838932282
100013100555316
100012950912992
100004391010166
100038294431269
100038179899109
100038138831481
100037865142091
100037635284771
100037366932139
100036201154869
100035744243038
100034611675303
100034267222442
100032786175071
100031467665212
100030999455516
100030534500283
100024321995879
100014534985200
100001662625305
100036959896926
100035630085174
100034662729275
100033406776113
100031971636676
100026912762634
100025282189917
100023601251884
100022788675589
100038099714539
100038051080148
100037600822837
100037600805051
100037154588632
100037111066995
100036805923165
100035769321658
100035544982027
100034637091645
100033883011830
100031021907673
100030944116380
100030047732111
100029733344189
100028900935566
100027148244873
100026346607686
100014400008837
100013474471684
100009489205811
100038090401772
100037593561280
100037081504214
100035871692625
100035736318258
100035441956752
100034920439106
100034848252945
100034661232164
100030847068361
100026506578119
100025197159752
100038124096340
100037764216655
100037232630039
100035972583236
100034886469569
100034558936730
100033642644981
100033532843766
100030544418546
100030525154534
100029312467671
100028707497412
100027831282580
100027099580622
100026708747364
100026439498477
100023768190382
100009868751700
100009783486058
100004651236700
100037714940663
100037496041400
100036873767329
100036167648965
100035908699320
100035261392792
100033540133402
100032874130651
100032414482644
100031397033750
100028507992954
100027950224697
100027845392124
100016861748224
100037284103971
100036369198108
100036280862547
100036171197563
100035912297048
100035152361284
100034941091830
100034512108633
100034147473630
100033922759061
100032801004194
100030719070544
100030656633852
100029301855299
100029301853878
100029131598289
100029058211264
100027212405613
100023210121574
100023116848541
100022573323278
100021765743927
100009322822983
100034068888977
100032067382895
100027948324093
100027287378881
100026530627022
100025902981605
100025768485750
100021449123948
100017012280315
100037826322381
100036024112618
100034605858586
100034519759098
100030424081225
100030137743133
100026748763026
100037955383564
100037944199758
100036928031637
100033495639071
100029151347975
100025467753991
100024402829296
100023871168893
100023691277778
100022735942665
100037923887932
100037838598340
100037752499305
100037553232731
100037316653459
100036594091720
100036354575792
100035125008319
100034365352082
100031260104683
100026298440684
100024984635423
100023892188280
100023028660216
100035145812751
100035105238306
100034759173278
100034660119150
100031657592967
100027114323070
100024102582614
100014882532251
100037255307143
100034708564005
100034687811287
100033277983219
100030479960512
100027085671741
100015159584769
100014718814661
100038160972771
100038015436011
100037984020277
100037845246855
100029227540583
100027819397433
100026127453359
100011347666795
100035360000604
100022764768797
100008449446071
100035418322222
100035381881789
100035331880199
100022985449533
100038244363089
100038132735722
100037627790849
100036671820882
100035557595247
100034585121074
100033842075933
100031017125185
100030916327005
100029456739219
100028019382488
100024562123298
100021047895392
100018366526524
100037947216359
100037917164623
100036860555274
100032391525866
100026297652381
100037205972744
100037195313031
100037084360845
100035547481033
100034660125211
100033717549200
100032004223112
100031399966305
100030993648700
100027645891959
100014877734446
100037830407210
100036763170202
100035527118236
100035452688413
100034707549815
100032388411643
100030275340985
100036334145377
100031775565820
100031534305157
100032808587848
100030309095085
100033728598194
100027266720575
100024039009741
100036927851306
100036668383935
100036166247570
100032625465103
100026139521394
100034426695218
100026899973608
100022235196632
100015602945391
100036911941255
100012146042750
100033428714523
100028149263921
100034830110459
100034319447173
100033447522244
100029979414294
100029357673078
100002901370599
100038091670918
100037626968958
100037460442338
100037132260725
100036252003684
100035623577910
100035483075504
100035398185695
100035055563719
100034184541067
100033625302598
100031254262484
100031236772789
100029824114434
100029397559087
100025841166651
100024243453087
100023983152581
100035625064513
100014841048292
100038039631025
100035430517109
100034280482289
100034265541399
100028738350853
100028043761879
100026949137832
100037790946896
100037450725685
100035563909507
100035379725744
100035027793323
100034988983104
100034282429626
100031396206653
100030837919547
100030359604170
100030033891826
100029498107845
100027745793560
100025453936151
100023609914345
100023442998684
100037314422652
100036989647238
100036669363436
100035872964030
100035832241184
100035724232059
100035030558335
100034408549445
100034302623233
100033883128104
100032870692287
100030893540444
100028805825204
100028360301787
100019420776150
100011502888701
100009527816482
100037087574615
100036405456337
100035029883057
100034886014932
100034317832763
100032746475237
100032509884192
100030355810850
100029266726807
100024750700585
100023516986562
100021063452782
100037267878075
100025566794199
100037865452010
100036604541653
100034352321390
100034243691901
100029030932579
100018255585757
100037627276303
100036467641786
100036105103089
100035535639274
100035410846829
100035271160450
100030673171633
100029257969857
100022336840828
100037366050647
100036828751550
100035263479557
100035049271760
100034817499380
100034373627513
100022336840716
100021966527781
100037840205336
100034274507778
100029741273401
100037600553654
100037446107743
100035699559396
100034879954837
100026338149352
100026125243346
100020509024927
100019333113577
100027982447333
100036200177876
100036105102699
100034606901462
100030912769393
100026609205756
100010674465419
100005969983828
100038025339075
100037082660482
100034352330937
100028526348229
100028433533958
100027926719359
100027356650094
100026311305121
100011613871689
100035648040774
100034410983798
100029378442898
100028041860002
100037036689058
100036801707811
100036398888580
100035615134247
100034836573380
100033317063090
100028607350633
100028161520946
100027438921133
100027174591651
100038043553760
100035993790659
100035956991298
100035581185389
100033899433734
100029834774123
100029544859361
100028639324147
100027648140521
100027418955124
100026744874085
100026709714115
100036115487228
100035636154269
100027300635686
100037849326713
100037838854635
100037635338745
100037099158857
100034862471970
100034243383568
100034181993744
100033993335814
100032347749023
100029240623148
100027664775166
100025020663033
100017409588404
100011418000518
100037443939162
100037093988333
100036975907052
100035249828389
100034862475614
100034861458677
100032324140248
100032067132204
100029274172554
100026362581590
100003269871928
100022258593146
100038237952698
100038103550528
100037739454243
100037592829419
100036072132995
100035687123686
100035563871424
100035429723409
100034591002035
100034551546242
100032934801275
100030916669712
100030916654586
100028146671561
100027644915629
100027452677523
100025587108164
100025006004603
100023701878853
100013238916495
100038118645723
100038061832233
100037927008313
100037724258053
100036167330858
100035577497473
100034870418623
100034141177223
100032360286002
100029154921765
100011686755988
100036029767790
100036642613491
100033993893428
100030912942417
100030748830111
100027737804027
100038317213239
100035531702876
100033683360031
100031997142641
100028214318453
100027692571524
100016783789428
100002105445210
100038226183629
100037717380064
100037170030921
100037936424542
100036516736290
100035339982185
100021962164372
100020843283339
100031368541774
100015223058977
100035732531269
100035775036120
100033742892283
100026596422059
100037654929142
100033970954232
100031780325740
100029163963279
100028084661887
100035565106864
100035247646879
100034724384362
100027611476954
100037436447829
100023618195084
100038127722123
100036319924066
100036031579384
100032927332901
100032826913174
100032767842042
100031953613060
100029392564382
100028510390290
100024300605103
100023219076702
100022158663775
100018903691753
100037529268970
100037569041937
100037542754200
100036901963724
100035279776292
100029033611075
100028234850461
100028106355659
100022316136588
100037664572298
100037617886831
100035613099116
100034973084263
100034897898385
100033779621176
100031992556352
100031123310869
100027611481733
100026921025012
100024884164793
100038018792940
100034025201023
100032454104555
100027293747762
100017955012106
100011266381167
100036068020462
100035089191100
100034859807973
100034265646259
100031695368485
100031237063257
100027409965924
100024619140534
100037111103728
100035343601817
100029683971387
100025182376028
100024893282213
100036529608604
100036142482243
100035609481516
100034684320917
100034532270309
100033515671396
100027795573220
100024550324725
100022811089154
100014730342572
100028426481599
100035371590346
100033753821249
100032783040746
100031331140133
100026701265385
100030345272307
100037348721462
100036553380567
100033097932003
100026034218531
100014082037926
100036975762671
100036446448007
100036065111881
100034908289428
100033214307204
100032427082183
100031471721247
100029579327287
100026264670131
100023800143160
100023575603488
100016146125435
100009659078459
100037862947285
100035209056742
100033521744080
100037354719942
100035677100838
100028632306641
100028350550851
100018933336173
100037786991007
100036994520980
100035790072903
100033706155011
100033128529747
100030595350750
100029994870629
100029695292324
100025959361252
100024540482171
100022002546847
100015638806314
100037849146339
100036780786383
100036615600892
100036421590769
100036205206673
100035575403976
100034923766991
100034323490763
100034168955652
100033983465557
100033661972673
100025525430258
100005138357269
100037616736101
100037127603206
100035197024001
100034967714671
100027289150097
100006942930310
100026298632806
100025041068717
100024019880871
100037921381366
100036176896700
100034698023588
100030136460910
100028128041623
100025074110735
100020911770577
100017554627832
100038200955823
100038122627860
100038105736616
100037921393456
100037897475683
100037894452950
100037393728826
100036348004698
100035048559636
100031734186282
100031350212453
100030750635840
100029469551071
100028492278661
100027403897702
100026092637575
100025768692980
100024936403682
100000805928982
100036282496176
100036194842388
100034773408274
100033819164885
100032591075566
100032132833615
100029725180868
100023452568773
100009835957954
100038027179078
100037886619682
100037816281945
100037750890697
100037347756182
100037099609106
100036134706204
100035582331023
100034334030003
100034232144103
100032204296821
100023895199627
100029580578710
100033708621205
100035084521086
100027656079758
100025527937317
100021669665035
100037320420561
100036083324366
100034282813201
100032562333159
100031439325423
100029072584355
100029072060741
100027754614065
100025797121463
100023774451888
100023268910974
100035317549288
100034084581764
100036665894353
100029569935522
100027487863198
100037692612699
100037346899013
100037084314370
100037066234773
100034409017381
100031780114533
100030505788087
100028832388283
100027586088490
100012613997861
100037611708422
100037347469435
100037304702322
100037266152773
100037115581009
100036876101041
100033788476636
100029616211808
100029205273643
100028446034913
100028362383647
100024813876855
100021543888500
100013758198822
100037833245077
100037692622086
100037582420436
100037324333990
100036080492086
100035796582148
100035168220826
100034597181500
100031767196332
100031077817197
100029753676559
100027818962057
100024937312441
100008422668525
100006076302971
100026253501793
100037597929764
100037126302780
100032501319561
100031068707691
100024407075486
100022367861277
100036697187073
100034881652065
100033638740757
100032501325791
100028933451880
100027010642994
100036833680559
100035680530231
100035507106349
100026769162095
100023907366688
100017775573754
100031606542921
100037666295441
100036728023194
100036010321337
100034133363300
100033294472806
100030168141112
100029396529878
100028383308185
100037547436185
100036699094065
100024983555646
100015377580746
100037008489802
100036898389545
100036387532452
100035910783409
100035842120037
100032471351601
100028547828219
100027043565806
100024722027880
100037944759524
100035466203513
100028438774286
100036483654226
100028697633156
100038243884160
100033507000239
100035872097962
100038059779827
100037687029003
100036856848026
100033544801946
100030256020546
100037228158142
100035777971067
100034756723459
100034030819687
100032504450380
100028949528116
100027806108423
100025623518320
100024969435757
100035017637025
100034292766192
100029987153641
100037591265137
100036117460503
100034985931445
100030522438847
100026802371556
100012470325549
100036750726779
100035360891248
100034651651872
100033701774535
100029046013393
100037180925301
100036483648431
100035816153073
100034113854088
100031323854015
100031272953079
100028133948901
100014359332723
100037487476382
100036802571807
100035983597833
100034618205410
100033201161168
100025119397544
100025015486991
100025005400182
100024858264103
100014133582371
100030346304760
100037120720622
100037120716677
100036304424584
100035048613482
100034049115417
100033924544998
100033376662782
100031458080820
100028492205409
100028327103692
100027719675128
100023481601927
100038038283312
100037832834729
100037177144385
100035600083675
100035546614924
100035307531722
100035269205667
100033577204601
100033557051932
100030119295765
100028444185080
100026854392708
100023419910699
100037799647791
100037736462885
100036072944495
100036072932059
100035541191320
100034948282162
100033489136669
100032460937297
100028568928645
100026623430050
100037821606480
100036773806640
100035711642640
100035300760474
100034511213036
100031924395169
100028034237747
100024431644403
100037884939197
100036133653140
100035731756533
100030130147390
100023496694845
100022663861812
100014380629238
100037086411851
100035354351309
100026312298667
100036480705572
100026248113118
100015900131616
100036795818407
100036412384812
100035787726814
100031459395284
100028619301412
100028502075355
100022537482418
100036198679569
100034778929804
100029502203469
100037603233151
100036586893533
100035864989392
100034997521941
100034769671416
100033290678664
100032991183937
100032839331343
100032228590257
100032131892274
100029208676367
100023062600037
100021460700108
100037229150004
100036524891324
100035690707488
100032086970692
100028580602367
100027143463578
100026449688732
100011976345162
100037809066761
100036720526649
100036230622349
100035737874107
100035612361921
100035268551313
100033445927202
100033281687455
100032483661180
100029586693698
100028590728621
100038023296357
100011554922999
100036117330147
100030368952056
100030017687058
100028933791878
100037798055176
100024493549272
100037098695361
100036699594031
100036416869353
100035781498936
100034509467802
100031160229871
100031077882633
100038026251424
100037603653828
100036918975126
100036255579745
100034638049549
100031316085971
100016092041608
100014792590988
100035095426015
100032958378516
100030775356253
100028067268959
100038003434840
100037917789741
100037271325936
100034766660686
100034699655955
100034558546983
100033857854921
100031746863480
100014628699156
100037475353603
100037127062830
100036308869799
100035620816747
100035266762762
100035142522504
100034664807720
100034528432335
100034224739202
100031350561879
100030349900586
100030262472626
100028111541170
100009074626625
100038001812563
100037654032163
100037468209430
100036378593006
100036314738516
100033983234414
100030971880616
100029138807192
100027605049034
100026861628103
100021067024476
100013842482566
100034963634660
100032360056115
100029191992315
100028292421880
100027632730657
100024643641467
100020435895840
100037218976656
100036376720559
100034317587320
100034313326472
100034291718988
100032181633950
100028671727029
100026826323205
100034982588134
100034218241948
100024320914676
100023676742943
100014056952650
100037450461394
100035362753189
100033836232682
100032103855997
100027438081140
100027024435092
100022980092961
100017016822837
100015691832102
100037833684009
100034529862795
100028991911647
100028657431064
100028393712057
100023604134555
100018088427058
100036513125011
100035140966278
100034767903104
100034003728635
100032864630609
100032668308390
100031149496090
100029092849774
100028751353317
100027989779344
100026556972037
100025079542194
100017006533977
100015614263478
100036627444200
100036129072155
100031535386740
100031346321763
100030144427133
100023825775785
100038475512677
100038051436660
100037774535620
100036604488406
100035098722723
100034898767629
100026531296524
100024052841413
100023278050207
100001426070873
100037451510125
100036690182397
100035328273524
100035140962554
100029897209268
100012152808537
100038063202367
100037787197850
100037706443607
100033557257970
100027548135153
100038031076226
100037180521915
100037162390058
100036271096450
100036103629234
100035876865320
100035004543556
100034123731967
100033503918334
100033494364061
100033223266625
100032715829381
100029092573672
100028516990622
100027235267936
100017484579210
100015561378004
100012984552361
100037599996618
100037258762099
100036967702911
100036627601818
100036454878062
100035560341271
100034314154274
100033817803606
100032570372600
100032466729602
100032106396837
100031203549740
100030446122733
100026890969647
100026890486710
100025087728308
100022498027954
100013123413809
100010646586442
100037730146208
100037527995691
100037395728703
100035819082801
100035256111857
100035045525674
100034244334054
100033090970419
100032751229723
100031347383649
100028707996455
100014101145283
100033596543708
100036891134273
100036716959317
100036688576773
100034645146700
100029648524516
100028445423407
100001701143889
100037571825864
100028565585300
100026954688919
100017110027559
100037831572163
100037110572532
100036897164874
100035804229204
100034804602642
100029192313803
100028148658488
100027793542981
100027178666971
100025129494257
100015736545333
100037422668370
100035906450307
100029560873968
100029014911329
100027787482838
100037471273565
100036707792253
100035662774085
100035595783643
100035087736115
100034982952356
100027770976119
100027723484288
100023437839778
100037299009683
100037732593815
100036467404499
100038278112814
100028223874064
100004235987958
100032872565328
100019004238701
100025087080333
100017120292557
100037443272971
100036020771674
100035883954015
100035469219454
100035004815547
100029557694293
100028756941127
100023685289713
100015103578111
100014584028623
100037758789020
100031391873360
100037882021846
100037772102953
100037697500756
100037697494443
100037459068023
100036936140700
100036692091714
100036026133301
100035788397690
100035776955568
100035427362234
100031529070577
100031228622286
100030436067987
100030421522108
100030205073638
100026828317060
100018164564914
100011798504525
100037097812101
100036029633262
100028363086031
100037798329702
100036498304015
100033875587622
100033604894858
100028662061668
100037584666895
100037043220616
100036955150212
100036193162921
100032679378195
100031528114724
100027651832883
100025589291662
100022895435833
100017114498774
100036318546541
100030904823381
100024046560302
100037786313621
100036026136866
100034467009678
100033893026629
100031264763430
100028025768975
100027187652155
100026847376206
100022499708937
100014981285093
100036435905383
100032960370999
100037753652952
100035627076504
100035344444103
100035043529194
100031931950982
100028024244389
100027710320551
100015843347576
100013295802264
100038052934393
100037670022854
100031377736019
100025116382282
100024357330449
100021865401897
100021846545396
100030896477565
100036596911645
100035363418241
100023444748056
100035888498518
100035868603132
100033839745057
100031083160135
100025605722838
100035571528863
100032249543183
100029182576446
100017846523897
100002961636515
100037998440344
100035639512117
100033758378973
100033646336996
100033178740448
100031382798929
100027189271980
100026755583104
100038155936413
100037135064787
100037070850635
100035608081210
100035353519831
100034701496352
100034408520205
100033892610324
100033758390533
100026456177985
100023938205145
100022783878115
100038270372108
100035924135119
100035527480866
100034913723598
100034913717511
100031142314283
100029796664396
100036121508321
100034726786417
100038083200355
100035959326256
100033826060936
100031868444785
100024398700351
100024234451883
100037162809666
100036857394274
100036509268967
100036363338897
100036265807529
100035867661699
100035530161323
100035173925132
100034548489980
100032206145022
100030534930032
100028709958857
100027092361806
100035057543545
100034638713365
100033949661079
100026571976619
100012711603176
100037863012804
100037748715004
100037103103760
100036694771713
100035892305533
100031417062009
100026004997717
100003987933508
100036317058434
100034601074087
100026495866230
100012132036516
100001894855070
100037698744009
100037005353000
100035770360355
100034920218893
100034664894895
100034305066091
100031823795776
100031489664169
100030226024171
100028513849362
100027669441674
100025983078338
100023184039750
100022212280987
100018896468871
100005352067626
100036626591842
100035564301994
100034015972203
100033829174454
100031789473834
100031277400985
100027433214396
100027070087435
100037742592021
100037254848324
100037178922177
100035709344358
100035132648189
100034059947032
100031332544073
100026349737076
100022288597403
100037645211722
100037515772733
100035898889730
100035152487463
100033871538442
100028907863918
100028395754208
100028155610947
100027505394228
100027281744349
100026579627063
100037827738098
100037747033525
100035158518516
100034851159113
100031242533347
100030688114206
100030270154539
100030232294541
100028757473881
100025351817026
100019359969766
100037863161212
100037316520876
100037314143783
100033260044092
100028830522622
100026117913972
100006997119771
100037812969113
100036800686681
100033634548925
100032812626212
100031568168683
100028815012457
100028058449824
100027967184786
100008923381910
100033479838604
100038083202996
100037924082701
100037518186909
100037061978928
100033765375975
100028521065638
100026765492731
100037682687991
100037326623394
100036227194840
100036085313483
100035889075531
100034328469990
100032250552300
100029339651977
100027385055522
100024040308674
100006436392161
100037707212624
100037373414825
100037256139339
100036479881062
100035839581913
100034311649799
100033230480018
100031103344418
100030836072434
100030039673402
100029915282187
100029756901685
100028764139040
100028636719456
100028035682045
100025778621382
100025541784194
100024648622911
100022114566426
100022070076140
100003360759198
100037872242856
100035056190061
100032266462090
100031713762392
100029097281541
100027943422690
100027930834085
100027439311001
100025258544888
100024210152915
100023349228282
100027456193167
100021658839491
100037923633268
100037621481722
100037103208320
100036512509750
100036433633026
100025155735060
100022513365463
100036278630303
100034191793602
100032531919434
100032181318301
100030386141727
100030222364455
100029002680039
100027655595374
100027297113635
100026397907720
100025803822709
100007546007987
100037542468542
100037520329237
100037371094158
100037272893946
100037270671968
100037211394098
100036391191650
100036133031205
100035919981676
100035537052895
100035086549614
100035080370100
100034290649533
100033977295811
100033246900648
100031301832885
100030284620967
100029881262818
100029488969788
100029437603497
100027487336871
100027207082784
100026852473940
100024713689366
100022675253865
100034934432459
100032860508005
100028124820551
100027996502053
100026976320496
100025309081848
100035500984072
100032885062269
100031443528655
100029252060996
100028166584663
100023983279648
100022209230951
100026682650933
100026246864663
100034615404256
100034341080951
100034151830961
100033825034109
100032806792289
100029683570775
100029322402662
100028219603997
100027017783723
100022088266221
100021520122797
100014676948455
100001235027706
100037346811840
100036094295757
100034492996421
100032615872803
100025133912480
100024601421634
100020659090466
100037645325858
100037108030764
100036620504700
100035533674066
100031201251975
100030372531296
100029708293582
100029181260176
100028771625734
100027375607985
100025290964893
100037800614181
100037707465278
100037669491925
100037560823494
100037193536856
100037186253032
100036587778147
100036581653891
100036422480120
100036162780637
100034987374373
100034565872654
100034541087045
100034432567689
100033723991025
100029342072110
100028558480998
100028558474969
100027315723332
100025374622497
100025356727123
100024946742664
100011288250012
100010756206980
100037820980062
100037599259807
100036181489984
100035053839868
100034693426976
100034284793178
100033959738607
100033892089942
100032676769007
100031260916918
100030978602536
100030162158043
100029524038501
100028612383514
100027335766139
100023756417934
100023737336407
100023200924407
100019453566725
100036979999552
100036966942131
100033588113638
100033206626711
100027714677345
100024780158850
100037824632838
100037695189763
100037472760966
100037061463349
100035256947551
100033647723914
100033283776176
100031407737257
100029642329574
100028296881117
100024131751960
100024105270979
100022238744213
100022102223449
100037956679253
100037571135967
100036919070043
100036160471435
100034598701320
100033543083118
100032082472359
100030342372532
100029818785160
100027938633095
100025112554542
100024026190016
100022327461443
100038096953702
100037694483474
100037361386237
100036890117546
100036464784300
100035371992310
100035329819355
100034987354315
100031938052274
100031751900288
100027004607861
100025853477573
100024065503963
100023965459760
100038234050785
100038130764625
100036635222908
100036484303332
100036198274021
100036149238392
100035393974540
100035069027466
100034781834206
100034774445369
100034742880206
100034670614827
100033827587323
100033496771147
100033304450957
100029421707618
100029037833985
100028729239463
100028202586579
100027830524173
100025204502648
100024543038219
100024065492478
100015184336800
100013470967731
100037495031364
100037130671749
100036918671033
100036885441242
100036556209481
100036049780182
100035229162921
100035155574738
100035069017776
100031094963452
100026977623777
100026807887638
100022797124122
100037081781037
100029392235841
100038088887356
100035534266644
100033662866596
100030314320544
100029217243198
100021809294549
100037562474946
100037329124264
100037124211088
100036540040383
100034885846933
100034778901249
100034770767119
100032287309518
100030696391972
100028254241935
100027962354913
100027597440051
100027535110587
100025231536076
100021642872311
100014558980137
100012961692678
100037597273106
100037124214291
100036380073079
100035771809148
100034852447592
100034543130993
100029298060257
100028849911252
100026134380217
100025273748808
100019430314451
100036122892847
100028274113717
100017323869286
100034868793352
100026713192953
100029028727412
100028969305640
100018453549615
100032528072576
100024443257833
100035235137606
100023093372179
100036592322868
100037213503778
100024133070034
100037122351480
100036905294953
100035831070337
100035646799003
100034117713445
100034088656259
100032677939008
100022731547003
100016129514180
100038476202438
100037864980460
100037115573763
100035850916126
100035299457427
100034649904336
100034235251921
100033945464276
100032733129538
100030996424480
100029379481618
100027347030332
100026321074069
100018201971025
100037472534220
100036947113552
100030683252065
100026623570083
100025488153819
100037954666334
100037650913590
100036643301407
100036563982126
100034515109440
100022728642584
100011000585298
100037400767519
100035582138955
100033438232178
100031366431924
100038355993576
100030135531786
100013461009341
100034210381309
100036588423401
100028067559490
100027602504928
100025701675297
100025082377271
100036119202994
100035050611874
100034880357317
100032596205220
100028098306605
100019239224958
100016241478952
100037578381186
100037398677078
100037324754720
100037302668493
100036738008078
100035916319411
100035656692119
100034346873627
100032709970082
100032234868455
100032136393816
100030190026082
100028583910023
100025921779379
100037458047289
100036866190464
100036383313969
100035160438833
100033392917660
100031567511289
100027646146128
100027428114112
100026622790487
100025692794797
100022171390763
100034827952435
100037428720665
100034960533200
100033619385569
100028399651158
100027022063221
100023064392013
100036231074845
100034062312476
100030110742403
100025204081038
100036890763451
100034795749421
100031312460605
100027860207146
100027463474556
100036170662976
100033700553169
100036530911647
100036170867231
100032367141795
100031339148763
100025202026416
100025133134846
100036915494912
100035403622327
100034771609597
100034555237179
100031821995825
100027433873934
100025202016714
100023997426703
100014870556452
100037179127437
100031306728969
100022798491793
100037295430654
100035522085330
100037053002985
100035980643643
100034560853011
100034125008415
100027497750380
100015842462647
100037259064182
100034151374175
100034047932875
100033343111097
100033258850316
100032142125725
100021451181677
100037863129890
100037825445474
100034523011307
100034378462406
100032530780827
100028260967796
100027253669340
100024782146447
100037775064103
100037575365250
100037346574247
100033749080061
100030334803138
100024887894734
100037780401019
100036903292165
100036507637545
100032108535577
100030404435102
100029807231946
100029169334724
100028903241277
100026978912163
100025543190065
100034977902281
100033919806456
100026468710940
100014347264243
100038056249656
100037335633725
100029760488051
100028308998715
100028043977849
100023073308495
100011901573498
100037504313243
100037473785654
100036317497917
100035579265796
100035364722877
100034839953817
100028633791054
100026896569493
100025511566645
100023955766295
100034045380451
100032877601061
100031073420846
100029297405674
100028043985278
100025333061296
100023813090192
100037879451450
100037578623765
100034886562362
100029670473033
100001140440514
100038210253057
100033911993983
100032357118100
100031024221846
100029492291624
100029245890578
100024407354441
100014180703917
100037192877198
100037009097176
100036114692859
100035349757982
100034972250247
100034342451610
100033695286695
100032030736080
100031586314262
100030494116474
100030085293673
100029491630554
100029117714828
100028914090807
100028122077764
100027281860964
100017211673823
100037770887871
100037353758377
100036687123228
100036596724318
100035938514872
100035500238200
100035482459348
100035240619651
100034934243813
100034451022885
100034339089681
100033682928011
100033561974169
100031517831033
100031505293508
100029170874613
100028918592219
100028322762515
100028065221783
100027835639502
100027700307880
100027184087876
100026913351697
100024060607351
100023474149129
100035483520014
100032128732252
100028892297234
100028849188333
100028782683481
100028522911256
100027659599826
100026338983509
100034531583592
100036802455841
100034684210181
100034369614343
100029092307959
100026974561805
100003873644626
100037417332341
100037309685522
100035999625067
100035919786564
100034573294212
100030235305333
100028254579168
100027920225142
100027540456185
100022549652583
100011951388311
100037686787390
100036911805069
100035270707352
100029511494722
100028142499191
100027108365356
100022951997559
100021725495138
100016967951695
100013932189059
100037640645226
100037197858398
100035134295618
100032965787868
100029752986865
100027710813114
100027378360528
100027238522351
100035662284142
100035536876072
100034815192293
100037525360217
100035050022345
100034815751771
100031179931675
100026708100054
100021989865706
100017653487353
100022939360577
100036062349022
100018500889370
100030100633019
100035419055698
100028204899701
100021845741438
100023887512209
100025327355784
100034843960735
100031557821997
100033755829347
100028019656648
100023231359175
100034581316524
100026076338782
100029360822725
100025429920576
100008524088302
100028980035223
100022479161183
100026894682829
100023641665157
100033839301836
100026931002444
100033781028508
100032789971136
100034332803989
100036582220795
100034219200871
100028726920185
100030293916006
100001793848145
100035496070953
100024896088015
100032299470150
100013656343680
100033540913902
100037709777381
100035166633374
100027776673281
100022186787068
100036919368925
100036529101683
100034367811670
100032166949885
100029426982855
100027973760813
100026207441459
100018416688187
100027220913452
100011971306631
100028388552313
100036455764923
100037947991569
100015688801022
100027396995236
100031679419219
100023642766631
100035026806782
100029006259780
100036745116382
100034803210361
100033940800772
100029702777419
100027134130188
100037650832426
100034646838667
100034049560121
100032938390709
100031415735578
100026995027367
100025387132959
100033050913441
100028115531965
100018124321064
100028536487278
100012430151355
100035146913409
100027504153308
100033813161415
100032442935118
100035765719284
100027880601195
100037854036020
100034709591642
100033888232668
100026172587431
100003750294611
100013781705874
100036911359770
100035480182919
100033696492833
100031533511111
100030888522836
100026012474229
100035597320266
100028762268290
100032390490644
100019144065379
100016282473595
100036048223280
100028832450446
100028747812532
100028157528647
100012797616617
100034002512244
100029843912187
100032085791493
100028367353510
100037424825309
100035583345003
100029704685448
100027728059576
100035962764358
100023894944179
100037784093428
100028583731417
100027108344746
100025103764548
100037914604593
100034923578671
100032826065613
100031143066345
100028583735063
100026896845833
100023612175438
100014751515776
100026478860630
100029009989095
100032560789860
100036060944732
100035088396147
100030271565689
100027953628148
100036717437394
100035208334429
100033894911988
100026991060457
100037696518450
100034916613347
100037861161207
100038350353607
100034440974162
100023001286595
100030614742788
100037247993930
100036422633709
100034615185050
100036426554397
100023437543740
100035925076681
100035024253457
100031772086477
100031329067695
100028522443206
100027217714539
100025113433450
100023097591389
100036117785714
100013442714061
100017178396689
100037198062471
100035866562728
100031799240032
100025969292825
100034806540533
100025400053112
100026619768685
100030553066509
100029828451671
100029781404117
100028408382425
100034244417823
100031848472844
100025912548964
100026460422856
100027621640787
100035493936751
100036763293570
100036732003769
100034004332618
100027620075319
100023573254225
100034673353097
100022119968592
100035952284714
100032599325049
100029596039729
100034745894840
100036170092943
100031139468916
100029682529038
100036147100902
100033526833505
100028886287698
100021689344922
100012586719796
100036622695792
100035868813918
100034034142302
100029715312963
100028477043525
100037504513135
100037271871039
100034238417993
100028457735032
100036221895552
100031891063827
100028181421399
100025505296331
100024978138329
100003746537132
100038167632320
100035245631334
100035224250672
100034716436398
100034231192176
100034069323805
100033994422252
100033454232268
100032982073652
100032401680159
100031321741975
100024369664163
100015713526641
100013916044332
100037702633222
100037702631525
100037310211957
100036820131543
100035038398225
100034756514530
100033264430018
100015263386726
100037694859502
100037604041500
100037419304897
100037132848863
100036897982740
100036170071309
100034803848207
100033940684002
100033467295151
100033383310110
100032426916581
100032383666023
100030010568402
100038051033644
100037701752925
100037491494107
100037365587745
100036461766449
100036138603277
100035436885181
100035229855724
100034029482670
100033818738869
100029936298491
100029220518801
100028323402528
100027979935556
100027698053487
100025635511585
100022098136071
100020658919305
100020138552947
100018107802354
100014686594348
100003640561292
100035550395761
100034697164606
100037832265391
100036843970858
100035143084583
100034152424654
100032835823797
100030837881060
100029476313692
100028977491480
100027765788128
100024715240587
100024481981346
100013428330380
100001552034129
100037434065696
100035941790116
100035891693130
100035797922814
100034557841311
100034263995581
100027931802157
100027641162829
100027391452310
100027110616780
100022747697136
100019293914411
100018285163788
100037195341419
100037059132590
100036820682466
100029113960080
100027895069326
100037964281753
100037712775655
100034116906227
100030441618014
100026014354932
100020939585576
100017872536133
100037497831556
100037401876077
100037045759002
100035732555029
100035311395598
100032931261884
100026729462644
100024601241470
100024198319903
100021608648376
100021123244179
100013933500363
100035614463843
100034288060836
100033774375467
100032768121746
100029766548933
100029176475835
100024210970335
100036667096028
100035544465872
100035077897112
100033920448932
100032944893368
100030398921583
100028786153069
100028113042311
100027431880501
100023695873386
100018872081086
100037482882890
100037252849348
100036525465851
100036336150020
100036176927843
100035997991488
100035457012300
100035207017201
100034790291746
100032875303764
100031110100706
100028401001367
100026488210356
100022223571448
100017397996550
100011426855901
100037799674976
100037700987240
100037617665518
100037179156330
100036636000041
100036417062461
100036138228328
100036014052522
100035621168403
100035407514492
100034382197643
100034369304095
100034244842440
100033832389623
100033361602908
100032811271875
100032695683352
100031917946461
100031110109664
100027898181719
100027323474545
100026691828320
100021978583284
100018118759452
100037958749403
100037802202492
100037787393330
100037438871748
100037217671052
100036297452578
100036167653073
100034735991975
100034519662161
100029075201785
100028487722333
100037224083660
100036991104081
100036352758150
100036086056311
100035744812535
100035684056431
100035496880877
100035445099075
100035284332858
100034182161550
100033712935131
100031974831043
100031879434044
100027839825843
100025814238667
100025133496390
100015041163614
100014838910576
100036980739279
100036919632641
100028331269153
100026775821997
100025175973534
100024393024255
100016238256938
100035865543944
100037565910836
100037286783827
100036894289856
100036748632641
100035927083015
100035807473349
100034932907007
100034378553833
100033800267592
100032630377367
100030919230101
100027114180572
100024248771112
100022579603536
100031160050210
100014850012670
100004165543718
100035882285463
100031471634044
100029948702102
100026511335565
100035276675937
100037582073795
100036736177384
100031741923871
100030316245368
100026686569827
100026677360780
100024992411505
100022472315608
100037159391635
100035669535739
100025116194424
100014016814943
100036614285192
100036079200209
100035947875404
100033208221329
100030472802883
100027739328594
100026686329982
100037319886366
100037313463231
100036219044367
100035958185556
100035707669026
100035090117857
100034675981482
100034365998355
100032694700131
100029269571025
100027963772698
100023724814891
100011201388088
100037328220214
100036742566887
100036524444744
100034911332303
100033285917457
100030907741065
100029424093563
100028429250494
100027768109281
100027182683239
100026290683774
100024054011250
100023012058749
100013912457840
100036369890636
100035777373979
100035393551496
100033815506541
100029247283795
100028858326981
100027450429014
100025209542132
100023466137851
100022050460681
100034612393098
100033301459227
100024498920739
100018889030743
100034418835940
100034138936288
100032620720404
100030749273966
100029870928378
100028659398961
100027567500394
100025152759922
100023925171827
100009354705362
100030361505973
100036731934233
100036691000246
100036217602298
100036109064943
100035908304327
100033796924726
100036261742109
100035324207470
100035133754971
100034374181439
100034369728927
100033693317945
100030740526191
100029279994270
100028523343213
100013171514035
100037281038030
100035036413930
100034831203202
100028732163422
100027340841635
100021064791268
100014893989863
100037026681003
100036216862518
100035405674823
100033290386077
100033046653273
100028360362562
100022731969841
100033139745559
100037995557160
100033473747340
100037700238694
100036531572999
100035957526343
100030146715088
100030086116029
100026920210883
100024237572555
100022744490140
100034986605437
100037792290760
100037787130069
100036995761995
100035566185550
100034756206848
100034750329085
100034748780914
100034272071954
100033503868024
100027983214371
100027216017961
100037641885251
100027049388823
100026662599643
100024064246974
100030544840221
100037657144715
100037347573554
100036287792605
100034883700449
100026149241250
100017668231462
100017433272197
100037478753747
100033634614120
100027379450434
100027366274143
100036778847251
100035542985088
100034932064532
100034636293208
100034025467006
100032544180520
100030578466054
100024684780177
100034899542628
100037920425653
100037583687346
100036819590672
100035526462483
100024471820190
100021316097221
100034842274685
100037995847472
100036243638622
100035555414650
100035202575218
100034717942143
100029346949917
100035041480867
100037907326040
100034978328487
100034312748785
100033152534259
100018622420265
100038012562513
100034934118862
100034270011894
100033786196795
100032177234318
100028325139079
100032981300031
100032407672576
100029760607047
100033037578687
100024196272796
100035280112674
100033810741125
100028393491557
100027216120499
100027092202178
100007391926900
100034893915124
100030055367493
100035823982607
100034946118969
100034093095574
100028297534970
100024389672132
100024284348422
100015047138956
100005162853782
100034460620836
100036181715958
100011387791418
100010462320118
100035168020124
100037898765447
100037149350427
100034099787116
100019396591867
100035200042115
100033176843600
100028824829459
100026607830782
100023992890383
100018831672635
100015422194388
100037798929828
100035568194065
100035409090062
100034731091882
100034711823516
100033023311693
100031344187543
100027299562236
100025786869934
100024625870192
100009795949255
100037823474806
100037494858380
100037406641957
100037314614842
100036745247334
100036212991601
100035808918042
100035491609578
100034712854004
100033590690682
100031852745574
100030529533207
100029931616757
100027359766078
100027344802664
100026541820097
100026063400201
100022175538122
100038104278421
100035772214671
100034956794590
100034419045863
100034047052419
100033906433709
100033702306663
100028685916415
100028491137854
100022257711170
100016699181961
100004029745138
100037229161241
100037024821158
100035785402145
100035127666834
100014356532392
100036476830121
100029391784524
100028144652060
100037629547658
100037395431334
100037281314747
100037062711699
100035793673034
100035188153610
100035095650425
100033583651433
100033285723215
100032360662458
100028446883505
100028408033262
100025916287516
100023772978993
100023706264026
100037844690246
100037276156220
100037039954953
100036572821753
100036284312597
100036276966929
100036274329082
100036096612926
100035923162390
100034945363460
100033767041297
100033759308736
100032230590144
100031373590530
100030967200695
100030886188250
100030284028385
100029833219345
100029266356302
100025740732343
100024858790988
100023152657708
100012599531917
100010211701038
100005429019626
100037723360240
100036907366061
100036436641795
100036377362551
100035800014064
100035718405842
100034037504438
100033413702805
100031739771039
100029230664803
100026763215814
100017672821266
100002650160014
100037887801403
100026780732321
100037013627958
100036614058260
100031311691054
100024135693083
100021654738695
100034707063038
100037873894919
100037428644506
100037370767803
100037244927478
100037022890107
100035896780025
100035653896298
100035221531132
100034834540868
100032289640851
100032030114700
100031468113160
100031136046539
100029360342420
100023008510998
100018869676324
100015401880197
100027631758841
100037773133312
100037755374977
100035639681256
100035512150778
100034973833511
100033765211064
100033303219691
100033041553936
100032967214438
100032201884882
100028514796535
100027362460516
100023571200527
100037831092441
100037669880656
100035970121626
100035679710146
100030808593626
100029895632156
100027649412592
100026696591321
100016735069164
100003454798486
100036570407940
100035222017026
100038370545698
100037951117698
100037772750886
100037573088187
100035969374347
100034545694333
100033941915475
100029490480222
100037926351091
100037038263402
100036360067874
100036230770022
100036017929489
100035801831913
100035630347335
100035293951952
100034900026369
100034086320249
100033955670394
100033138853302
100032695662484
100031794891480
100030619761528
100028606162539
100025569039329
100023479910604
100037949673593
100037706962425
100035746275219
100034720788160
100034307018715
100031311708280
100029633750282
100018216183685
100037851857031
100037633781795
100037413434919
100037305982460
100036915260371
100036564217255
100035982440325
100035693689371
100035439666482
100034866321305
100034789372690
100034491520304
100029620874236
100029062160470
100027183641437
100027170779327
100013257570877
100037922287788
100035436399998
100037524555690
100014001909362
100031212697601
100023811063396
100037121706302
100030833137707
100013552771731
100035538184042
100034193273881
100029436580439
100008767925508
100035929955265
100035009452384
100034647560993
100030985800520
100029282357915
100026925394919
100024554717139
100017334437338
100029710971564
100024597199289
100016680484938
100031950082442
100037264252576
100036695298148
100036695287297
100036465159057
100036370187554
100035635443414
100034330251063
100031330218690
100027942160194
100024659385458
100020500447947
100011677061441
100036254430401
100034995399545
100031977081314
100029297544243
100024804109570
100038398230779
100037909546631
100028187559843
100024212493256
100023481695371
100021713011937
100037692832375
100037673660801
100037474843438
100037336298779
100036308744306
100035624957978
100033838491712
100032643902282
100030738141496
100029487439008
100028703524706
100028591849531
100026640913951
100037817316534
100028474755545
100034491691658
100033984735068
100031825899048
100029967890505
100029117264321
100026715586777
100029292079250
100038246889059
100034739322748
100034345221584
100033924781150
100030211643731
100028919172984
100028704362668
100028672373104
100028307539969
100027204455618
100027193574094
100027123351606
100026716689223
100024812731218
100024283266954
100023163555764
100036667053795
100036487995999
100035035842644
100028852753825
100023035299944
100021173327881
100000953673783
100037405860894
100037260450847
100037097536465
100035949124230
100034595260453
100034192170326
100033752767886
100030480528358
100028617002402
100028520946109
100015415022418
100012967842964
100033883304290
100037548963112
100037239695382
100036850689628
100036664152184
100036535004322
100036013902390
100035925614964
100034772303858
100034177843530
100033019849736
100028414764015
100027491064283
100026886193547
100026663934021
100025648130214
100022416880694
100021170770471
100013795091683
100013171452634
100037100913419
100030896340268
100027408770940
100034417929390
100022767856604
100036304397295
100035249050228
100034549897061
100032697616459
100036991131307
100033532503326
100033331851886
100032528977231
100037186008739
100036984229421
100036721421109
100036448643400
100035893040835
100035792260339
100035508284143
100035218368863
100034033870981
100033538991011
100033517866492
100031852747375
100031071709963
100030780099278
100030342400436
100029325768213
100029219111157
100028826899644
100021929882058
100034897837735
100037582613652
100035118982509
100032742770152
100029437663624
100028075341104
100026757570731
100022164061137
100009608980935
100035635752604
100032697616762
100031780144305
100028627472684
100027837950172
100016012335485
100037294432751
100037038345541
100036614014936
100035693931371
100035413340342
100035411202296
100034406589732
100033312524714
100031891951279
100027682759517
100013037078943
100001484829654
100037388747313
100037758961856
100023253984050
100022492985356
100037890901719
100035298605806
100023596341390
100035714717399
100034958259735
100029503394322
100028277538764
100027901322216
100029030507895
100019411837025
100037147534671
100037097238821
100037056365828
100036025639226
100035661098185
100035146416818
100028243177613
100027630157002
100003301041215
100035143564590
100030928320410
100030899812631
100028270969838
100025531560572
100037146109915
100036922904072
100031144724022
100026103796083
100007556233892
100037791815795
100036840165750
100035358383019
100030737743776
100029016588296
100028143750620
100027359182762
100013167247184
100037150293101
100034197364596
100029792947113
100029232851934
100028937231751
100015782856611
100037962254352
100037684688072
100037664642617
100037199470138
100035967391513
100035847816513
100034195514715
100032752781958
100029192143669
100028708241167
100027389585746
100037529540907
100037410544307
100035334246625
100034177070605
100033880822431
100027630497742
100023051093437
100021721751398
100037424798800
100037058138099
100022358627767
100037722543470
100037447488648
100037146494747
100036547603533
100035849884002
100035794004775
100035249899551
100034584615496
100031381992885
100021530585207
100015406687247
100012986824702
100035153207001
100037221886766
100036488625585
100036242205634
100036022232691
100034854097100
100030990321029
100028377048152
100026356711507
100025607701633
100022612881325
100020254569910
100037807189664
100036840705403
100034620372636
100032808371431
100029253785476
100014544638342
100037270026287
100036413402903
100036411400350
100036199959891
100036104002419
100035519235293
100034156050861
100032636684751
100024504914307
100030220144575
100035489072993
100023563791699
100037824550476
100033742997953
100030579246393
100027890751914
100017335568026
100037292898515
100035931691477
100034532692117
100033730514493
100030105887485
100027244560835
100023499840349
100023110366033
100022918511750
100036455362033
100035972959376
100034216110425
100032770143818
100031973991854
100031946183569
100028511420909
100028187703850
100023671475124
100016138304945
100013184773127
100011134175070
100036101773453
100034706723915
100028499091815
100027265204178
100036136020511
100035376374023
100035052185565
100034414188554
100032006227357
100030577723856
100028794964234
100028280391578
100028065352913
100027215616514
100026078200117
100026037425279
100025483427830
100024182028248
100022090122772
100034756155827
100038091180330
100037782793262
100037105163496
100034725533974
100033880396552
100032514817806
100031469494363
100031199596912
100029921222534
100028170288705
100027373629286
100025824156352
100022900427770
100012702070754
100037255059991
100016851154247
100036589364440
100035690924125
100035626490254
100035411856531
100035196052562
100032566519462
100028645801729
100024677738526
100015791927427
100013012532560
100034639414071
100034261175779
100027746252610
100037194639412
100036121240438
100034773636007
100031133182105
100037919562197
100037619573619
100036928282027
100036123337552
100034347217150
100032399799973
100029182272585
100028845841379
100026757395699
100025744363226
100038055364259
100037973312626
100037893943323
100036816527477
100036704064256
100036345396027
100035446637702
100035422063446
100031165459830
100016932886859
100036911237996
100035987316061
100035765050933
100034747283795
100033905790711
100031541405785
100030253733315
100028534242941
100028399552635
100027255701214
100026716960770
100024603408222
100022208355653
100021858910351
100015874544165
100014189886745
100011457023500
100008016158784
100038062386027
100037919568825
100037379597991
100037302754843
100034898300991
100034766183983
100033360800446
100032104849974
100031012682755
100029973844917
100026803990347
100036277416186
100036270734911
100035539063779
100031133356989
100029054505615
100024967503850
100024182327491
100021718186345
100020147431663
100015440252299
100037894571369
100037458757178
100035850883303
100035653398445
100035653388132
100035502720345
100035367609001
100035227880272
100034519086952
100033359079037
100032428714533
100029184158463
100027874899633
100027169279236
100023850071810
100035510083814
100026024832734
100037869752308
100037695474300
100037036869454
100035879078011
100035630023103
100034785883646
100033941749103
100031938885406
100031110721077
100029101337523
100028392708106
100027521775098
100027439651938
100026919020011
100024533355999
100021776414895
100019660981685
100035770430826
100033855710831
100033434558696
100030648394965
100024895763456
100024511665772
100037835767360
100037604496343
100037364441649
100036982519385
100036714741420
100036458986761
100036348301126
100035753602323
100035042438172
100031336600418
100030543673176
100030534551348
100030471422072
100030371012942
100035439344429
100034531488620
100032590599533
100011952853783
100036612585396
100030605106748
100025746130036
100023957812712
100037675321562
100032873411151
100031512278139
100029232785463
100026479398155
100037262044777
100026331040912
100031816211262
100034179801868
100023709677752
100034503697106
100022063032316
100024965583998
100026449638017
100020748464237
100028176590210
100029314114376
100036852351245
100028037026392
100036278058219
100027564405912
100036984916017
100029421075201
100036827362494
100037569367802
100035318940048
100035160854689
100027817233154
100011766672870
100031678455898
100026444416843
100016777757944
100026950480409
100031216969120
100027992146489
100021780012720
100033133298688
100029711828827
100033711333561
100016987752091
100026768052631
100036054465421
100038114974340
100029269383090
100036444287576
100034408102674
100032210843923
100027538025415
100011702658561
100021104055498
100033935925437
100015170820028
100035512521179
100035651808476
100034611930448
100034018581609
100031712866804
100025837099068
100027050084282
100024368620839
100019197905266
100026763911756
100025092572861
100038150012766
100037828009943
100035336859021
100034849253968
100034097284996
100033567468660
100028918726857
100038025528182
100035404699411
100033444753973
100028346945523
100027537107469
100035088966804
100031986228029
100029207739051
100014926030031
100037061903569
100035701929297
100035307099865
100026795298246
100025759643332
100036071645790
100028006714465
100026866462274
100015514598560
100033417158065
100025752008861
100023523442017
100013434330787
100028613193755
100027369288809
100021105192551
100018073992708
100035191598771
100031305990344
100030511606964
100025942100492
100025540326102
100036907985930
100036088281040
100035652608047
100034316834442
100037816176937
100037633444505
100037440619722
100037153626611
100036826636810
100036551431360
100036301399189
100036154894393
100035349151582
100035034190611
100035004727760
100034883945153
100034471541284
100034133078414
100033663683230
100033512512833
100032810588642
100032400644832
100032346163963
100029286961601
100028166073515
100028161682383
100027769009592
100021495623507
100015510521370
100037740911374
100033867641748
100033831724864
100033135818901
100032073375127
100031875366584
100025641792674
100025480368993
100014313035589
100037839423951
100037766738450
100037765867564
100037708930935
100037632999794
100037294684937
100037062451663
100036819981494
100036698662167
100036059343103
100035682128584
100035438731176
100034456482454
100033585736730
100033398769007
100033392028528
100033119415155
100031175719418
100031146830777
100031089163829
100029425921349
100027992151111
100025487271781
100024162609049
100023553433889
100016592865782
100037955222776
100037914166626
100037745445468
100037462779112
100036859339979
100033818033930
100033727222188
100032537136370
100028719160305
100023045374015
100037650051850
100037310370261
100037262266966
100037247827722
100036792337874
100036728610178
100036632808368
100034896823652
100033293790989
100030481819500
100029983313081
100029615387064
100029184493854
100028791231519
100025950051772
100023924769666
100018981583323
100012216573821
100037894956231
100037535018361
100037468883061
100036790543965
100036696042502
100036677670555
100036653183767
100036388368682
100035715816046
100035560010635
100035214041291
100034893428057
100034088809851
100031674983227
100031456509024
100031102244138
100031085524640
100030821526320
100030580641666
100030214119677
100029106952535
100025213293574
100024709848416
100024335438090
100023731148768
100020105352121
100017047805318
100016395241249
100038226003835
100037864794155
100037664533524
100035635880443
100032802426638
100029129763495
100028419647860
100012438967058
100035704800606
100034783575652
100032921266775
100027753047377
100027134986269
100024558543309
100016134842964
100037648963715
100037639609885
100037452859818
100036988486011
100035638719540
100035264730204
100034955962301
100034570640387
100034356435580
100029295310214
100028076151319
100027500770690
100036836853667
100026035002066
100036912543172
100034592867837
100034284767779
100033636495614
100030782993214
100030127280539
100030111891963
100028716939373
100024362683793
100037162901661
100037027086159
100035782157610
100029407144893
100035571580372
100037965399516
100037955991342
100035348294202
100028936013612
100017115701649
100037440036116
100037362400338
100031588905372
100030717786348
100029511607647
100029488238856
100029070334459
100027101493822
100026185012238
100024659619656
100004326450052
100026920094665
100021804165295
100037190330876
100028051891627
100022460992719
100037564996191
100037346598583
100037055978929
100030264322866
100027990501577
100027347390303
100018437401702
100038060496097
100037564984233
100037488194451
100035637522593
100035038260281
100034910850469
100028759086845
100015994502616
100037774126050
100036037813342
100035894970200
100032162956427
100023631483310
100023048650615
100022499898992
100030701754112
100025585609915
100025387784235
100024980389863
100023537600160
100019536572863
100036265984219
100036087913357
100038011456278
100036399704660
100031194332244
100026547408495
100025246543919
100024998310432
100009475902797
100029524531999
100035279431875
100034768703367
100035009897242
100030131415567
100026596216123
100025548231983
100019300650711
100013249334989
100028791139549
100028673053758
100034744818180
100034588063933
100037123210892
100034142199402
100032991557691
100032627793282
100031438549123
100029883793135
100027449715789
100025036577150
100022944881301
100018259572503
100017569122284
100016653103834
100014876354646
100027102371959
100012799245842
100033166593457
100032381081793
100034378884367
100031579728084
100030718936025
100029837490027
100035499374652
100034956725518
100018010831104
100014290424991
100034239530726
100031581593785
100027748935452
100023518444676
100013861964631
100010126512785
100035986895317
100035813018037
100035029612974
100034792775836
100030977777164
100023386208801
100009963516033
100036982220017
100036866242417
100035715392625
100031477667190
100030516450602
100026996506800
100026862952157
100037737346552
100037445986038
100037201818360
100037013773182
100036709803411
100036260434382
100035944232233
100034471332192
100034439506234
100034394508902
100033887303662
100033824058449
100030585483555
100029635062201
100027175458794
100027067881351
100023481370713
100013048023221
100038072528634
100037029953248
100036455255347
100036028620678
100035576923209
100035115241274
100031430087646
100030779561410
100027608933306
100026391129127
100025339572455
100024245091922
100023945200030
100013450842114
100037819159363
100037458137679
100034700882706
100034474391030
100029243888620
100028554429410
100027612468627
100027578831920
100026391123304
100017529945143
100012274327864
100035829050443
100028526614356
100007595717407
100027228553190
100026913800224
100030084457955
100009478459637
100037326789986
100032864766829
100029195454012
100037743165791
100034853086911
100037747687785
100028768322766
100026828745035
100026809209948
100002043848622
100030094295266
100027189668837
100013632401809
100037755195709
100028768327301
100037784132814
100037737674193
100037100897903
100036689813010
100035540933159
100035182369401
100034926797299
100034848832470
100031604933917
100025343538261
100036451352033
100036406816915
100035750920424
100035102225867
100035009120673
100034934692377
100033394005028
100030507814792
100030432934653
100029018544208
100026676293109
100025489751213
100023747467167
100037914136636
100037881224721
100036784119550
100036784117540
100036124419656
100035750911688
100035598162401
100032505188892
100032063572416
100028888116148
100008950150886
100037887994397
100036315106344
100035996866690
100035932806081
100033684150623
100032859881340
100032312115722
100026748181031
100026085607142
100014842176193
100029140873963
100027815648601
100037409955692
100027877784572
100026974728473
100026680788971
100032207345947
100012290926732
100007247375157
100004499702295
100038053699642
100035455840052
100031118469788
100028001842469
100010628058195
100037743171025
100037326781901
100036396367485
100035109911852
100032242831900
100026994462298
100023688648878
100014033928677
100010061881248
100037587516483
100012305712867
100037377022471
100034867123095
100021992260229
100009682459091
100036628460604
100035035336301
100028145364352
100026995325675
100037435878141
100035036340542
100033679129877
100030433691705
100027851926901
100027045219711
100022665434415
100015442051767
100009623801247
100037547131314
100037401662944
100035966027753
100035883885328
100035568005037
100035290487545
100033498829477
100030841602681
100027039092696
100026129480873
100022041846221
100033758861371
100037090350833
100036711570626
100036286398117
100036218083173
100034879449512
100034262893890
100034007110819
100029986790908
100029267971009
100027567218006
100018289844359
100034080967597
100033527853555
100028095643966
100037879427305
100036101526631
100036062581592
100035723775008
100035646820387
100035542374192
100034796988710
100034341401522
100034301031863
100034293740598
100034087601054
100033203441095
100032974189453
100032338535103
100032192832590
100030768393650
100029936708220
100028897869349
100028568683408
100028331450741
100028062997782
100008287515323
100036295064689
100035137472025
100025631169314
100023649106799
100023236057062
100014564464302
100037788484398
100036885944481
100035978735622
100033240643774
100025532416722
100015526657662
100036226914219
100036099288774
100035303238427
100035291179332
100034783209928
100034715880317
100034153264420
100033966863108
100031652087256
100030434289511
100025669983914
100025257669395
100025031201829
100023973908365
100022102814779
100021297002876
100013769835811
100038045375179
100037250715034
100035464776582
100034923304622
100033749585166
100030507849863
100026862372650
100026836268114
100023234434769
100037665482367
100036874774221
100036295747332
100033833466235
100033820149014
100033342707001
100032207871641
100031337947709
100016830996961
100008178099493
100038329118726
100031058138018
100027907263410
100008216340617
100037850361155
100036614208999
100036105003171
100035544411873
100035037738905
100033871091208
100031448123975
100030578152051
100030197418685
100030158838411
100028249974323
100028249953818
100027750782211
100025839664714
100025088354852
100013127446258
100036621822839
100036396673334
100035205981706
100033495517453
100030829592776
100030077061233
100028350758930
100025022253254
100014458570604
100036119978029
100022260671028
100038277241798
100037820775042
100037588388193
100037474951396
100036916041014
100036551602673
100036472774551
100036062196713
100035638292411
100035562034542
100035406246049
100035331260992
100034944042061
100034539900817
100034503911454
100034268959796
100033932343024
100033919128778
100033697745013
100033319094391
100031061843169
100030939516426
100030341959856
100028382054618
100027446912159
100026847044988
100026542549312
100025292256231
100018693367797
100037642574221
100037328554133
100035882175622
100035490766219
100035451743138
100035207403186
100034782524300
100034257783482
100033867922109
100033412745642
100032316611860
100031495026767
100030553608144
100029513706770
100027250102619
100036826188799
100037669516659
100037602952618
100037260260166
100035007126680
100030523476573
100029154185015
100027460143931
100026652398323
100025144380568
100023860935377
100023336089896
100022507634191
100013432544473
100036133612777
100035374784137
100034818761700
100033829425041
100031363774838
100028563793095
100027525280101
100026750103302
100008427391533
100037909216476
100036261533519
100036157331384
100035780042048
100035042903036
100034386428782
100033298903331
100030310250318
100013119996601
100037957845921
100037770681967
100037501658928
100037373661879
100037271240974
100037244993992
100036869478737
100036335774552
100035694002462
100035639827081
100034977602287
100034800554634
100034437437784
100034340588741
100034016202496
100033911063644
100033529263083
100033432173786
100032285768063
100032130616491
100032033673884
100031550753945
100031206679387
100030539632364
100029110810601
100023980872787
100022366101513
100018371958386
100015523899222
100014318414997
100013824720267
100012781215465
100023059053539
100035444844222
100015807917037
100034727266543
100026695592588
100022238505976
100037759155022
100035588760539
100035548281723
100035519713212
100037823844041
100036951103273
100036095962735
100033345323272
100030946986010
100030887538049
100030170333969
100026944753152
100022021759181
100037704638866
100037542885911
100034764844698
100017891837492
100037867750988
100037733361665
100037704652859
100037302398486
100037012170405
100036547233662
100035582567236
100035444832895
100034613980282
100029489895923
100029454969319
100028636980242
100028459272045
100027319207356
100025488201363
100024072363781
100021969547303
100010548273159
100034519613988
100031942600311
100021501172609
100036860197539
100033717442430
100009835635563
100005422095032
100038078501594
100037794077405
100037631080055
100037413817223
100037367990816
100036876043318
100034419731252
100031644196260
100024906887444
100019498425004
100019030893063
100037527001692
100037521696117
100034238550735
100029148667323
100028405224341
100027320206840
100026792540842
100025496971717
100015316421304
100014728806292
100038004857606
100037833274355
100036661569977
100036608179028
100036527513051
100036394591258
100036071371857
100035789799164
100034825964480
100034691771116
100034559103704
100033834608024
100030427755483
