100033441767560
100030639306523
100027786648267
100037920672684
100035295533476
100037765043822
100024896730464
100038088848112
100037957894343
100037783097182
100037455434602
100037211540287
100036400681152
100035725389172
100034782767757
100033610503390
100030383028813
100028937564084
100028492743994
100027537202576
100027395230915
100014868252783
100011970194819
100010367943787
100006062499260
100038140193825
100037307558796
100036548406551
100035650712480
100034501922821
100034260134841
100032644009835
100031477363658
100029117282742
100026643648727
100026473486727
100022897672366
100017147376721
100015085050872
100013897802685
100013733290729
100009743446913
100008218174087
100005010878766
100034897832419
100027066756155
100015122208153
100015709806031
100014163559352
100029023478781
100022014231774
100026482743534
100010388948741
100036373882352
100034073709710
100032318925047
100028645573853
100023870948534
100023725511354
100027825172416
100033723788297
100033565789928
100015922925602
100017366836085
100024744601040
100030959473950
100029828852598
100029148667323
100037052079104
100031101316081
100038307633924
100028481146644
100028178195344
100025272005726
100027793367748
100035836661747
100022260077853
100002049594189
100038247512924
100035811157710
100035333474093
100035242719344
100034494523581
100033190789482
100029276360786
100028802857097
100026747109420
100025746680609
100024784272374
100023083207495
100021847599858
100021839897285
100016295590198
100014757762458
100009521280131
100004834459160
100017508978545
100018732788977
100033902591664
100031178384162
100034258122224
100029244172661
100017610451725
100012628627187
100027189245027
100006352834242
100027922489248
100037456334156
100035827717686
100033884370780
100030319384431
100029844602354
100029621334041
100029516105502
100028361823362
100027434075890
100026014608524
100025620194022
100024852392020
100024134407190
100022076732802
100021285159785
100010016499021
100007268581368
100001492716972
100037853464282
100035864582366
100035211075839
100033057368404
100031896485649
100028765630057
100028758053893
100028009725794
100027949650859
100026564389185
100025037070734
100022523835035
100022087966466
100015685000230
100014900888958
100014269415509
100013394773499
100000225118853
100037486596935
100034821909625
100034395550206
100033574453157
100030966932811
100030728100723
100030716323740
100028988480865
100028809128581
100028632561305
100028458972650
100027695601211
100022481478276
100015581504964
100013595800901
100012219001788
100011363315023
100011282650615
100009389933890
100033870763407
100028815843873
100015667562315
100009524946874
100037869786319
100029049706882
100012733836552
100031804364676
100032296842359
100033637900460
100034122015884
100037883706996
100037778083347
100037704671178
100036695661161
100036680719275
100036628146327
100036424666524
100036050917315
100035739458580
100035636959793
100035068607342
100034243927798
100033287482867
100030896375383
100029921670349
100026272271420
100026126359646
100024975383466
100011363734839
100037125040743
100036148134030
100035940572435
100035888678087
100034691436571
100034579001820
100033529531201
100032907978923
100031394795038
100030088410911
100028649261430
100026607830782
100024815477529
100018058367533
100015970115386
100013565918342
100012007391511
100010369123645
100003467050065
100003242726924
100036023555474
100022339848734
100027514367391
100013351129513
100023708644702
100030068855190
100037861938029
100037683437082
100037671075206
100036813918725
100036808653316
100036677372620
100036321683508
100036298253096
100035914113836
100035700963342
100034866933840
100034474391030
100034164631984
100033958448102
100033769824211
100033174316331
100031467363025
100030150692079
100029102565221
100028991417677
100028346705983
100028006457613
100027149822594
100027054788395
100026954071791
100026449400762
100026423743333
100026290152763
100025893637141
100025781420557
100024609615206
100019984655894
100018667607131
100012387994267
100006909034036
100001964526605
100036998535440
100021761747326
100030286361097
100026932905868
100036204798957
100035913541734
100035284100334
100034883413138
100034372304240
100034250301667
100034111567580
100033505383008
100032153100947
100030224392852
100029961708470
100028206400390
100026923266473
100023920802499
100023483477644
100023119597937
100013979915158
100012842431356
100006225280202
100002575757808
100037810207435
100037312154057
100037057752448
100036774075602
100036585947635
100036302987171
100035787482400
100035481721568
100035253229782
100035249826970
100035161186670
100034953551087
100034824922175
100034250741676
100033703593478
100033655411488
100033482468055
100033140168122
100032285889044
100031569914486
100031206335445
100031197352278
100030967652606
100030466338329
100029361804253
100027720964303
100027554716029
100027508251362
100027303164016
100026855626806
100025033837138
100024057313052
100023661052279
100021993015265
100021829158958
100015538090109
100014603226215
100006915527087
100030758613640
100028929247885
100003643146611
100033450526269
100037266136036
100037225895621
100036895712367
100036566741713
100036233959535
100036087525003
100035894970200
100035548875036
100034574141071
100033958504926
100033003075349
100032584896287
100031036693339
100030703672997
100029979074338
100029110668500
100028870725444
100028834384358
100028803259215
100027221164994
100024539412774
100023790881860
100015422194388
100003895398855
100033442690481
100009974685312
100027383761919
100025985115185
100010585421816
100009915015014
100037310370261
100037255430183
100037203097011
100036952879905
100036885972984
100036851087127
100036497296754
100036388773661
100036267004247
100035954721821
100035942016070
100035941793848
100035193440758
100035151849341
100035003520359
100034795365230
100034531362908
100033916193528
100033542408536
100031973091381
100031767712887
100028716939373
100028310569261
100028257793663
100028004438058
100027622416295
100027565734161
100027243037187
100025506845084
100022355799369
100021903783634
100021877576001
100018998347861
100015130416676
100012984552361
100009198824775
100005788921099
100036473421538
100033655780080
100026669120012
100030136038900
100031214273999
100022216846325
100037613585910
100037147793348
100037026681003
100036193061525
100035172759563
100034931673267
100033551296343
100032909657565
100030388357888
100029143831336
100029130661043
100028730081888
100028673623373
100027041662492
100026346166189
100024982817334
100023726503691
100009610710850
100009372644019
100002527819735
100037544585525
100037057579938
100036227680104
100036207154996
100036053327291
100035851725607
100035838853834
100035687981135
100034714125871
100034672600761
100034600777587
100034412743081
100033278933407
100033009341281
100032967308264
100032132563356
100030565432974
100029316370791
100028640271396
100028357577941
100027631638836
100027396487218
100025468572831
100023938339574
100022389011294
100017194518938
100013345478045
100011953969292
100010840984369
100036823550281
100035567747126
100035565510439
100033483884687
100033298372250
100033167184075
100032996643932
100030753279453
100026817124102
100024903278231
100024304182188
100022877529976
100022034118140
100019823767550
100016917061301
100015843347576
100007571851508
100037010504446
100036705390466
100036556239515
100036271566103
100035610753347
100035339976316
100034674293276
100034476709719
100033496517446
100032142125725
100029958708856
100028506575632
100025028423081
100025005400182
100023930953623
100023047455387
100022567599681
100021770341586
100021641227770
100016784768839
100034874133651
100011410953737
100029171320370
100036118581859
100038003645121
100037265324370
100027998312324
100014699239401
100037097536465
100036471736727
100036390551654
100036251913365
100036193459101
100035524658286
100035452884269
100035266643551
100031198097108
100030900429508
100030353445708
100029725072296
100029162562542
100028548707594
100028513427255
100027963772698
100026290683774
100025135844384
100023456797574
100021466513987
100037440036116
100037427541714
100037170949910
100036689813010
100036122892847
100035779808144
100034795962787
100034730073653
100034666237095
100033944237912
100032772849731
100031620796122
100030294046379
100029714557727
100029168509984
100029132437498
100027909152659
100023587486603
100023576613018
100013739441575
100037635126852
100037133262875
100036775403630
100036552860362
100036225054225
100036224265303
100036203648304
100036172372527
100035853845360
100035737146107
100035718099716
100035181451975
100035112332106
100034503856083
100034417350031
100034391623407
100034340648142
100033523321678
100033042948264
100032602276375
100032576417115
100031743907195
100030293133920
100029856787522
100029069721335
100028715495201
100028176601460
100027602224268
100027520629261
100027371232575
100026521842494
100026156296988
100025299727484
100025119632813
100024459891999
100024388546045
100023803821728
100023677024589
100020159564196
100018245850922
100016617013084
100012782804598
100011774268717
100010566331889
100010447145689
100008316375570
100004775522849
100002981077293
100033342672761
100013714896182
100030748897991
100033610969222
100031941450227
100037148056109
100036628950227
100036377380475
100036239053178
100036168062342
100035098864282
100034382566940
100033903379948
100033723911777
100032870803759
100032018040855
100031310550894
100029339651977
100026696790834
100026252303853
100025429093805
100025381120812
100022081148668
100005785391389
100036628031903
100031706495846
100031244417147
100028264571057
100026897450708
100025596603460
100003360759198
100036667035346
100035965260321
100035673830268
100035492824842
100034055370143
100033240630120
100032046043574
100031597750836
100031015958761
100029756944191
100028996099474
100027487336871
100025870244911
100025050451725
100019583893301
100015282816951
100013426208600
100010397358214
100006233624923
100004007036968
100036263802917
100033784419373
100034140873736
100033171830040
100027044779319
100026502441353
100026358678673
100015109425167
100006076754949
100036300739403
100035864989392
100035489810959
100034956725518
100033940142561
100033881808980
100033729880857
100032871772480
100030498992665
100030297918342
100028866500307
100026125243413
100025114218830
100024243453087
100022589033396
100021867352541
100021064791268
100015207043264
100000357137091
100037138027909
100036980469378
100036472148407
100036294969184
100036208996018
100035888584457
100035801923998
100035798772436
100035539442525
100035478881290
100035461148387
100035376678224
100035352861676
100035294494834
100035183227970
100035179095239
100035093960614
100034589596511
100034564451061
100034271840685
100033816791739
100033745332656
100033568780916
100033076931013
100033005358384
100032727140738
100032695790921
100030062624060
100029217572877
100027538801501
100027318726079
100026370072272
100024517640591
100024512453702
100016134842964
100015471750292
100013054541201
100011192373885
100011079557111
100004776635847
100035561015932
100028321966975
100001645408856
100031903114452
100035380235590
100037549274521
100036585995915
100036241633956
100035553461601
100035313620277
100035134220883
100034757415296
100034633081707
100034551817193
100034378957110
100032742181696
100032358391849
100031311331066
100030398228828
100030164584079
100025148236295
100024125062186
100016689947053
100007012999314
100005039777901
100035837062274
100035830845115
100035811274132
100035744452196
100035531534300
100035423362052
100033671660757
100033186532770
100032240589390
100031718866165
100031478990355
100031233756545
100030277102221
100028958208023
100028092765954
100027889508401
100027436643921
100026852776012
100024017497298
100023599233137
100013426444602
100007381933992
100006426067650
100004951507468
100003651646231
100037282686298
100036632623708
100036435231516
100036120619203
100035414132275
100035311397726
100033986175451
100033587761630
100032337068512
100031920551327
100030533979320
100029479416315
100025897966684
100023927972911
100017930310523
100016506125590
100014351284870
100008397106441
100006360017678
100006020290709
100037588070270
100036504877782
100036321440651
100035883708004
100035840843920
100035404910788
100035093673477
100034451740301
100034352322783
100032358366598
100031901801472
100030895040902
100030439478545
100028620590827
100023464926952
100023223856751
100022329252077
100013081172280
100035715663680
100035456992536
100034469881954
100033887140384
100033460523911
100033395358849
100031729778629
100031219951280
100029860009991
100027444463467
100027028718160
100026940222775
100024168104451
100023789195246
100022459940257
100019206189462
100016010050002
100015283624596
100010539631892
100036737322457
100035366378084
100032770145588
100031717879486
100031297780055
100031050400440
100029257901185
100028939937342
100028140496255
100026950507059
100026906559876
100026527038609
100024288100345
100023578172164
100023310840748
100022959496331
100022645960250
100015236809059
100014722814451
100036542112704
100035756828926
100032850031793
100032179532866
100032088167937
100030863751350
100029351323448
100028430623346
100027680027542
100023795082817
100023592193464
100022622419563
100022142370143
100018982753612
100015192697422
100013320494664
100011471989645
100007845108508
100005830454996
100005478243671
100037646920881
100037453161528
100037400625254
100035093209496
100034789658773
100032865053562
100032250961006
100029395261692
100028500430068
100028097401853
100027250843120
100023270783783
100022770195132
100022040263937
100019491640090
100014125425484
100008050779505
100002615649581
100002491094746
100037006683361
100036910842932
100036875928001
100036832367247
100036824463723
100036213440947
100035985790897
100035537492277
100035289109427
100034831113594
100034823362243
100032626491559
100032311434226
100032147271669
100032142096968
100030290700512
100030117943003
100026796080683
100026688827527
100026161492718
100026079040302
100025201463922
100024962221130
100024077469847
100021803592789
100019680070487
100019322892016
100019186836038
100016437544518
100015225490163
100014197394551
100012995820392
100012177883053
100011686624520
100011216258970
100009744549480
100007635699392
100006599912091
100037121390186
100036568335221
100035047905799
100033541088202
100033264109913
100031089791173
100030609344694
100030453730402
100030013880055
100025903252262
100025588523525
100025552718943
100024442141357
100022136520372
100012822600784
100012001788960
100009355721326
100006369764863
100004557904388
100029243064317
100022704182221
100027983955024
100035628464032
100031172572672
100037140382057
100036316101469
100015624423181
100037406612414
100037290012426
100036994933827
100036853654657
100035686483784
100035313120488
100034806460358
100033167121505
100032637881955
100029279805185
100028703978113
100027611481733
100026842943477
100026735363491
100021866003997
100020639571882
100015942468639
100007749197176
100007594639445
100037587472662
100037384234771
100037373584763
100037005973675
100036779119661
100035348491419
100035307766479
100034149998399
100033697968432
100033281781593
100030447903066
100030171051612
100028758420233
100028750969808
100027948324093
100026660108154
100024881904324
100011741413604
100006645093222
100003325820622
100037688482376
100037151168963
100035975632416
100035349757982
100035251400435
100035106774389
100034856116289
100034846480832
100033441245789
100029725180868
100027951603230
100027612557792
100027419507724
100025506721494
100024429982735
100021579500928
100013120624835
100003979397237
100002041036436
100036820994526
100036391820936
100035667585199
100035648950845
100034998636615
100034553287061
100034494605223
100034375744561
100033448011420
100033311176775
100027946058844
100026432820665
100023730610275
100022455993975
100022184062639
100017688396972
100015437839492
100037626127402
100035837631414
100035461144110
100035407514492
100035064070938
100024486454690
100014555567334
100033806500260
100027658444980
100006473864930
100028031102589
100034615185050
100031426930753
100035933741004
100034403659723
100011982528664
100027781793570
100036578409142
100036539896689
100035429933914
100035220942333
100034732004509
100034661282978
100034028742512
100030577792365
100030505698283
100025981392813
100025280841922
100023784408686
100022139252665
100008456340683
100037151596551
100037138937802
100036063022030
100035314058057
100035307182568
100034940970577
100034609923197
100034302616016
100033116046166
100031600456740
100029811168102
100028515548741
100028296614555
100027076699937
100026681553501
100026579688428
100022580430290
100015683858985
100009363446225
100006863221218
100037495057212
100037225894235
100036415512521
100035683996314
100035663973724
100034143648255
100033782349552
100033593633309
100030152227896
100030151924282
100030147979094
100028307194849
100027745184071
100026452933279
100026386033699
100025918809849
100022652807769
100014382451340
100008736960295
100037252521348
100036298839527
100035897587705
100035398233171
100034950101410
100034801600655
100034611720589
100034542393530
100033727453994
100033095258841
100032936797582
100029942389806
100029863546504
100026993394195
100026607124168
100024304328272
100022010079341
100018476255585
100037039145773
100036156074573
100035902092147
100035318253195
100034421900772
100033462440252
100032202646960
100029888676849
100029834762365
100028674973721
100026528657388
100025841088624
100024543038219
100022467963983
100015202811749
100013682648769
100010623456975
100003540193507
100037183606626
100035584174245
100035409819439
100035344066475
100035277228160
100031536846170
100031080517345
100031054051557
100030665569413
100029420442393
100026556068445
100024802123655
100021574322109
100019351516383
100017456085665
100015611355856
100014401741527
100008047237378
100037674035896
100036819254723
100036599438535
100036302540178
100036169113007
100035664791127
100035562228894
100034954373372
100034828574876
100034828531769
100034254701272
100032429782725
100031814882581
100027481836147
100026968943633
100023881563898
100021589160328
100017112337712
100016810621039
100012787084592
100037270641501
100037159425281
100036959594849
100036875003879
100036770180138
100036371291287
100036220119665
100035935059797
100035527940336
100035268783470
100030941292329
100030342906963
100029723090726
100028173424962
100028097721758
100014611699185
100014331488114
100004162087442
100037066325470
100035523470880
100035055562712
100034936130264
100034657668216
100031699686120
100025217227748
100012649296334
100007692578819
100037362828717
100036507637545
100033562450374
100033244000749
100028284555068
100027055613568
100027008304303
100024061483635
100010023847702
100003735367077
100033473466223
100032898943431
100015138546893
100035969928021
100032032178482
100034719903724
100004805142088
100036768067219
100035609897154
100029222403138
100024717050976
100025041828001
100037376060383
100036963353468
100036849155301
100036163729709
100035991436447
100035937543546
100034805973815
100033833918010
100027913981359
100024642292124
100024247395868
100023909183473
100022947768728
100012796304911
100027089350266
100030829125549
100031295716574
100037583260316
100037510628564
100037449618199
100037439205564
100037431216025
100037346418197
100036531022694
100036039315956
100035830779951
100035770388947
100034834251954
100034678221992
100031983302216
100030236799994
100027946320609
100027579646439
100027068110904
100026859840427
100026684212438
100031592979248
100034988362687
100022923706900
100036324052853
100036267531125
100036210135772
100035580428436
100034188608888
100033644191697
100032425336863
100031460762362
100029912334261
100029421382565
100028488612777
100028343304313
100028330472848
100027644051276
100026957211781
100026707962665
100025869276126
100024544339379
100024061303919
100023234289784
100016388027635
100013495384045
100007370527048
100037665881812
100037315490648
100037176374876
100037162250702
100037035065314
100037025843801
100036697972239
100036573195024
100035905761816
100032714714191
100032445874698
100029743161795
100028753130392
100028376644621
100028317090288
100028229408466
100023307173468
100009761435193
100009339708614
100008402744573
100005063148276
100034934381894
100036990560685
100035757003386
100035237034247
100034304902322
100032245600796
100023730841537
100016910983415
100016111805565
100015854926878
100015853922397
100013863422792
100011617785653
100024356181386
100036642095691
100037765831166
100037278257663
100036233679093
100036121875394
100036061121442
100034628081386
100032794874970
100032637105069
100029420538151
100028685240726
100027277410670
100026372347975
100025202827133
100024897795270
100023746594591
100022346016737
100016648274628
100015421363686
100013339538293
100011406507441
100037442927186
100036793863874
100036703353323
100036580249662
100036350321398
100036097302145
100035297436684
100035095596381
100034567928572
100034434253263
100034229403917
100033740702006
100033112843748
100032926601540
100032310906246
100032171059184
100030819442746
100030651845633
100030464480936
100030135113838
100029931633949
100029574855649
100029320743686
100029114412071
100028242497205
100027740326325
100026600262857
100026501691688
100023852555902
100022319205522
100022202434817
100020331128500
100019718434116
100018995401918
100007183741707
100003477743685
100035291960273
100034703150614
100034391700262
100033659051257
100028758143953
100021535051097
100037477417127
100037153791280
100037007062518
100036587370827
100035549310682
100034996091183
100034780153962
100034615878126
100034477581704
100034118750368
100033386882190
100033222407977
100032156256280
100031970915008
100030835128555
100024733928987
100024398887518
100023365031719
100015308100256
100024778843696
100036980618561
100034767502411
100025248097553
100034643822619
100033790563364
100034237840581
100024826494376
100027132270636
100037159218128
100037035670135
100036106035330
100036057519998
100035205941591
100034088510325
100033712382039
100033630737481
100029930056582
100029610373095
100028761697775
100028457136670
100028335041686
100027865282830
100027523220851
100024447232047
100024293598606
100018314238904
100017737688082
100016972963295
100009213917749
100030302115925
100025750029951
100011573565568
100023009236977
100016667676816
100037520370498
100037451018877
100036875049291
100036732065604
100036456968317
100036430080945
100035283969321
100035000533522
100034844565749
100034842885241
100034778763926
100032661961263
100031508888148
100031251243566
100030778211462
100030754057977
100030695296836
100029958886485
100028651308984
100028612261716
100028280600469
100028032680218
100027419271114
100027311950483
100026317782327
100025401609505
100025084701696
100025018741357
100022705367728
100019472776003
100018773554628
100016306364641
100014879047174
100013505345307
100013308994463
100008648500681
100007107169111
100005846643225
100000069985809
100036748145741
100034713862871
100034405481743
100031520198095
100031243500319
100030332560170
100029628674245
100028414810896
100023524549747
100021879920907
100009375789945
100037044682731
100036675700047
100036614833897
100036290028568
100036134992656
100035669769233
100035505939814
100035225182245
100034221872734
100033741248280
100033103056347
100025944650947
100018254081687
100014903792999
100037161512333
100037079145284
100036353238858
100036026894186
100035331276947
100034093772018
100033921817223
100032768884767
100032443246085
100031390339682
100030234982470
100028758648339
100028493656978
100028489419273
100027979935556
100026782923299
100025099117063
100024383229196
100023821100958
100022250228729
100037676851524
100037066782384
100036114603604
100035768131502
100035722661770
100035339100960
100034756115398
100033033189616
100032309632151
100031212383847
100031168891683
100029203095921
100029189202732
100028567877995
100026718705982
100024086982753
100018452508830
100011960954005
100008773122815
100037694490058
100037194886847
100037005300372
100036138228328
100035870173793
100035799552582
100035103609668
100034918232877
100034710692471
100034564381818
100034526902125
100033445176170
100033159111741
100030128389367
100023883904225
100023734313585
100018451450087
100011798502480
100007305210520
100030327369243
100023450312563
100035752070630
100037664478792
100037434676953
100036985842506
100036877932076
100035915631322
100035888353238
100035501589865
100035281931707
100035234970710
100034586409181
100034380544026
100034318658621
100032762410979
100030944598572
100030089411482
100029156864491
100027515046719
100027131208038
100024183270294
100012604607403
100001854362326
100037708892515
100037171462728
100037019144778
100036955804456
100035742140255
100035083651497
100034908623631
100034663463955
100034653184743
100034604829656
100034132954359
100034094445601
100031023004638
100026772877924
100023342573246
100014044691691
100013008705603
100011019073210
100010063626157
100009410483659
100036854850364
100036077601851
100035859333280
100035844550294
100035438371287
100034931890181
100034647032045
100034296905400
100034040573329
100034018628171
100033558382332
100033265411865
100032837795285
100028814042063
100028794991886
100028555952882
100028424393502
100027943489434
100026792171937
100025349253073
100024305552720
100018819547155
100018734558940
100016758941381
100015216905443
100014574815112
100013777240712
100010583139847
100006938942453
100035204269760
100035184994461
100030585755985
100026998343072
100018675120589
100030620241442
100016101427596
100037053015645
100037698482947
100037648263476
100037452930941
100037410247929
100036705044587
100036533629945
100036441345737
100036172632588
100036022593062
100035505831338
100035467188300
100035363839242
100035360738853
100035216281887
100035190434717
100035156772052
100034973202639
100034545271025
100033553869989
100033458679886
100031919565256
100030237617358
100029628945926
100029484815718
100029388399718
100029064484249
100027498910162
100027176871344
100026914487860
100026366707833
100026099230682
100019888963040
100014753175777
100014621526332
100013972036380
100013887960295
100005849051364
100004641644438
100004625682667
100037311322795
100037244776105
100037018516749
100036982860647
100036886486541
100036872751489
100036805623311
100036693455415
100036448717675
100036424625900
100036265688675
100035806371120
100035102107829
100034974412515
100034844749071
100034807369842
100034699324935
100034699056135
100034692502255
100034029122360
100033378470965
100032258492441
100031065878598
100030737496076
100028576423421
100028454624070
100027975973238
100027723438522
100027144730977
100026119881565
100024066703707
100023912110055
100023420443569
100022954512951
100017928187039
100010706687244
100008275652213
100006184298066
100037305081972
100035373463301
100035237616026
100034481264868
100023239911590
100018067293805
100013408269598
100037062257187
100036952547601
100036467237454
100036016081703
100035945178341
100035438904243
100035414886228
100034045726467
100033168620541
100031981895577
100030786482843
100029276828929
100028716744136
100026960783205
100025909268365
100025189740146
100024524494223
100004852023860
100004775464863
100002835096812
100037769253191
100037612511265
100037573502883
100037502752795
100037486777636
100037471204986
100037085736587
100036913778255
100036865111477
100036855578328
100036209890279
100035606223334
100035572132652
100035509801318
100035290191949
100035289920829
100035163824179
100034926660663
100034923380347
100034863254442
100034775626378
100034707254222
100034475591216
100034473971387
100034444583489
100034165516659
100033921011105
100033919389510
100033387962265
100033176454012
100031915473840
100031433183959
100030882097017
100030798122114
100030453376870
100030273142150
100030261032436
100029875571553
100029574008122
100029218113109
100029092476354
100028472311016
100028283046247
100028172554369
100027748923620
100026996446630
100026661765968
100025650153137
100024691925162
100024518319292
100023285072100
100022393265710
100018319177786
100015459758839
100014899094572
100011742491198
100010998332334
100010236732127
100005681552715
100003906909885
100024855283274
100037555672990
100027547091641
100028721115299
100028647848559
100014876354646
100028006180346
100028239695245
100027987202251
100036548684052
100027333549747
100022066936015
100026571113085
100034394087589
100024233888013
100027498787732
100028231671215
100026784169340
100037604952712
100037431545950
100036921213378
100036773855102
100036543941440
100035920742106
100035549765333
100034556049577
100034536584418
100034490604101
100033302145881
100032333234847
100032281360924
100030860041264
100028369552426
100028289311518
100027986026707
100025719333112
100022391523675
100019365603752
100013969969626
100011454431497
100009499675052
100005862215880
100024994552689
100026502182925
100033700878284
100037326742320
100036344592457
100028675866750
100037409391470
100036985908809
100035694158113
100035233127755
100035056099741
100034712322942
100033923434875
100033515883458
100033467981015
100033246690130
100032349992336
100031853450308
100031833100210
100016898917594
100016737731887
100013830969846
100012768879011
100003985339176
100027608356602
100035623073263
100035867768382
100035581953129
100037003293541
100036926792308
100036779026696
100036407917953
100036241294240
100035303570853
100035094305126
100034108192643
100033671312936
100031189937521
100030692321689
100030352124498
100021666858559
100020888480387
100020271219931
100014239292458
100010639871772
100037426991859
100036866203168
100036720611718
100036143315853
100035966956447
100035086720451
100034843873005
100034531458167
100033726002854
100030904852899
100030782229242
100030324407055
100027811872271
100027048106991
100026149992040
100025703951497
100024244145507
100022153591001
100009308832607
100036380345299
100034186881696
100037242262090
100036342635185
100035763141910
100034971911953
100034828905882
100034576296903
100034434592220
100034349764157
100033842512000
100032399450702
100032364401440
100031108793811
100026777811737
100026105692628
100025912810316
100024843399087
100024519510597
100023670541209
100022240389688
100004317377829
100037557884010
100037394130225
100037160474340
100037159866130
100037003415486
100035880348631
100035295374989
100035218307053
100035158601722
100035130082975
100034899831783
100034674394373
100034543530471
100030648770800
100029309704252
100027625302778
100027574842016
100022372366989
100021515524089
100018588397258
100018539293313
100015470654382
100015204133699
100012634713238
100011474749760
100008798772849
100003825191058
100037470853458
100037093452666
100036714483948
100036668646520
100035618979020
100035170809767
100034661954067
100034610599053
100034521164020
100034390179036
100034327203678
100033861338638
100033725135190
100033071164636
100032715786867
100031302829023
100030218467293
100029110788952
100028791901730
100028524287265
100028135070901
100027897092962
100027650633928
100027421373716
100027276346769
100027118543632
100026699196318
100025642502911
100025465179364
100025197738078
100024956054287
100024886172400
100023336079896
100023108386755
100021784307428
100018555483016
100014571408785
100009804543778
100035495269302
100035536246099
100034676616236
100004272881339
100029399809171
100031960956992
100027346553603
100037369474820
100036463609707
100036140569829
100035772934315
100035442965348
100035238949411
100034749948024
100033699904668
100033425596131
100033326893846
100033147137887
100032111351834
100031407682092
100027884932996
100027058836398
100026132101040
100024314384109
100022481151426
100015301810983
100010602588116
100036839385161
100036711216519
100036697464239
100036559519062
100035966349799
100035911104342
100035722563664
100035236551586
100034490284252
100034238628276
100034222562169
100032749504078
100032501025785
100030709463142
100027265905663
100026492498616
100025201812135
100018976867307
100010081356698
100037175073081
100037094627012
100036785043290
100036638315545
100035347639725
100034542104264
100033304164411
100030109067702
100028617930621
100027621823011
100027562284074
100024228553290
100023561172663
100018887779325
100018410640569
100010749729558
100036966721919
100036811849712
100036619701023
100036437433996
100034390847437
100033989013353
100033968373654
100030850927586
100030379241398
100029924319636
100029226402323
100028661540377
100027180247598
100027062053430
100026973195526
100026777959721
100024956797086
100022943118284
100017562736246
100015493150615
100036541929078
100036044825593
100035904584714
100033551357033
100032489465768
100031653621095
100028689136688
100028043714459
100027347679462
100027277247235
100017223949066
100016803310556
100013277628182
100013137364993
100012663913645
100009432297360
100006991803337
100005708862944
100035900527552
100034362346274
100034264530015
100030070119363
100029164236139
100028584011018
100028447304544
100028173766107
100027974632355
100023691724611
100023506216486
100022425652530
100021891018550
100019130860163
100018451455167
100016912689475
100013874175643
100013090575418
100009591652378
100007231815557
100037175022198
100036768190875
100036643011394
100036602206603
100036237511598
100036137474880
100035977100664
100035942709566
100035451007018
100035364458324
100035309263757
100035144959184
100035118750847
100035067979162
100034653379313
100034453789885
100034273728729
100033159734279
100031162031921
100030506748781
100030163548643
100028464650107
100028011603628
100027679073593
100025162669686
100024954173023
100024036850838
100023937972631
100022169432513
100021126905085
100019199231477
100014059204737
100013759622447
100011544424667
100010477233960
100009795376917
100008868518032
100036090708988
100022976258450
100037701369493
100017171946120
100035628224314
100034080731817
100035965151465
100016196310808
100015769982042
100037566698173
100037018772295
100036593650140
100036302133290
100036218767542
100036059751530
100036039823426
100035384716259
100035146070956
100035024761208
100034808809347
100034396188865
100033394760092
100033365820579
100033238481573
100033127701450
100032976801092
100032972927119
100032167969019
100031606335812
100029733081629
100029548544746
100029104329674
100029037549854
100027701371431
100026697363483
100026534750839
100026422231000
100025440608724
100025339461324
100025073880887
100024125859473
100023298480333
100022820294723
100021837074326
100021414292349
100015799110852
100013356435107
100011845843680
100010737611216
100009327103801
100036923584538
100023245213659
100035206413081
100035195206304
100037243430908
100037225511184
100037182979606
100036827520146
100036319571276
100036282042806
100036161469528
100032372270818
100030272838554
100029469794109
100028205090196
100028201361615
100027508087160
100027095286094
100027059540819
100026556972037
100024793387427
100022371621276
100021976193252
100036880667049
100036750412858
100036433700998
100035830912068
100035817497366
100035545187969
100035493130833
100035371300424
100034120541777
100033976745689
100033671406690
100032695090504
100031676632880
100031580776048
100029586730322
100028261638909
100027949704201
100025539613844
100024521711509
100022990749556
100036431341234
100035556517861
100034516308573
100033063979632
100030987134934
100026723529959
100026598164375
100026470553672
100013895360093
100005252407139
100037429625696
100036875183892
100036620693319
100036379309800
100036332340128
100035349860433
100035252505046
100034684566082
100034542801255
100033862213333
100033621693631
100029872642482
100028849658714
100028762512252
100028225002646
100027415900347
100024461453882
100022670825405
100016455942427
100014273049394
100029450793309
100036805594861
100015106307190
100031689154025
100031266113792
100031459491584
100015112056005
100021759521732
100033584927905
100037291778070
100037011185958
100036750136907
100036663734606
100036661382003
100036196100059
100035893095054
100035361754321
100034456142662
100034116125345
100033939814451
100029786073250
100028235207297
100028154928201
100026662671135
100025139648069
100023705655014
100012218675489
100037059400520
100036750547839
100036624093941
100036266979983
100036171698442
100035554417817
100035356463600
100035198438038
100035089102998
100034931390213
100034403062171
100034050181254
100034038738483
100029077392463
100024328025294
100023934600804
100010270772736
100036904063918
100035987542329
100035632820890
100035451859008
100034596965267
100033262621771
100033160879133
100031941643613
100030966515700
100030626083742
100027387193245
100026036321805
100025164251364
100023636092326
100023034480115
100022972323798
100016110427806
100002611959735
100036428835053
100035849832603
100035468272681
100035241711339
100035185790803
100034698094557
100034679471868
100034400693792
100033550140115
100032712560900
100030937066149
100030822613177
100030819124552
100028667422880
100027333589591
100022429764255
100013777410713
100009228878297
100037425725954
100037347519829
100037258573148
100037189913708
100036144424872
100036051164048
100035363210812
100034834812373
100034343147766
100033942920934
100033662402812
100033354103590
100033024324013
100029733640216
100026576830138
100024597827594
100022856327708
100013115202426
100037273055598
100036878763266
100036825021987
100033860181065
100032149636812
100031902188430
100030367060864
100028845318709
100028043169863
100025746051880
100024937133158
100022506185403
100022495483970
100022337064004
100018543107065
100015639514935
100010154235029
100003435986524
100033975037918
100027210402756
100035681693163
100036855410578
100036556301883
100021567581223
100036056478703
100036026598034
100035793876751
100035300341768
100035218519994
100035022127087
100033644405930
100031896558140
100031000426291
100030960790592
100030948976689
100028291043438
100028215720729
100027197840862
100027026880441
100026584039483
100026114627477
100037448473096
100036418243949
100036323371227
100036306308738
100034898536623
100034008724094
100032760935747
100031601679608
100030877441979
100026204414416
100024534277236
100024197044369
100023277822693
100022595701166
100020966705486
100019500855620
100016490850482
100015760932302
100037574882436
100037135297383
100036296438358
100035878353850
100035016256383
100034004700612
100033598090762
100033468143705
100031867100046
100029556394411
100028006387500
100027685532940
100027383527091
100023130455239
100021633122051
100014853760861
100009662864378
100009561351860
100037010538462
100036417001999
100036244144371
100036205336185
100035699711589
100035176097647
100035094978165
100034725942980
100034689408241
100034048128407
100033063983016
100033043872195
100031146233714
100029865102398
100028537803376
100027073486256
100023943411598
100013649269859
100011206352631
100013367146179
100035710382445
100026445038340
100032052096642
100025997434310
100033073991375
100029167272211
100035786380709
100037324064305
100029096195590
100028367770073
100029730370262
100036279548598
100036552201428
100036269297135
100035997788025
100035609226848
100035497694406
100034966535469
100033840367823
100033669738685
100033165964300
100032299142019
100030327922585
100030277968704
100029923062809
100029304039574
100028438955407
100027663210658
100022826705272
100011694764952
100007110223748
100037495922324
100037121656174
100037067616153
100036769172960
100036465351004
100036301417908
100035726081108
100034750935644
100034604884706
100034052233967
100033933919026
100033423188261
100032963262824
100030930497831
100028831357722
100028538714109
100028387809547
100028076332774
100027936211106
100027831482997
100026947112946
100024395834737
100023898705527
100020458969228
100019639988116
100015026980235
100013759607845
100012198438105
100012194344176
100011700421808
100036806831374
100036349299422
100035564482919
100035559990297
100034076566230
100032258981385
100032194336669
100032099460681
100031907377320
100030852107420
100030562968596
100030456843075
100028753383025
100028418946486
100026769518421
100025633871896
100016811885599
100013332166175
100012043428588
100007312697581
100030565986562
100035313090876
100015106004032
100036393739342
100036222330380
100036048572898
100034214960578
100032315705896
100036970426654
100036921139766
100034899593544
100034154121333
100034103982868
100033293768468
100031765410143
100030160478105
100029929041592
100029887343056
100029090770732
100028184201084
100027892130441
100025757948314
100023504670192
100022056610503
100010301919162
100009466390510
100036808065149
100036134023017
100035315497449
100034663958866
100034372613043
100033538200324
100031809915857
100029863417375
100028728425008
100028316169699
100027799501050
100027633099398
100027390441043
100027293385760
100025533709882
100018875558404
100016766596675
100013591681088
100011658343094
100029001121673
100028101195924
100032282135569
100013447170832
100013993861180
100037116195557
100036812870183
100036007301788
100035534422006
100035007619666
100033529416875
100031756602052
100030816523241
100030322034504
100029141643357
100028666027023
100026652066443
100025899738015
100023639211329
100022275872262
100014543652251
100013289793692
100004927064777
100000182180298
100000179456403
100036892568185
100036792702409
100035444860633
100033423166808
100033400089256
100031411170560
100031066683402
100030388540275
100030117540504
100029973010668
100029143069134
100027308400106
100021934001606
100009657289231
100001955042239
100037175373150
100036654995145
100035245755993
100035068849813
100034623812734
100033894992202
100033502393260
100032496128714
100027768642722
100026738624916
100022378966823
100018299018923
100015620176569
100015376205174
100014895012792
100010462989290
100007912410649
100006954017379
100006006348205
100035308932347
100027793501840
100027220863444
100014180703917
100000736968039
100036485178923
100036252611912
100036028336475
100035216201191
100034415921500
100034081653635
100032418254974
100031743288810
100029370365428
100027886981776
100025000114137
100023240045545
100020628560367
100019466940738
100019303151145
100018496530122
100007705150011
100001325912028
100036930870557
100036915651858
100036612942900
100036514775661
100036285461623
100036173239775
100035906873576
100035894822661
100035601273959
100034852843184
100033598741188
100033316330142
100032115744258
100030337415665
100029211704555
100027418609459
100024976998380
100015902735922
100008960977176
100016989197368
100010096928384
100035453882932
100029065281428
100037355265980
100036938110743
100036555993774
100036482752590
100036323432446
100035579475708
100035456254344
100035272351750
100035209663331
100034973462712
100034798680858
100033979276687
100031526953976
100026391522351
100025406507490
100024656956364
100023706264026
100011677749492
100037278405729
100036136808610
100035907980440
100035638607821
100035139437711
100034570334954
100034180337654
100033964783891
100033385575300
100031350578034
100030057861246
100029040187656
100023814429066
100022125667026
100013950858949
100013159802616
100009985353476
100004766434940
100036949782510
100036099906832
100035660910112
100035415432706
100035182241486
100033942246239
100033333518207
100033290018467
100031744242796
100031080481869
100030855584417
100029622547884
100029526620719
100028619290786
100028557672863
100028037496450
100027989813992
100023568400984
100008701124658
100005653787430
100036604170440
100034949917860
100034921605941
100034518814865
100034066509676
100033945279398
100033928696947
100033663399520
100033403035642
100032440455620
100031903093195
100031690807490
100031456623155
100027421820182
100026808011590
100026510633371
100023986043329
100014845748968
100013941374886
100034206434220
100035743800790
100032159040343
100035636090276
100032832369083
100028411509592
100037115319372
100034157376449
100028756293222
100028167855245
100017121586472
100016417230289
100037255277659
100037034796212
100036736454754
100036364923196
100036041978097
100035458224140
100035361241793
100034958236855
100034141175021
100031072874612
100030158930973
100028334257553
100027398830713
100027146775147
100026802171015
100026449187380
100026342473210
100016834756591
100009395223222
100008016016526
100034535138238
100034293381365
100032424323030
100027659298221
100025221255796
100021290270614
100004909986548
100002814252347
100036600913216
100036315044451
100036088923423
100035938696138
100035669361322
100035543131857
100035528677099
100035188654232
100034818193564
100034647583822
100034251339663
100034166390869
100033725480186
100033103598767
100032771974515
100031568644878
100031458169073
100030612107108
100029795121143
100029321993656
100028729774815
100028255353521
100028046705625
100027488223750
100027343430084
100025636574738
100024697577555
100024321362196
100023927182024
100023083516625
100021893342425
100016153844475
100009669338873
100008134264201
100006989047754
100006540311027
100001429183588
1229695334
100010935045472
100026910240278
100031779548159
100034256331975
100037337139420
100037090063900
100035404790900
100035290842947
100034714186755
100034458947557
100034212842747
100031250955788
100030583821172
100030404921216
100029465440956
100028981470639
100027940271978
100025863978154
100025658891951
100023934023243
100013512316119
100013469828959
100009278211423
100036987736284
100036861433534
100036559480597
100036541261650
100036513643125
100036384757767
100035927498289
100035407784094
100034593992013
100034268823846
100034034886215
100031343701219
100031309545983
100030018644687
100025988657872
100024857898788
100024178444607
100023936171111
100016080489278
100036827497394
100036333153578
100036276941178
100035839878910
100033882192245
100031289560040
100030376821041
100028355176268
100024995190315
100024375030603
100023611414290
100023451228500
100022768538545
100012662437165
100009013998347
100006036543026
100004445261727
100017491922808
100035958082451
100036043540300
100029337170576
100024317041059
100037399203314
100037389101310
100037120050092
100037082272007
100036764626407
100036303211540
100035837211720
100035207418500
100034532179939
100034148840051
100032184339684
100030866451252
100030705000406
100029453151387
100027605527588
100027437885632
100026270769446
100014151609355
100012580158853
100037260768836
100037103510829
100037011812475
100036726311195
100036426831673
100036376723213
100036371854468
100036341324453
100036293671543
100036267102201
100036250338414
100036155689885
100036133031205
100036056540916
100035574818632
100035459061825
100035135592063
100035034241942
100034955031246
100034843960735
100034291100688
100034087404379
100033871536414
100033827681015
100031995707732
100031543803040
100031420238976
100031347187383
100030950150240
100030764694280
100029682253319
100028297350691
100024589414319
100021897584390
100015475985396
100013876805376
100012852188433
100000094673468
100037290066092
100036701507322
100035809369280
100035339762259
100035239099360
100035223521756
100034763441717
100033510229198
100030704297107
100030505659919
100030266070069
100028733823611
100026679541640
100025321546964
100023186190310
100019764794136
100036671915587
100036366488286
100036169385876
100035971024335
100035582374767
100035409522748
100035231793057
100035205793862
100035019952114
100034881980776
100032794692328
100031901229177
100031787919302
100030913039092
100030123858647
100029280050160
100026870556481
100026129504935
100015423186710
100036551536213
100036474324380
100036093603284
100035929415461
100035697011920
100035401716973
100035224921705
100034694304325
100034608618148
100034433765655
100034361315452
100033543037796
100030787782459
100030762391448
100026947184560
100024844296188
100022835648561
100022686270511
100022251914866
100019122848436
100036122951844
100035543303200
100035432745855
100035325855321
100035198269694
100035177310939
100034905649719
100032900252222
100032245697302
100031067527433
100030376153959
100029949481672
100027535898066
100026753212512
100023954564348
100022556837253
100016447419335
100008641336264
100004770369689
100037038018937
100036913034655
100036577990137
100036487021893
100036138045628
100036069198551
100035217307478
100034832945370
100034576091830
100034511771511
100032505933832
100030333285147
100028361114935
100024012361675
100014510791726
100012759464367
100011478698299
100005539663633
100035233111327
100012182795594
100027899286706
100033551268814
100024615194874
100032210499942
100013123085221
100034517679932
100030821760357
100014452965041
100029612311725
100031251795596
100027112565970
100028918364996
100036686681529
100036542842341
100036438739062
100036246935186
100035034532690
100034520070751
100034184094372
100033892218640
100032097584380
100029675290148
100029420431860
100028581582133
100028463853932
100025193090904
100024124214619
100024036737008
100022293798727
100021570330982
100017988641000
100011352557350
100009669792215
100037153807208
100004634942461
100017366643985
100035105656543
100023575292685
100036823474563
100036719707839
100036478988858
100035148996139
100034323398658
100033035803356
100032061556897
100030987250840
100029086783802
100029065607631
100023713812987
100018055565671
100017424377122
100010399950614
100036478831677
100035773010701
100035073782362
100034013016785
100030572394337
100030289654569
100029246889216
100029069800972
100028755811610
100026436018266
100023449279462
100013758975769
100011789880163
100006215179334
100004058868348
100002493777422
100001157551128
100000717414412
100036816277972
100036766069414
100035596964720
100033766604540
100033319830786
100033128870937
100032574157828
100027700231285
100026743659098
100026494930036
100025451263487
100024008384368
100023652744117
100022724382480
100019215005142
100019071280195
100011332175053
100009141918905
100037238660935
100036869321735
100036837938557
100036625320882
100035930522445
100035819167598
100035651146271
100035506759820
100035349271137
100035243870960
100034229700057
100033996144084
100033336825170
100032102550598
100032004602985
100031696200681
100028512586366
100026495092564
100014022512877
100012461520931
100009134080884
100007335498698
100035325197380
100037301352281
100037117149484
100036635761538
100035396312170
100035100949403
100030515673954
100029303799925
100028076672893
100027959586148
100026804408848
100024042811151
100016020423492
100009385947796
100036823441254
100035459535856
100035008531891
100034978344222
100034456847539
100034320231038
100033881912620
100033378224543
100033205276846
100030018048508
100029876791346
100029019352084
100028269512158
100027067118960
100026784019695
100014490069749
100013243743690
100037039175702
100036317988314
100036185206644
100035840924095
100035767365917
100035173772616
100035166616670
100035037582374
100034681612402
100033949350755
100033569977293
100033232955441
100032136282882
100031572994207
100031282151544
100026673542479
100024504517800
100023759747328
100011372220408
100006732246460
100037018176005
100036630044231
100034859742308
100034820113667
100032239862984
100031825909326
100031650517100
100031024682527
100028895784121
100027973448205
100027669183708
100027177975639
100025830053330
100024630939587
100024497194139
100023936043832
100023643123952
100009756030812
100003999848106
100037046342646
100015565668256
100030267001150
100029059544421
100032020570142
100037367199887
100037267172548
100036693452237
100036351083684
100035270708944
100035094160033
100034923790954
100034904201956
100034745344674
100034677211367
100033996304100
100033167022854
100029456641869
100027787565786
100022971871613
100037412285276
100036643216105
100036351615122
100035987015145
100035140561045
100034838481490
100034709444532
100033639833784
100033475576374
100031859904231
100031556322347
100031550130946
100030312372843
100030275640612
100028872591716
100026964258847
100024682484841
100020886528379
100020698591512
100012722884372
100007858653683
100016358561813
100035935058801
100028523061524
100027833079950
100036169810238
100032945692228
100029592130597
100029555713435
100027904238546
100027345759245
100009379584160
100008296564428
100036865714912
100036218421124
100036125709333
100035653631950
100035388273787
100032343338278
100031424962396
100031322522393
100030767386510
100030584430034
100030398921583
100029304464120
100029075130403
100028098862310
100023258234351
100022816062313
100022748771150
100022546219525
100015037877353
100001003053472
100036229963676
100035675420009
100032480092778
100009223486639
100029129691904
100034376359911
100034282699991
100031395394908
100027773663062
100027496001170
100027443951417
100033609904445
100014318293869
100036902525154
100036745846836
100035674762479
100035146235415
100034980574124
100034807639911
100034639280133
100028902889576
100027694940326
100026980733541
100023953037718
100019256713002
100016677557851
100016508086448
100011071180190
100009761434025
100008103100812
100007127441781
100003002995758
100037142566708
100037093988333
100036574942871
100036519680604
100036338403293
100035916121832
100035765694167
100035745122963
100035727828434
100035245872638
100035007981989
100034929137801
100034610981004
100034486882069
100034419034176
100033743686221
100033635393479
100032555493883
100031408523237
100031272222602
100030940931934
100030567818830
100030006073033
100029759980136
100029054703986
100028907251483
100028845915053
100028487829197
100026931424051
100026799515736
100026144023100
100024086258025
100023265978321
100022224905006
100021888124593
100012969214742
100012570524345
100008781392198
100035855881080
100035328760731
100035308536278
100035255621328
100034991198219
100034826762096
100034694810745
100034176706441
100034077510117
100033293768821
100032521396978
100029544998474
100029451378743
100028818695520
100025278081196
100024726995094
100024408198543
100022181973008
100015622416460
100009262408687
100008272565721
100005447134919
100004427641007
100025067989509
100022850090639
100006323623684
100026991547769
100027528228951
100033855180925
100031841842511
100018495871122
100000576426907
100037099031636
100036637189188
100036506242406
100036335145078
100036146932640
100034794674724
100034023675712
100033601461575
100033459137961
100032884740637
100030199038978
100026349961131
100021640513949
100016721619219
100015308476748
100014574454959
100012936373801
100012810643101
100010673204145
100036976214230
100036731830753
100036652717303
100036543420715
100036140210212
100035532819171
100034209813962
100031550660953
100028645389684
100028442141251
100026644471779
100026088812133
100025187484071
100022652284401
100017429016299
100014301213215
100013296811740
100011315379762
100005759077140
100035791537039
100035619053540
100033880701414
100037368003321
100036884730921
100036419657907
100036335054887
100035753836968
100035242744577
100035225360550
100034237102629
100033982159029
100031837553076
100031832914096
100030969679536
100030425627421
100028308691977
100027630826488
100023836653711
100016773672755
100014331016438
100008067573431
100037383974200
100015981301765
100024289368648
100015073787721
100024484390792
100033509273505
100037352974038
100036761313340
100036610839636
100035765174435
100035312882723
100034440018858
100034430986410
100034426873613
100032966712491
100032665172532
100032574758062
100031552160278
100030192484880
100029968083135
100029798377976
100028109993966
100027820839347
100026057651248
100025752882141
100024497491503
100021997776487
100015905171133
100012882034459
100012230855972
100037261696427
100037170024169
100037132089809
100036625787529
100035987838953
100035571256070
100035215152871
100034936923573
100033607192049
100028184077728
100027159766558
100025630504136
100025503347844
100024663604323
100018563340536
100018125378336
100016581032216
100015190392433
100001216906421
100037020369158
100036707927012
100035904289808
100035223860087
100034114131878
100034082130988
100034050316012
100032615181391
100032207431610
100032173420621
100031835208450
100031581882882
100030508073216
100029913720483
100028725181593
100027982756276
100024639081786
100024235747940
100019666988798
100010042600590
100008370124412
100025888471751
100029321872160
100027577476718
100035505318392
100037102463641
100036302471521
100035505035300
100035366884120
100034479694439
100034462836342
100032997891780
100031698242996
100029088930011
100028570403031
100024525435879
100021641827509
100015588288889
100011225468910
100034805062837
100030562513623
100027161281766
100036702455394
100036698461660
100036132454601
100034862165063
100032244770957
100031784709591
100023014757197
100015375527837
100015284461435
100034625195533
100037587181199
100037227016195
100036977734026
100036703061585
100036161711658
100035831836661
100035646124790
100034972321056
100034866171576
100034829082284
100034520046874
100032529451918
100031564763565
100030260462680
100029856464065
100028302609719
100027465284728
100026283100388
100026171977418
100025174606781
100023282078444
100017632893477
100008701779358
100004612176342
100004239062357
100036869440188
100036509505770
100036216066448
100036202734158
100036127841432
100036068510184
100036055760701
100036039975669
100035620091611
100034910731265
100034495283199
100033668029320
100033208026892
100032973914365
100028447324966
100028328462509
100025524111516
100023169406656
100022421201413
100008443809092
100036896475215
100035249252373
100035210809355
100035105631946
100034681185786
100032614839674
100032556630219
100032168694335
100029855674312
100028989949923
100027209868502
100026750091000
100025692712416
100023436233145
100015396632643
100014634527341
100011048529499
100018636187057
100031546923082
100036717798556
100031813238760
100022166422669
100011185699429
100022049469688
100033409500740
100037373499893
100037123231694
100037007422822
100036566613276
100036118748623
100035839928947
100035665060239
100034800922028
100033667124635
100032597452168
100029253335536
100029180014557
100029160883039
100026771508299
100026114943598
100023784039216
100023381928230
100020963252569
100017584653211
100014031066957
100037272404627
100036913043801
100036820250195
100036629940078
100036588423401
100036428171623
100036349571536
100036230329176
100035807676933
100035229162921
100034515009357
100032939290538
100032012346584
100031979346349
100031832152496
100031439495200
100031019855615
100030735852360
100029737400929
100028199661947
100027810335633
100027005568888
100026735884509
100024532742185
100022936351062
100022885847125
100022302303690
100021549969682
100005514965964
100037441052216
100036718386623
100035463044004
100035277319843
100035069312219
100034648402978
100033706922041
100033696848357
100033630721125
100033425393997
100033403908104
100032843182175
100028287772282
100027810923409
100023893864673
100022968731813
100017261736200
100014021867790
100001362431265
100036901484113
100036229322964
100036150093385
100035948124013
100035488321365
100035132346076
100033992743947
100028788048072
100028738665786
100027718606201
100027690601548
100025806481013
100023699288121
100017873590869
100016904982414
100013448377227
100012232603989
100012197743119
100001263674606
100028947169417
100014523901466
100034733737433
100029167383901
100024757063385
100018887311042
100035844166791
100036101985790
100035679543104
100035381700906
100035362746359
100034475167788
100033104808313
100031813920346
100031711792187
100031418055084
100029179487548
100028605154925
100028392789591
100027112283733
100027026490315
100025038697526
100023833154056
100022356648637
100016159568829
100015552995162
100011259844786
100010977330213
100010409285733
100010320846711
100036710221187
100036115360982
100035485253066
100033635797432
100024621818624
100004573834725
100035212952120
100034700715157
100033618672957
100033051953480
100031962345402
100031703655435
100027724156219
100026345707138
100009323796240
100008416034095
100016106417367
100027445952084
100036001652044
100034513277581
100025516073134
100018366526524
100032421482513
100035170983171
100037384352491
100036263462830
100034941372518
100034927863092
100034768340012
100028947003716
100028542154771
100024584741700
100019481370088
100012550657081
100021811470258
100027512490652
100037178151212
100036559244175
100036455439973
100036267769287
100036222035037
100035280484794
100034117028547
100031506660911
100028534296223
100028436495979
100027957344615
100027339934594
100026371520685
100026294535930
100025432523357
100024011572519
100022195352056
100014063206107
100000185694945
100037250312402
100036320567796
100035471503197
100022496463028
100017965065588
100009527083685
100032720104158
100035644459991
100026543054891
100036954001514
100036466274885
100036459978203
100036456083573
100036389811532
100036288588532
100035792170166
100035445102663
100035347963533
100035175151731
100035111252087
100035080899512
100034804039601
100033890821002
100033234590232
100032876963466
100032547193340
100031661137590
100029533447313
100028919813060
100028895573486
100028497590918
100028377751148
100028335224704
100027917738261
100027656616748
100026837767404
100026604351335
100026413700488
100024622562127
100024222202577
100018322546209
100015057841577
100015046754989
100008654734597
100002416302425
100031424086396
100025047680887
100021743809319
100034046746839
100034802418227
100037296094906
100036899202025
100034466603261
100033785893185
100032495919137
100031752184865
100028400482140
100027514960677
100027210340245
100018200256772
100013849988198
100013690627764
100011693629728
100010049671485
100000633066833
100036832940765
100036479075985
100036463250154
100035131268725
100034547504752
100033034449225
100031521434113
100022909716069
100017796432289
100012542656932
100031990670013
100034205680494
100036470617720
100036312526284
100035872722569
100034224666650
100032163232869
100030148669117
100023922634196
100035949545383
100035802934902
100035518007885
100035395789150
100035309108279
100034920636943
100033983077188
100033420347854
100032066620818
100031042133375
100028950612758
100027516219172
100027283266888
100027162765305
100022215375298
100017094468617
100013312248161
100003345880320
100036608540334
100035816479855
100035209991779
100034706806989
100031815902465
100031619113154
100031082347454
100030085066394
100027913822083
100021970942227
100016823942188
100016265448926
100014716295696
100012403749403
100009365929318
100036640492193
100036482416641
100035907121702
100035674861083
100035239052126
100034692321813
100034388193434
100034079617843
100033117318900
100031751888908
100029801049596
100025929888267
100025454880305
100022729102124
100022612881325
100021856384905
100014821872782
100013977791372
100000753755519
100034624897801
100024841960546
100036461583956
100036209086646
100036190809535
100035670844964
100033848640891
100032859880400
100032064274326
100029026636666
100025441399490
100023825556881
100022674414069
100014186867321
100029793736618
100036574519960
100036428917545
100036298726674
100035748981924
100035205711294
100035152628407
100034299488938
100034116433381
100034109553876
100033694628980
100033625541251
100033493222701
100033051404560
100032945416109
100031492761155
100031477521931
100030712246875
100030119198779
100029100198036
100027811004451
100025939112966
100024552274645
100022779222400
100014950303701
100013887004843
100011368351088
100009765305951
100009275584852
100009123256708
100008136181304
100005857772925
100037527601758
100036920982844
100036279002260
100036148335379
100035903267710
100035359501201
100035167283950
100033929013737
100032860883620
100032691892111
100031138249091
100030955899434
100028161225503
100025986409975
100024006333686
100023855539889
100023501833160
100005159357932
100029905170446
100028750624788
100036706698742
100029978929327
100029809695220
100037306055292
100035596426719
100030187456454
100028529073757
100036525432804
100036833892524
100036754814698
100036539022017
100036363491438
100036352608408
100036198188627
100036031267796
100035742198914
100035221852300
100034387132359
100033446271577
100033319097306
100033307050797
100033237107041
100033141383085
100033033315840
100031574281821
100031229268649
100030661607154
100030325334821
100029062115074
100028895325524
100027769307068
100026932762398
100026613079503
100026557513196
100026534866387
100026178847874
100026140433374
100023374430099
100022419527247
100022336692405
100014887425909
100014063325983
100013989939642
100013972290548
100013423922381
100012527733615
100009776253754
100006854766141
100036731439974
100035934246475
100035374512354
100034808892230
100034731246280
100033381851579
100031061258359
100031034201881
100027907189384
100027565069858
100027340110918
100026888863025
100025411072116
100025248853994
100021840770683
100018176764541
100014620037925
100013398670573
100011811254815
100007111926121
100035905684253
100033938619626
100033498922132
100032414272461
100031195864988
100029704515184
100022032878151
100010370353056
100007665013375
100013491523974
100034426160904
100027065874260
100037360445713
100036630909862
100035827159221
100035311851445
100034611981454
100034304382071
100034165160948
100030331330167
100029246954568
100028641863753
100027259245701
100026263579268
100017053544329
100012515714604
100010290120009
100005398444295
100003120760585
100035214154682
100033995711996
100028088774326
100026767268829
100016726084257
100014275547319
100013387478064
100012735906786
100036216200736
100035762257682
100035491901370
100034586264871
100033874296124
100030083100845
100029659754642
100029015117722
100026961273373
100026271215127
100024349095934
100036923963674
100036221562300
100035954751620
100035153630723
100034882987813
100034789341051
100033356079293
100033298444769
100032277724474
100031190960545
100031058590437
100028476261345
100028198579522
100028176335477
100025949739181
100025117927685
100023445972773
100018473734152
100015321697767
100037183832496
100036376463537
100036300682630
100035692508292
100035662844413
100035570719236
100035155270710
100034916201252
100033995520864
100033852334864
100033693546278
100033692393569
100031460118151
100030828306764
100030377612207
100028197831264
100027750872342
100024555483980
100014525883873
100011150860100
100035685524204
100030757961871
100029348988149
100029074911844
100027051931068
100023893066740
100023661308420
100023517533759
100017840791109
100015418416625
100001258195602
100029521252704
100027675286557
100034758425132
100010002347442
100036460626635
100036434110085
100036195913645
100035329446328
100034710066373
100034623671600
100034015637560
100030182979403
100029850480795
100029319217081
100028580716674
100027676180862
100026654153896
100024578859398
100023962754303
100022994777265
100022929003492
100014951051398
100012018826921
100003985742102
100034764753482
100034711696473
100036389911981
100035251242276
100035184041539
100034856208724
100034148763131
100033767582637
100031127584285
100030513395753
100030079904543
100030007504125
100029759678512
100026621901321
100026583152453
100026379052586
100026272959502
100026023486598
100024737894078
100021553162173
100019484203351
100011191597750
100036929313155
100035228327835
100034415314502
100030124730940
100026916121720
100025716670099
100009147680468
100032879250217
100024936722866
100035147707342
100035705886976
100035302111283
100034655450754
100034493982262
100031862373386
100029678925998
100029289571277
100029259382077
100027131027612
100021931024002
100018715862668
100015982815536
100036509767306
100036173084957
100035728035792
100035141013768
100030609695072
100028225417611
100026679694289
100023455503593
100013305341447
100009594363367
100036563286522
100036445082692
100036411487732
100035868826837
100035447886715
100035262274415
100034740524208
100034283199492
100034212759889
100032892135706
100030446090278
100026844550071
100026754771822
100024660375713
100021745161292
100017709872423
100011396271969
100005598884101
100028805212259
100035165742496
100035467311538
100029205031115
100025245585744
100026515265279
100036530193898
100036420224746
100035922211609
100035847333208
100035764840963
100035594090549
100035336944495
100035208672843
100033869328138
100033643566646
100033630617558
100033231377930
100033018884239
100030773510738
100029898210506
100029107621843
100028977254453
100028681251298
100028376166073
100027767567758
100027671060068
100025473234146
100023428157846
100023202578934
100022251050613
100021891913687
100020699951757
100019137406649
100014806783053
100014458590197
100014353054168
100014039409208
100007002674674
100003814834539
100003112080895
100037163562442
100030847217448
100031348933029
100031946321506
100037159220242
100036696781648
100036528259514
100035427231046
100034604303578
100028652285509
100027630996019
100027392778705
100025733495616
100022211057055
100016649320026
100011468316744
100037340254119
100037258923403
100036896047247
100036581823051
100036486560426
100036347206429
100035719740216
100035470054265
100035374778990
100035294358655
100035180251068
100034858876736
100034617468007
100034566256398
100033196689195
100033006701260
100030424071078
100029946082625
100028900756976
100028788917605
100028219098603
100027569945251
100027301328151
100024772267597
100023723718507
100023344242743
100023082463360
100022986070441
100022494978235
100021897046469
100016522503266
100015391475853
100014422058126
100013928054229
100013294609256
100013133104531
100011798504525
100004228697522
100024318767103
100037230221927
100036149190308
100035715045739
100035077875796
100034677601625
100033838507610
100032274633988
100031727507768
100031052505579
100028133184023
100028035845663
100027348406470
100026653593013
100017047930681
100015861632934
100015211390377
100013697299048
100004536278307
100000472999581
100036660560507
100036282647566
100036016970748
100035948722287
100035542187546
100035387805357
100034153418595
100033953147837
100033838711238
100031147008343
100031083429066
100028770984133
100027649482239
100027010852259
100026446896710
100025470582309
100023605364286
100018819575203
100018200558724
100036322582522
100036236689988
100036188585778
100034750067491
100033744797995
100033118902482
100031085422961
100030854582785
100029921297850
100027775661186
100027762737417
100027219888855
100025291651711
100025023011542
100023503695762
100022029693009
100022004273572
100007823568882
100000911415922
100036398644425
100036129820201
100035791576651
100035690958481
100035219651442
100033959981678
100033477887574
100031565042569
100029249103096
100026097308337
100025263039206
100019571554155
100017951855239
100016657683919
100013011393441
100010287212401
100010210601673
100006995619126
100034281525789
100033666858867
100030285768163
100025169025446
100024502010656
100023573920268
100023565440923
100022680501425
100022537264003
100036395564137
100035920863398
100034630956174
100034131383592
100033815357992
100032527394597
100030055183236
100028757384704
100026363298838
100025548077389
100014813075685
100036051369893
100035656754101
100035639712513
100035281950687
100034611930448
100034292222134
100034190206798
100033681076597
100033556812520
100033190940301
100031610552108
100030156471033
100029227006144
100026112653917
100023862199307
100023222539837
100023205561984
100014922212654
100014691727364
100037461120823
100037038150224
100036419564583
100035445311049
100034734308117
100034140943800
100033889057750
100032804501645
100031461892065
100029476963187
100027039108893
100026826483810
100026545144783
100024022029465
100023725904421
100021451313768
100010600599559
100008279434784
100036842536910
100036718666666
100036333630863
100035732832044
100035598841675
100035429433551
100035337031243
100035171073679
100034167353468
100033449902373
100031372396176
100031288171963
100029536670528
100027626142755
100023878353068
100015723601887
100005101425775
100037175010863
100036219108286
100036092415699
100035221962281
100035207403186
100035098905993
100034464340480
100032514173519
100031233769787
100030611706756
100027721906089
100025448132160
100021679533769
100018880816534
100012977116605
100012815051663
100012273498671
100004979745447
100004193322190
100036322241784
100036168277352
100036044040074
100035962252348
100035389477562
100035065515044
100035014005495
100034894059145
100034698421592
100034639724440
100034595483332
100034578472670
100033918652710
100033650228504
100033547783082
100033207554535
100031867905343
100030995289891
100029840142449
100028824829459
100028465773256
100028452459129
100028221549942
100026287190494
100026030533151
100025433732420
100023372912613
100021012281788
100020893031787
100016308198956
100012962681432
100011507527011
100005601367599
100001763196000
100012164311553
100033093756145
100023644932332
100030978544987
100008510523333
100009273116710
100034504125791
100018380259794
100016056315643
100026891317948
100023863478825
100033744698080
100011357239218
100034466991426
100012475247427
100035976472943
100037400972727
100026609382254
100034406401557
100024321023738
100015254234330
100030790252417
100036526388712
100036471681629
100036186166416
100036110551978
100036099314163
100035880241267
100035573532399
100035086545134
100034877559256
100031352029364
100030296744613
100029819400961
100028945042947
100027207249666
100027035990857
100022726459279
100015521410313
100014891317416
100013863199096
100007367683074
100037146900594
100034260692074
100027634324835
100027005002491
100024264679420
100012052261414
100028926046460
100033202113682
100036452168165
100036075472134
100036019188840
100035089776175
100034709662075
100034583479643
100033971267067
100031373590530
100028242768579
100018800563147
100017387640890
100014738769595
100014606535759
100013516353268
100036846039122
100036672377872
100036524436393
100036298537543
100035523106840
100035019229173
100033839024940
100033684694219
100033587660139
100033448042919
100033354607042
100032252660311
100032059877561
100032020582209
100031471412100
100031335911236
100030711023867
100029248873726
100029215312510
100028927683961
100027170993499
100025296709121
100025087247707
100024815175384
100024184549347
100023596592476
100023568559906
100023141662720
100014947455156
100012619879380
100003080963135
100036983708577
100036894014392
100036063021209
100034771102824
100033972038355
100032557029772
100031090550971
100030639503933
100030589161101
100027852486144
100027218193142
100026824620947
100026652134059
100026534294425
100025981453285
100023759983668
100023620532239
100022121912555
100015555256071
100015020375418
100034919154335
100026808997369
100028063477361
100024654888940
100027000758002
100006210524094
100026410220763
100036784696765
100036367299086
100035287982780
100034775447518
100034594234783
100034582724710
100034510772339
100034271951644
100033326804144
100033079396937
100031164934075
100028489607342
100028411290523
100028171200869
100027351103726
100027038955480
100026412530322
100024858593322
100016411800292
100014455122025
100005224304908
100036514565047
100036043779560
100035667464914
100034900161049
100034167765039
100034028070474
100033877322663
100033832128232
100031456722031
100028461618020
100028241280481
100028228472705
100027930318881
100027067848458
100026602459186
100022325584390
100014852082999
100009390455730
100035489072993
100029347683448
100017810941764
100036177832470
100036119468221
100035677815236
100033398917937
100033263944456
100030444857665
100029581778660
100026068241554
100022811210930
100022249628977
100021743521729
100012387788749
100011079632049
100007264367150
100000496857030
100027176320485
100027370463463
100037346045382
100035829050443
100034301829440
100034067662046
100033803512192
100032697455552
100031902037673
100030486290725
100028862484307
100028629202645
100028353285479
100028242829495
100026825347976
100026802851328
100026375708835
100017796451014
100017054105095
100002142396324
100036185139194
100035978178053
100035789171720
100034900897499
100034687850243
100034552598493
100032139941509
100030389865240
100030324852202
100028031561046
100027502274549
100026690293880
100025147380714
100023664709918
100021053031156
100017448943913
100015113826113
100014198564285
100006566943563
100026295877874
100033807632509
100014529735642
100011270264996
100014240806470
100036860599191
100035269457272
100034510309974
100033881716650
100033319283234
100036969667668
100036822374782
100036446797039
100036373415760
100035355212906
100035088223145
100033767520372
100031042699831
100029430169909
100027149558632
100027111215858
100022258862211
100015622154984
100006783436259
100017403131978
100035378194540
100036634953723
100036568127658
100036202336306
100034885089858
100034626990607
100034472274317
100034108009219
100033408935385
100030692861763
100029641853906
100028922709462
100027969231004
100027762337520
100026484260800
100025395433157
100022875360105
100021766142736
100010867830372
100004027735268
100024093646088
100034271694167
100036634342804
100036377138795
100036343992676
100036091028440
100035709980403
100035065083844
100034882833608
100034673190845
100034574363567
100034553447101
100034453419797
100033101894440
100031145776568
100028746203806
100021912931169
100003707537250
100026841163829
100036106957584
100036106832566
100034905232865
100034617442410
100034025236196
100033104106087
100030529031189
100027997339985
100025516913945
100025115400554
100024939916491
100022727384964
100015981127787
100005506907066
100036921761044
100036512199474
100035364710867
100035220060124
100035174587173
100035154315842
100021749857643
100018275805961
100036311565786
100035972741165
100035603504601
100035297682596
100035208023247
100035162810850
100034712120091
100032942227347
100032922287545
100031737064400
100031243986612
100030856320468
100029247009478
100028224513014
100024730237958
100021975824415
100021955500227
100021917500356
100013992759517
100036264636980
100036182704546
100035699225296
100033637031343
100031967596397
100028980425700
100027779569079
100027362523191
100025910418630
100024502627588
100024275864346
100023867406057
100015264193395
100005475992136
100036405371800
100036208703169
100036029150303
100035032690327
100034695756154
100034199896121
100034131469741
100034047589056
100033422418326
100033279944905
100033179212870
100033177001404
100030875144486
100025227617925
100021896108547
100020837051444
100015459216325
100015323881763
100011737705231
100003811954579
100033909630272
100031741762508
100027375398722
100027033106184
100013876746946
100011624705708
100029301560279
100036864214184
100036304056913
100034101941537
100031768548343
100031387215990
100031082182710
100029015138987
100028119615726
100028119284647
100027551920939
100027136824043
100025259492721
100024711683843
100023349245584
100022540333997
100021436003958
100020836782849
100010032557524
100007875394500
100003743036062
100037168745604
100036704193226
100035255297160
100034188258751
100033337685814
100032960735403
100027578476892
100022814333843
100005435168575
100036860603236
100036224947485
100035910503879
100033872001701
100031637943009
100031386862958
100030525900053
100029415124153
100028363111287
100027497978844
100026731866714
100026342616344
100026210192564
100023023958738
100022129278603
100014192890702
100009786671364
100008267298534
100034478534670
100027148752692
100033319521097
100024764083546
100035125364011
100036640868377
100037263338843
100037251819499
100036679129226
100036201758358
100036201498957
100035993195181
100035847548627
100035249511969
100034343323929
100033390464659
100032914203875
100032752414330
