100015308010264
100004772653961
100037870717006
100017422667799
100036802250995
100038342283375
100034608288081
100037666281277
100037438961608
100032600263010
100022325583580
100009176401711
100035910552409
100035154212447
100035681355690
100034996772236
100034742567134
100034388960585
100030616420379
100026738750696
100024035374157
100011263927410
100002834478095
100029091106290
100025314384002
100035781185876
100037365792613
100028489747525
100033905551616
100027745699791
100012981729913
100026869338854
100005759108578
100038161503484
100035707181193
100035460734408
100033970202126
100004637149160
100035758907200
100034744760615
100033626685077
100029423926034
100027558282077
100027075648633
100025165185389
100037404811185
100036567623731
100036388584032
100036230737412
100035905724900
100035722582464
100035084898536
100032757472436
100030799942225
100030395421909
100029556036574
100022813193565
100010503493162
100035777261534
100032536470051
100028346058834
100024306334359
100023936862575
100023254590655
100022465583968
100015820205659
100004859917230
100036905030304
100034074480695
100032614329560
100032350925249
100030895594504
100028443754961
100028436714628
100026235243445
100022250472560
100019416340219
100034085713894
100030751810168
100028279172524
100035234584890
100034886693565
100029152539704
100028566633424
100028371517960
100023060133201
100017076360623
100004500107277
100004360273789
100023117149448
100033795613436
100012348312611
100034253663370
100030529163164
100015737918569
100037338106706
100034937120148
100030386262460
100003491762212
100037853361714
100037548630772
100034614491474
100025366440135
100021762830632
100038354378371
100035929415461
100026217999645
100034721974688
100028040887846
100038060136838
100037471800459
100029885946540
100028301732316
100038009493650
100037878294077
100036158002694
100036056822047
100033640942600
100028856866116
100023103547995
100015512220812
100011596982450
100038229583902
100038133365332
100038061604397
100036688273513
100036437045795
100036417848399
100035447672528
100035325465238
100035014097099
100034724957188
100034514480420
100033660345425
100032624571152
100030905316998
100030729335636
100030234228379
100029325199449
100028744891620
100028093788581
100026681771293
100025953004751
100025591667459
100024398588113
100023494721741
100022029300702
100021200537241
100014322768339
100010236513092
100006450185463
100033663200816
100011939025006
100028221133985
100025313419659
100037765441621
100035873813725
100035778679445
100031993989994
100031601630352
100035932600185
100030796486770
100017058997065
100027552321317
100026393681732
100033273707354
100028912053719
100022448831690
100035453680803
100035145920822
100001153115954
100038278748630
100037719161134
100034803768204
100038262732866
100036914869866
100035987820512
100035107233222
100034968726836
100033684039003
100029987616419
100026292079247
100024073518160
100023478614549
100024223040835
100038058068750
100037951762806
100036942743561
100035999712601
100035735303527
100035566745902
100035147444148
100034111876560
100033239866051
100032610219057
100030772233485
100029900641563
100029829391281
100028109765415
100026897002357
100026373381614
100025603088504
100024783541843
100023544157220
100012497208955
100009165607928
100005549075203
100037871204581
100037611708422
100037562210379
100036854354043
100035742256888
100035309632257
100034779337084
100032795251448
100029635877973
100008967279560
100036204192132
100036012702604
100035913603667
100035566240599
100035241798772
100035177179347
100035119699168
100033922860032
100030584751781
100029708252878
100028165755158
100027611949190
100027315915920
100027166876488
100026316561312
100025443750443
100024142634191
100023587359727
100021707775926
100015085127378
100013327217257
100010798212510
100009507504988
100007721385639
100034997286762
100032272591606
100023603491261
100038411220392
100037212920087
100030049352649
100028477043525
100021629454228
100038245509817
100023852103763
100022066118048
100011050036768
100037268294483
100030659435608
100023075882564
100037785913493
100037385221780
100036195037075
100035005547426
100038079182529
100037878314840
100033946726362
100033908171700
100033786078859
100033229332116
100032087443330
100031111962680
100030532273428
100029389995374
100027441049085
100027050913815
100009578161835
100001224315686
100038387283178
100036378465338
100036206918834
100034923766991
100034496901321
100034494790491
100030219845322
100029749940696
100024938888127
100007352673259
100036219425474
100035967979892
100035113793986
100033960674996
100033682148239
100037831837445
100037749695861
100037170024169
100036451120797
100035760769893
100035359878744
100034265710403
100033798743763
100032685992249
100032506278771
100031305733522
100031110293604
100031060327623
100028549564336
100027543691013
100027132577317
100026371477087
100025535672825
100015331413642
100011440107035
100038184666029
100036105692176
100035554426431
100035540735518
100035043672473
100034944244035
100034739469427
100034615650531
100034335932759
100033856970476
100033477291191
100033057408254
100030755190285
100030372733764
100029049701459
100027706481505
100027694215527
100026267603945
100024568069397
100023110671971
100022068090306
100004335168599
100037199496682
100035614715266
100035549118829
100035255683193
100033890899555
100033459920739
100032978348049
100031821284989
100031479939917
100030662328538
100027273069936
100026859633821
100023861479660
100010693575185
100038454571186
100037933964220
100037238561892
100036474860804
100035601243079
100035027588356
100034390337829
100033654198688
100033361755718
100031643973707
100031255163986
100030027532833
100029574249891
100028202586579
100028064265534
100028040091684
100027890770952
100027552423840
100024671272809
100021577700123
100016159457689
100015338253795
100013593129726
100010799747714
100005681202594
100035168570208
100034909112067
100034510059108
100034403411610
100031263707878
100029257762010
100024360669013
100023897496500
100021259463082
100020849660091
100032408292336
100011410160125
100035942958893
100030884680291
100026552476609
100015774373780
100033986243228
100029247060398
100033091567162
100035269666794
100024896979435
100004892972794
100036132588924
100035825430382
100025327967890
100033625751434
100028806960909
100030316001101
100033934059710
100035823141532
100033709532224
100030354017398
100021469043551
100009632743213
100024006821432
100034000596594
100032139910746
100037389455170
100033313989391
100028822446307
100011050800977
100037308260136
100034104251772
100030182685288
100034935401156
100034595481449
100029452022996
100024398888738
100031179041824
100038055293028
100035087354826
100033959136531
100033893790784
100033770688363
100031382802691
100031095739142
100030109104235
100028417175704
100028208551088
100026308987645
100013621112160
100009441927087
100037874199801
100036314202152
100036194522267
100035193772481
100035191181327
100035000681421
100034274469780
100031576632201
100029095396474
100028396669511
100004886953646
100037838372835
100035741526798
100034254083091
100027071200526
100038201165093
100037160801649
100035423561590
100031518697888
100029078655107
100027612468627
100022849972517
100022768505398
100013643521310
100019824789740
100035398245346
100036990171334
100025092547152
100035708543533
100024306127667
100038310880014
100038008729327
100034745764006
100029958576406
100028588231939
100022956431326
100038118918705
100032963025506
100028243211153
100023471134706
100038124861752
100037775412776
100037527368001
100035359802111
100034968512986
100034680498669
100034197494674
100033509150974
100032929999469
100032111783835
100031474266205
100028565642903
100025536039159
100023823351642
100014416998451
100009932028934
100033822907281
100033533522404
100034677279354
100034251041400
100027598809575
100027346700781
100037058045938
100033893167761
100018535065594
100017425414564
100016909083902
100038135627346
100036731595710
100035692537728
100038257512384
100037929654333
100037709193414
100037569381906
100037416459053
100037088050398
100035985630826
100035731129294
100035637998793
100035627347502
100035013931297
100034980035590
100034739834672
100034675176705
100034672711550
100034528592550
100034306777318
100033817754243
100033795190817
100030528774303
100027770192627
100024652509443
100024123873351
100023792743664
100022430406523
100020587909404
100031238886978
100028876686205
100028445990035
100038004062490
100037996064427
100035160224639
100034964121294
100034588252203
100034124149226
100031208929619
100030871063681
100028502075355
100025777343922
100023677650787
100011433310551
100009829159346
100008110362364
100038257692471
100038025528182
100034436051561
100037769573226
100037651519383
100034725736919
100031003023306
100030624814174
100030250142341
100014333478824
100037238783116
100028007107318
100023627680735
100012339162738
100038127942011
100036182978186
100035733186993
100030689409651
100012605531487
100037951381098
100035849064083
100034135530026
100030398713751
100028282274875
100026747053197
100037965648917
100037402243301
100037254782699
100036373997918
100035782483605
100035103804124
100034807395797
100033879492413
100032791830525
100032616821036
100031946945032
100030997981327
100030815676521
100029915203413
100028552802492
100028360232805
100026389401009
100026251744164
100025900597228
100025505191825
100025178889803
100023882071755
100022682621348
100022284630374
100022129332144
100015818238345
100014716328331
100006753105275
100037390090611
100037273262029
100037051322834
100036718370171
100035946435519
100035803860518
100035580994690
100034826790443
100034502142890
100030601000585
100027916014214
100016518362536
100016379223550
100037655327565
100037101338212
100035037010589
100034405695395
100033775304079
100038046677944
100038051450197
100037823868175
100037822234083
100037198185266
100036837782968
100035174371105
100034114926492
100033884526810
100033862993181
100033034962489
100032131630491
100032091571933
100030533691943
100028247210576
100027973593168
100026794668311
100025064570755
100025001901475
100018338829973
100017349217965
100038209000845
100037560753131
100035769321658
100033866108228
100033523190181
100033222591972
100031837112367
100031417392545
100030335441733
100027970811751
100024524861204
100022736589058
100022548796929
100021743046575
100019176611263
100036602798263
100036361070015
100034608443313
100032729074484
100028620141663
100026824190962
100024268756453
100037298745015
100035773172365
100031541443841
100022140284359
100028162800867
100027004216333
100014736968950
100038313876206
100037312039581
100035190944068
100034884244546
100034349623410
100028553945850
100024659580051
100023782250580
100037838105014
100037783245740
100037396159200
100036668981960
100035356519427
100034852660869
100034685868726
100033082573826
100029031876034
100028844979777
100023844184434
100022289498665
100022076900287
100003828781781
100035443703068
100024631152960
100037698549006
100037556835311
100037175073081
100036589161404
100035934255786
100035051124152
100033624909723
100032297889699
100030935446537
100030766487624
100030422701881
100030241905316
100029554038704
100028702925009
100027807020602
100026966929978
100018156223747
100016845497699
100037148141175
100036704893770
100035445995121
100034658439247
100033444753973
100032543391144
100024791841364
100038099843126
100037761168227
100037213955374
100037193212964
100036936090378
100035905272152
100035475513799
100034810292283
100034800042563
100033277802312
100033159321925
100032400644832
100032289847749
100031977471218
100031419303943
100030334983209
100028033907994
100025526616395
100025343647495
100015230226936
100014792256350
100012380370405
100037472252972
100027648140521
100006147581574
100037549063446
100034687279762
100035584666074
100032238192322
100036072132995
100035497954725
100035433523690
100028213719853
100026598104893
100024077954285
100023384294203
100029043246892
100012454039426
100037883270392
100037882441081
100037714580897
100036346098522
100036029448724
100035950656122
100034588306589
100034405275399
100034308901467
100034045668730
100024719463536
100024429442525
100021852037571
100010003447767
100038366107595
100037104150987
100036856115109
100035185818571
100034591516462
100034483625093
100033895190434
100028945003592
100027586500155
100025901866339
100023350714841
100023334231074
100017329422007
100016738692100
100011949576681
100038323506704
100038265248533
100038019995717
100037492549240
100037406469877
100034949922619
100034881704484
100033821382433
100032851697973
100032777344378
100031966501187
100029344221450
100028142682596
100023681105749
100022910287735
100022473137403
100019182258950
100038221004845
100035217423932
100033559261835
100027347880768
100027018141613
100030445880220
100038369585558
100038256133316
100036641800685
100036037899058
100035404989339
100034237180250
100031992660752
100029338988903
100028752995295
100024440752034
100024158689924
100037928840514
100034991880721
100034947151999
100031045973888
100027811845024
100027802569875
100022856300784
100015739516838
100038324373513
100036307329483
100035784193804
100035456034172
100035418633105
100034308503169
100033989144012
100030807495667
100029419744332
100027255391021
100023304053925
100018126004097
100015234732195
100003863074851
100002593513233
100038054689093
100037685619721
100037437954194
100032529911033
100028176601460
100027588965729
100005869953960
100003720844134
100034966501810
100033748838198
100027922051408
100025547196867
100037952781152
100035313274281
100026774890856
100023786010618
100038363317091
100037246215423
100037197031242
100035452763106
100032096228481
100029286961601
100029180053066
100026627211240
100026060626380
100015501872814
100037678445646
100037337101926
100035632431264
100035382001845
100035362508481
100034547923478
100033913380778
100033484005356
100032036530206
100029247600223
100023832580620
100022156143890
100015741154061
100038187045010
100037328972163
100035946377258
100035249902155
100035180932756
100034983128002
100030439478545
100029395011066
100027510311156
100025603278066
100022826768109
100013553015179
100038443171429
100034487616850
100034085017338
100031774303170
100031161872062
100030942394280
100029526613141
100028806821061
100027483335061
100026788500185
100014522089175
100037559062878
100037355317621
100036067233837
100035907514251
100035782500733
100035748977742
100035702285356
100035302668499
100035216836936
100033703512136
100031123624963
100030474240514
100030172422189
100029416148714
100028132471808
100027978212896
100025598312570
100025080158967
100022677694491
100021881113967
100038263958346
100037422631166
100037152288912
100036468578832
100036244621409
100027590502783
100038281660785
100037203543069
100036822381064
100036173343495
100036073900130
100035959772209
100035881872207
100035100407314
100033795976192
100032738387175
100029818443176
100029644369714
100028733859477
100027785623892
100022910473277
100035912443081
100035721910151
100035563853549
100034861177432
100033951725252
100030959210509
100029016503755
100026725153597
100037853526817
100037472851320
100037413557225
100037221561155
100036228759364
100034686662369
100034459993333
100033116779817
100032928891880
100032449380298
100032082472359
100031188700146
100031092520449
100028345282244
100027582293152
100024999707544
100024754905504
100023802004256
100021189319781
100018131612972
100033942934220
100033621521453
100033241523231
100032148225736
100031127541616
100030309283190
100029885712764
100029009359128
100028178570274
100027150593071
100027091567179
100026733392172
100025113905580
100024319389658
100024294306166
100024169452087
100024164580854
100023819599586
100022548163515
100019384507360
100018004364147
100038152865563
100038059248305
100037488945862
100036746254298
100035889214903
100035677324905
100034060990810
100034046168040
100030511171573
100030450096099
100029927274150
100029567477110
100028505333206
100028429035685
100028157619721
100027661986515
100026936683228
100026735054760
100026216648219
100025245349767
100022588246883
100021207624317
100020941399632
100018887732738
100018242792576
100038218744403
100038001841843
100037534843029
100037474970471
100036754537787
100036673515256
100036627576642
100036329681364
100035732766781
100035540930284
100034786282574
100034525849526
100033673932806
100033147392746
100032940279089
100032514173519
100030635113482
100030584713315
100030064441597
100029752502587
100029674513419
100029301343485
100029113596090
100028704466350
100028265925472
100028084644159
100025309538795
100025287751230
100024112320608
100022557396899
100018280802481
100017436840868
100003770286812
100037834088419
100037789073109
100031093081755
100026214006979
100017426585195
100038098700513
100037430860828
100036912364851
100036560863404
100036314810862
100036196861916
100036104913094
100035969645327
100035882593079
100035311314046
100035253174014
100034919496925
100034608962258
100033190124484
100032515657927
100031929852622
100030641656816
100029185206831
100028595642930
100027969556128
100027920784026
100027839825843
100015264910334
100014569690064
100013235400480
100008887908457
100007686282029
100036098321845
100034340449572
100032148435770
100031077037362
100029964450352
100029540535048
100037371969836
100034974316125
100034146315528
100032002234032
100029569563838
100027804300250
100024570344382
100021798915689
100005096046160
100035385046154
100013870664722
100034120036032
100031044321790
100029006571686
100026887418713
100026571849447
100022238474478
100019103344474
100013690932016
100010765688232
100038351341357
100037597236574
100035951131804
100035397501270
100033200027006
100033077764124
100024690353781
100038443980415
100038301579785
100038248780405
100038199818185
100038197635025
100038088954128
100038064292259
100037894538302
100037774760559
100037105214812
100036917933442
100035822885834
100035528867928
100035480708310
100035360893134
100035170812943
100033289172284
100032859173640
100029708147172
100028078832978
100027910231036
100026342447989
100026081767967
100023932300063
100016342991638
100011394212869
100038149606197
100028537718791
100026534332130
100038099564277
100018840881621
100036862749208
100037213997023
100035933781034
100035128995442
100026568858786
100023959494317
100022419722307
100037708852729
100037213984851
100037109688119
100036851860980
100035629463226
100035270922027
100032030468157
100030207863389
100027415540251
100026893381161
100008839487791
100038000387836
100037954354936
100035765768665
100035640482362
100034734946986
100033119464365
100030952336762
100029506764141
100028348452050
100027035422122
100025429411386
100023805210565
100021979988027
100037609062279
100030374953500
100014333104291
100036021933621
100028277627966
100024342788579
100034257413447
100034359575991
100024857451131
100034181880881
100027679658037
100027687544663
100033893270322
100025442332853
100013725096209
100028441129450
100027035533406
100022489088367
100028347803587
100027175628438
100031295242504
100030421522108
100027513465091
100003111646327
100012179838939
100030905446883
100022533830985
100025701271231
100032245412141
100027436011173
100024159984074
100014802301384
100035793729915
100012774518465
100009645240775
100024351110187
100026568883018
100024403458578
100023822294547
100038189955674
100035938809693
100016740823116
100004236544663
100037921577480
100024097312868
100027640130437
100031345850492
100038060620014
100032158744527
100031494368562
100027467895415
100022056432702
100038131332604
100035408081057
100034661013066
100017867673965
100011666952280
100028505805218
100034265703339
100033368863283
100035866987341
100026321410536
100029946140036
100027118119666
100024550532779
100034181029938
100024158014629
100033861991020
100009958876385
100034518515237
100034719164848
100036504785080
100031692285236
100037317851761
100034001676430
100030446646467
100008695381940
100030514610896
100006217243923
100025282203087
100035346120015
100035312705864
100015122958396
100024413832521
100036551350647
100024382953520
100037929084342
100035694332108
100034628172057
100017792220434
100027750163339
100031541377299
100022854752295
100037163440234
100027884294183
100038323148861
100030308813781
100030005238682
100015680889291
100036202124377
100022063534057
100027483911071
100015106302567
100034514453019
100009834707263
100028733873265
100038177772765
100031463783629
100030292270826
100027806171098
100010287283409
100033673181188
100031368737456
100022799175979
100029949712003
100023069236339
100009304863230
100029243623251
100036043723087
100035779755541
100038360167410
100023762070583
100034987910255
100020842292738
100018137897895
100006563626625
100029935481921
100009833350404
100032835952007
100015099552430
100036051651799
100023867437664
100035888903115
100028683371510
100037241046351
100023322678927
100036202421194
100036945470254
100035264165719
100029425627984
100024247817341
100035669057827
100023467778852
100018382601699
100034373211345
100030743233376
100037723156411
100037597911125
100032806085320
100027328680163
100038088650200
100036484303332
100036322503808
100035731835666
100034920226080
100032914944097
100029073322847
100026652279759
100025754061436
100023502671476
100016491344253
100032167839399
100012811328435
100037830999710
100037359827314
100037327111710
100036821650204
100034550716057
100033740580612
100033648578068
100030930219201
100028204785239
100027896810055
100026862134420
100026300476553
100025694297439
100025470844781
100025386523059
100024519783894
100038330529553
100038141416771
100035800042506
100035425565543
100035328373145
100037911793525
100036024455506
100035279190357
100031381097560
100027242101724
100025260648962
100024563532230
100024285720980
100022457296911
100019773396709
100037405305234
100037319973984
100036484631966
100034892119042
100034884228519
100033681621587
100033168620541
100032614335486
100029383643517
100029365837356
100015131703044
100012484628623
100037922402971
100036902624445
100036594012101
100036349903965
100036027350304
100036012713188
100035880888620
100035555238109
100035465721813
100035424252048
100035040468130
100034343075095
100034141640221
100034069262287
100033095087846
100032821790613
100032393134652
100031779766997
100029368608258
100027834940547
100024315274567
100022439811431
100022144093971
100017172946222
100012691692170
100008771373757
100004632465453
100038308209738
100038205455255
100038181552859
100038063585775
100037959666827
100037911652098
100037852313310
100037548371698
100037022567272
100036049309971
100035919763926
100035134034397
100034951324051
100034877045210
100034684322916
100034580144297
100034290602373
100033703908234
100033031837021
100032384371314
100031184693109
100030904823381
100030565745056
100027856159651
100022329876440
100038317807363
100038160161790
100037765788970
100034263102340
100034192161353
100033512512833
100025385989908
100037509762913
100037206228432
100036208476652
100034802751750
100034362222629
100034062098877
100028936578731
100027807230373
100025395753843
100035706602682
100027884356254
100013982951757
100015133054188
100038318343637
100037487315364
100035885730752
100035026770931
100034580679482
100034413674705
100029010754537
100016888515164
100015280231136
100013971510601
100037511272253
100037241145703
100036971445906
100035739974332
100035358697465
100034576201056
100032708964233
100032619735916
100030273668465
100029492561087
100028224138446
100021863320671
100038289752146
100038270952217
100037253152176
100037223437244
100033925568620
100017938609031
100033607325019
100027388794074
100026885050545
100024452019128
100016667825770
100015278131662
100035962009303
100035732883003
100035341304495
100035318940048
100034844587605
100033355278427
100031333623047
100028726540348
100028688132622
100025339572455
100023152782551
100015630037943
100037405115215
100036270884845
100035333730584
100034387879886
100034025072692
100033019594014
100033008888870
100029991094110
100029112812688
100027573041173
100025333061296
100018059414946
100015736694007
100038011420545
100037949771165
100035137472025
100034372127865
100030143707029
100029626462183
100027783981766
100026957179622
100022106361180
100008846672636
100033390574349
100025415861379
100037893547929
100034498909337
100006716592759
100037775064103
100036524003507
100029275234112
100026555082012
100003588699213
100037847713449
100032298374185
100038042059669
100014520463176
100024496541206
100033568869296
100017055873565
100032308787313
100034785273626
100015696871839
100029090642326
100035204136691
100029132300598
100025289222448
100026373090254
100035262212488
100030042073212
100027675832680
100034718243485
100037886585373
100034248611999
100032601395928
100010566665265
100035283514242
100010525096872
100035507299854
100021863012215
100035835304346
100032106705516
100029968993404
100028987597478
100028407279117
100032938126834
100028961910698
100027539170521
100036793910153
100035404902829
100032400248699
100030570795955
100024107980294
100037511407076
100036943960939
100036820909183
100017140331728
100014006730151
100037564030442
100037125966280
100036787484445
100035346578312
100034636651500
100033788555033
100032937913538
100032386101933
100031004990750
100030060965583
100026698482646
100018734831765
100038025047017
100037841142031
100037738673834
100037613451374
100037413679807
100036941584733
100035219208275
100034463798493
100033763836494
100033507763514
100028649496360
100026321874385
100017433049348
100015043304365
100007146191998
100036003109616
100035181469746
100037168984153
100037016382888
100034302127917
100030432795076
100029437663624
100027644915629
100018211481859
100038012562513
100037820140537
100037104931577
100035788967590
100035628942021
100035209262900
100033515714594
100032027323681
100030437224389
100030375109788
100029072294526
100026661603249
100024593200081
100010935169133
100038145403448
100037050183060
100036336383374
100036291272627
100034162501964
100030712185607
100028032460293
100022866501359
100013993955615
100015133593432
100025428095144
100036106884089
100028883261568
100026027740561
100030099589420
100038369257228
100037441383636
100037030070901
100036423273000
100036285320095
100034676654166
100033603920560
100029817697218
100028994412994
100028800519208
100028503697206
100026515311209
100015863252258
100013458030186
100008776863782
100000924964522
100035951940042
100035409864166
100029615176906
100028672643588
100024242438352
100016922713508
100016590510735
100014263688861
100035762449408
100037434350049
100025004780636
100024462680960
100037441476940
100030253140457
100025827233947
100014695267104
100036879304617
100037839962566
100037524645392
100034878880052
100034546335505
100025924834392
100023545487246
100021988132248
100037621249362
100020489226492
100038343155109
100037171710590
100036983590926
100036962888688
100036620287234
100036401793387
100036047925217
100035641125907
100035495794349
100034974143707
100034918901206
100034805688152
100034785732769
100034523092614
100033509894653
100032303914673
100032046163984
100030242079926
100029397992362
100026900796682
100024861317146
100024548074422
100022412585272
100014111057512
100009251804756
100036394729622
100035622348571
100034718498648
100034336142813
100033628698036
100033538037703
100031447560287
100030008693571
100038183258093
100037524459050
100035906076404
100035481495468
100035309243955
100035225491594
100033724373718
100032602294301
100028688242434
100028110104878
100029623023076
100023458863698
100023432691989
100038256191159
100037373802504
100037136951839
100036564128310
100036389569125
100036385159373
100035582314980
100034186967781
100030630905627
100030540345880
100030294002161
100029909978875
100023361312359
100012943056031
100011959391286
100036209402278
100035158398498
100032425740182
100029284662804
100023946132991
100018471255660
100016296370813
100038032830222
100037779671081
100037604640361
100036865214692
100036338950001
100036096552513
100036061863171
100035638292411
100035285888229
100034916733157
100034765560597
100034290258993
100034181252533
100034121764627
100033866409345
100032976804064
100032237829475
100031028652539
100030579982184
100030451116752
100028972691040
100028831292828
100028594381268
100014517031031
100010128521212
100009686313746
100038131265213
100037817230323
100036158435574
100035778473727
100033516074647
100033265251872
100030252976391
100028533403013
100025923468153
100024659587618
100022693835755
100012104865234
100037739231855
100037305427364
100034940493997
100033332192398
100014405858550
100032518117442
100027713731865
100038051228109
100035817975666
100033246883896
100030069774210
100029579775189
100027088013224
100026709338762
100026595069376
100026251987800
100023189330870
100022934349846
100018096154424
100010948624266
100038161783179
100037926363520
100028491067450
100022542455501
100014150203290
100037255721965
100036234071508
100036163847025
100034380944957
100033455500323
100033390830908
100033204032194
100032414772410
100032079101618
100022290321116
100036160785778
100035860990439
100035700141507
100035430441716
100035022300144
100034684866855
100034460421016
100033829397477
100033785653098
100033007121962
100032780843364
100032154244549
100031939985334
100030565025972
100030527480160
100028181887963
100026065726848
100025274811790
100015562330380
100015185624234
100013890638803
100012408943594
100011675471804
100017449576544
100036603364819
100028001320488
100027627631744
100021729515112
100029570674231
100037111066995
100033947626766
100033908632088
100034927960500
100029637618252
100036463539591
100032556187567
100010058268228
100036835254084
100022687620539
100033674775022
100037283979221
100038431441386
100022990811128
100012305712867
100035342924215
100036082084081
100036043860154
100035623146504
100013397405355
100024244542097
100024488497141
100037651728766
100037163374173
100035069422479
100035074763542
100028352888709
100037006968097
100030141990799
100024626541784
100037446690262
100035038878388
100034652094100
100029485431446
100029453562370
100028293888438
100027071744011
100024575263566
100022528370859
100037513651028
100037413253302
100037179912195
100035706860146
100035257261011
100035201923718
100034193439052
100034112323984
100033936790067
100033630821325
100023854843608
100022597783289
100038382603416
100037657426111
100029459105027
100037966990402
100037557816756
100037318597073
100036064533065
100034589136402
100033592567674
100031728282422
100028228673602
100025268312466
100012769055706
100035971213845
100034092788854
100030843100643
100027939133587
100027382778935
100027209505092
100023136919042
100022782256004
100015950293597
100014824410820
100037424654079
100036283549117
100034181310535
100026928619298
100021935310256
100018914744214
100013506338948
100037341349284
100036516333200
100036108664980
100034781023059
100034232582102
100034191428750
100033668941873
100028675354673
100028113195613
100028036398786
100022656573308
100022635008118
100016306006791
100038183944044
100038026521580
100037843535070
100037453264827
100036499145014
100034437313592
100034147741740
100034121057111
100033003278682
100032901495900
100029244425491
100027455564661
100026044401227
100025710320204
100023013271147
100022971330362
100021707528643
100032719153683
100035431385141
100035287087038
100035058966611
100029199243613
100028213306438
100035982847401
100026933625927
100025473515768
100023604041189
100037440383448
100035635305687
100032296627773
100031482499919
100026730702449
100024114634081
100022016361957
100021853300082
100015866177813
100035231528560
100038153051802
100037879092700
100037422499070
100037347736287
100035217922601
100034677859173
100034188069632
100033652208176
100033610503390
100031509990193
100029948051489
100024070161393
100023821817086
100022976559089
100013465242281
100037801520161
100034637386548
100034058464921
100033705405741
100024606608039
100021889748303
100011362323446
100036081211320
100035959637787
100035945895211
100035688559767
100033955583618
100033548980603
100033476805157
100030433263576
100029471780393
100026499104207
100015099466431
100014343248433
100037855448821
100037760873613
100037729817585
100036829941189
100036086197386
100036083147099
100036079873872
100034845549253
100028526566185
100028379355645
100027721028934
100025217448822
100019204159034
100016572307385
100014426678026
100036282820431
100035232137991
100034964353286
100034108776013
100033515864645
100033256384963
100032058435607
100028737531236
100027701088960
100016474569714
100014190992251
100038059821498
100037830126205
100037261091651
100036902510170
100036384452309
100036079312156
100035620872522
100034877023309
100034452527351
100034078426255
100033785078929
100033557943662
100032570718715
100031259182468
100030482313589
100029553782418
100037087201475
100034475961908
100034047393316
100032601360203
100032206116995
100028472243220
100027931840095
100027123066257
100025858758369
100022630350277
100018713472942
100010353121287
100037909658389
100035919406175
100035324890568
100035040379780
100034792845582
100034582865528
100034517241748
100032944573285
100032486212283
100030831456514
100030487265593
100029116788015
100029080444953
100023968104084
100023259193654
100014240646310
100037554286204
100037296140719
100037291783071
100036700269545
100035886664502
100035772456224
100035753409765
100035247458776
100032020455600
100030810153471
100030803773632
100030364622249
100029369378972
100026927090882
100025042390089
100024141652312
100024054939203
100022167978753
100014154703507
100013450842114
100037631180167
100035828264512
100035741000699
100034801610451
100033714215180
100032048312363
100030400969788
100013687065984
100037587729945
100037358730668
100034799716280
100034628430957
100034625657508
100031059284606
100030385832388
100029418690188
100027032970196
100025217442032
100025059697559
100013923046935
100037812996109
100032998743053
100031216184051
100025892523485
100021585091491
100035147362841
100034868118993
100034794721128
100034567006691
100034220554877
100033233864600
100028563009557
100026576681406
100026001349453
100018233928751
100016924900751
100013651812429
100002370472051
100036244146544
100036071641060
100035957986927
100035076582165
100035022228865
100033749141788
100033165919156
100029917144617
100029835829484
100028359591055
100027748656413
100025814238667
100016307167520
100013858183009
100037655268989
100035668355668
100033888420923
100035431563570
100023801599844
100035549689320
100024802703078
100034393958846
100037968379592
100035718344817
100026208278020
100025967322491
100033103012933
100029349624260
100035143731596
100036288875059
100038080337975
100036137612874
100026977460484
100037995694347
100037749827459
100034266528807
100030258612646
100036387532452
100025972984209
100015914346195
100015434207924
100037841047851
100029486281302
100028218319295
100027823194321
100027566379067
100012898980736
100035436399998
100031635068299
100030698571153
100037415434423
100036470889912
100035933480588
100035570822809
100035507550974
100034861659166
100033762502406
100033286700807
100033064658424
100032833456042
100031593981403
100030966847656
100030768644201
100026173307986
100026150430535
100025704140872
100024893074417
100024625431565
100024324683695
100023084502757
100019105230324
100016062453146
100015265248499
100011021590513
100037591930922
100035308659360
100028929008004
100027752724366
100021580086482
100002893241263
100038337123230
100037603182952
100037572261734
100037565894605
100037094961926
100036637860738
100036552603339
100036544639993
100036095471616
100036016834274
100035214548830
100034865662885
100034244963694
100033800181225
100033792432906
100033017491479
100032377264983
100031524280538
100030888555629
100030371299988
100029905145412
100029633206168
100029457720930
100029141447405
100027670659908
100027160219462
100027159339695
100026035632529
100025299437770
100024674435632
100024604216090
100022565651360
100014705260175
100012797748340
100012789073699
100009473630674
100038246079107
100033821312455
100028844435437
100028368227518
100026186462023
100016689965009
100037645752667
100035833014170
100035486438328
100037746483171
100037689819084
100032653000783
100030620392435
100025551983942
100014137992755
100008172458013
100038235069176
100035600641715
100035341880147
100034773886285
100034754832670
100034313512431
100031383426128
100030672350762
100029872820527
100029427245221
100029163185578
100028485371760
100027658387603
100023243553242
100023051347661
100015526834097
100037629524171
100036331417739
100034764102836
100034488554326
100033759517739
100032231146518
100029247735488
100023216110953
100017723580407
100038140834631
100037044212604
100036880231286
100036661724709
100035804683445
100035674762529
100035230682614
100035124332533
100034943521459
100034915613246
100034093457130
100033916757822
100032911553192
100031194913764
100029754061675
100029437603497
100028341126035
100027915737843
100027023004082
100021952510682
100012848770522
100007467135421
100037574019991
100036909946019
100035390542839
100035301549984
100034771486504
100031558413409
100031286824249
100029801982211
100028200847984
100021990252575
100009428520269
100033240935059
100036472399331
100036330065483
100034223144939
100037733651347
100038030762193
100035556002461
100003316939957
100037537936595
100028808774979
100027172011686
100025335518451
100022805704084
100037393273018
100036664600177
100036141975927
100033412458750
100031623421739
100031284607090
100028762457346
100025510500406
100024711274982
100021918130307
100010245006191
100003214864901
100033020107399
100032910121174
100032239862984
100031148987800
100028852742283
100027071042704
100025235979176
100024583149475
100024278951942
100011318524080
100037324040102
100037161563372
100036465451799
100036382092387
100034203923192
100033959325233
100033318078651
100032490850890
100031503935789
100028814382317
100027739868080
100024457224002
100014559047632
100037103446636
100035400742088
100030796793275
100030103152983
100029944998306
100027105852644
100011045948107
100038074158427
100034666127247
100033443270986
100031309692723
100028816785017
100026710871215
100016622472967
100014323309483
100011155275602
100038358062185
100037668517751
100037421363742
100036626092249
100036571081661
100036088863800
100035859408603
100033078123870
100029838411697
100026423841969
100016038042795
100010235557935
100003577655326
100037744940549
100037563042435
100037464181236
100036598444894
100036370923496
100036312248475
100035767878588
100033553500190
100033439480955
100022786560245
100019026014568
100037611540030
100037183781272
100036820420644
100036367164138
100028185014793
100027257550398
100038125962198
100037864713121
100036581318263
100036288422707
100030920390732
100029327343014
100024843399087
100038223816569
100038162497130
100037761993170
100033223323697
100030322890017
100037734256779
100036697983604
100035597763592
100035391941751
100034946139844
100033976487109
100033512912225
100032851112221
100032108202489
100030878551950
100030680741906
100028492771903
100027860583677
100024946515618
100023626122633
100019019977450
100038333798803
100038181060223
100037727900097
100036425363355
100034327868258
100029697196734
100028978698889
100026166241381
100024829206791
100019530434770
100037865673383
100037801964738
100037231878606
100035602863110
100035227382825
100035173700070
100034331146223
100033881074667
100030486108143
100029614396439
100028513386199
100028088093785
100028079137700
100027980901441
100025407022817
100025245379573
100024789141346
100023837971549
100022754164400
100018693302660
100017793570167
100012759670329
100038123535957
100037722722783
100037217544217
100034998810766
100032088167937
100029186400808
100028032751637
100027667982217
100024941289388
100023325612575
100022453457272
100021660363353
100015710383202
100013420776281
100000480128307
100038027918539
100037683611152
100037117548015
100036455241844
100031015292869
100029761871751
100025322927062
100025289132250
100024129157326
100022677651448
100037702690596
100028657201628
100036181244882
100030855091012
100038104789071
100037051542843
100036228011972
100035345490204
100034340648142
100033190158005
100031222890620
100030629101185
100030504414058
100029596142237
100029244391534
100027291532150
100026263732928
100022826692936
100019561444314
100013037473355
100032392334789
100034456486221
100026679772795
100025181165199
100009748869331
100036167899240
100036353076142
100035904123875
100037557153385
100031029702095
100029075940621
100035446477915
100013730371653
100033778624448
100026285810889
100037966698366
100033791977296
100011344274818
100028305219338
100028016256804
100037912654728
100036633616665
100019191337196
100014258823421
100031219982940
100028025210638
100035481495088
100020825353868
100032316611860
100036031440636
100026644009230
100038360911667
100032807200622
100010320764043
100037685078283
100034129564997
100033780099292
100017229973053
100037024800090
100029726074222
100029277127218
100027602080909
100037162100675
100037129452325
100030730549556
100024413236178
100020414559312
100012545987520
100038083892838
100035452579978
100034542138250
100034222941301
100031832950893
100025718962750
100021827554692
100036134842465
100035548200835
100035036242246
100034620350720
100034307018715
100034298499881
100031967580384
100030646955516
100026906138253
100018546369226
100037471922929
100037286385521
100037030510209
100036692260339
100035521724928
100033917773083
100031105998657
100030534500283
100029760502190
100027535565053
100025547842639
100024057260707
100014264057910
100037944733190
100035165890939
100034981745074
100034688153952
100031941033501
100031390081520
100030928383276
100030303185351
100028281286319
100027547162853
100026043410400
100024531304623
100014574343242
100009791612506
100037664370828
100035793964914
100034015484038
100033863674326
100031345207447
100030400562942
100027683749241
100027518722290
100027432486275
100026987660735
100026946037575
100020474797239
100037124416955
100037186541731
100035905674223
100035803336711
100035052511414
100033666751113
100026949453933
100038263892701
100025956499625
100019813300720
100037016137937
100030633908531
100031273240210
100030523470794
100003094384137
100035711422394
100035637605486
100034846792373
100034813361051
100031625742910
100029051621830
100022628295481
100037630397585
100037401459531
100036566058271
100035896261615
100035721547368
100035494611273
100035321075711
100033114321940
100032427260652
100031932150674
100031483340342
100029452872388
100029314014232
100024492260797
100017084610925
100015428222915
100037708970215
100037661688980
100036514862765
100036003826103
100035855582452
100034064361143
100029220555568
100027170540301
100026578459309
100026569578606
100025320736098
100023330253932
100036010215382
100035870959024
100035495901738
100034713992203
100034163943752
100032142631267
100031593729660
100027299661333
100025714596152
100023859129370
100021706063330
100019802613343
100015443647510
100027783703690
100029843661347
100027663936488
100032498174067
100026790196727
100038072923085
100036856932233
100034188231588
100038420011687
100038346218382
100037712449546
100034830739841
100034295392709
100028084446194
100037900487206
100037776460655
100037766081340
100034312014099
100033514233877
100026804173004
100026538780004
100038243010753
100038123042940
100037459722312
100037351922822
100037027489944
100035836207040
100035835037903
100035387281647
100035089280787
100034642921264
100034467801486
100033833113574
100031628782860
100029698044306
100026530038697
100025156240363
100024535334618
100023747341833
100023364271483
100037789634762
100037082660482
100035353893662
100035251623213
100034422432565
100033579708886
100033550970804
100033379155385
100032989920148
100032891214137
100032790493460
100032610858245
100032542761990
100032126627613
100031543522479
100029656718890
100028222450233
100026609694238
100025582950413
100025226901156
100024454188607
100023125125838
100022947876882
100021821176381
100016097137936
100015586208346
100036650702339
100036150341778
100035944952644
100035931109569
100035461342613
100035455460467
100035297657130
100034916617264
100034732092769
100034370890601
100033969979196
100033907083256
100032228510018
100030167072447
100022920015407
100021775072673
100014272363279
100037879637209
100037677615347
100037504673617
100037469212699
100036905083456
100036812179424
100035841126165
100035776567962
100034888992586
100034113285037
100033872717253
100031966247234
100030520260348
100030248961687
100030240485065
100028818120757
100028235045334
100028147030461
100027083407692
100026896222588
100026769882371
100025891771049
100024939462671
100023666911176
100022093038050
100012517781360
100011807432916
100037447954883
100036388934677
100036265727572
100035242471421
100032662297442
100031466003485
100025912763656
100038000837245
100037600689179
100037294514548
100037252212667
100036989800892
100036876043318
100035967750845
100034852447592
100033345323272
100033037638671
100031843121597
100031019461446
100029823917762
100029359260833
100028786088631
100027316307721
100027216732374
100027147321662
100023837387372
100019472704575
100015253502258
100012928240274
100008082517596
100038443830588
100037982078304
100037873574596
100037834567087
100036651220144
100036526394914
100035686118478
100035148317354
100034892450099
100033776955153
100032917103118
100030681902509
100029673409950
100029494443100
100025095097345
100021831455895
100037945274593
100037200312513
100034040371365
100033891216722
100032974270882
100031801883074
100031676071811
100030253338684
100028784738439
100028544628683
100026922589226
100025185583130
100022176048413
100011421117694
100035271560768
100034700709216
100032079760278
100029481070607
100028469730006
100027761266463
100025325401974
100037777940749
100035304369519
100034860786572
100034682782751
100033554410389
100032706341159
100031689563847
100027977560302
100026804011657
100022123810247
100009460509878
100005910368523
100035232875004
100029768986745
100029086562417
100032117049818
100024358320623
100037666456036
100037491253025
100036131925540
100032183143076
100024764541489
100037242872997
100037202401572
100036518240960
100031211059549
100030918090074
100030802129641
100030124592996
100030034291017
100027541461797
100025762990768
100022867411031
100022669445249
100013641433218
100037794077405
100037162352586
100036761896791
100033597981644
100032010521529
100036972521358
100031333356548
100023002608196
100036827451972
100035345495922
100034994898311
100034173648190
100031882941890
100031537683959
100030847343587
100030719389401
100025782170313
100022408719937
100018432843215
100015359530222
100037543877011
100036441068222
100035736592915
100033752019887
100033591030050
100032162231955
100027098791990
100034699610671
100019011371788
100037950153827
100037542082982
100037084815727
100037003272339
100036418565919
100036176559724
100035334276510
100034057007597
100032083221924
100031685754397
100031275042521
100028887480653
100027855965939
100027337104333
100026710181126
100026559579997
100024526447689
100024303996696
100015907148041
100026967828467
100025370717545
100038419561946
100037306363868
100036595027547
100036195736492
100034395454207
100034006160381
100033472338171
100032668607736
100030456370229
100028991417677
100028819443108
100028448896581
100024235454560
100022981532744
100013855233238
100038194754776
100034764053747
100026364942567
100037460108109
100036095203225
100030992023410
100029304757000
100028343869732
100027996591217
100022041798799
100013489263786
100011257927723
100023126287140
100038030342214
100037951362897
100037841534243
100037435876564
100036331912254
100035803894722
100033557770669
100030814387975
100030622904303
100027036225311
100022413457375
100021904443619
100037017396443
100035340563973
100029130675039
100022304100843
100021847959719
100026915902876
100030028771236
100037542309270
100034880136432
100014642944043
100024198250499
100027510414227
100033502326946
100029800809220
100026793109712
100014982218065
100027960272927
100029164247088
100038076843297
100037719336928
100035297948789
100029819377062
100023994106870
100031101863630
100033540943975
100026562073593
100032212201887
100035173510471
100034976000550
100034218969540
100035128310468
100035471872678
100037036686008
100037894057618
100026813676825
100037634924398
100036114636269
100020798424046
100035919063883
100035162084838
100034722961975
100032059242440
100030685423733
100028347640857
100013861441176
100037310992696
100035731804870
100035579273038
100034995992288
100034845870635
100027604157202
100014093531550
100029721006552
100024346808082
100034911751528
100034408936027
100027386860407
100026852473940
100025684121117
100017081622796
100007281193260
100037753652952
100037537943022
100037315089898
100037292225447
100036563920342
100035943666835
100035879675387
100035275958418
100035042285383
100034609566222
100033874111966
100033174981819
100033092826118
100032858137496
100032004064321
100030614172261
100030401765233
100029857596105
100029600932498
100028133676777
100027102797779
100027016410907
100015853565728
100012461175640
100037362543319
100023698838095
100038192223164
100035773090684
100035159940993
100035057681967
100033885574623
100031455726831
100030691603336
100029983070432
100021043724450
100016118469908
100010669862484
100027193157770
100022885097024
100012636432420
100033963518859
100029242926190
100038117958572
100035219720935
100033692536279
100030949483106
100024549758600
100022620994493
100021576546498
100038370540169
100038355276718
100038269953292
100037648850965
100034893675795
100033873211387
100032352064146
100028687160516
100025080316890
100022445735131
100019286290455
100015333049039
100010370442679
100029755338256
100015472846728
100036675540887
100035747771888
100035249580120
100034400722770
100023775519554
100031282270469
100017790780165
100035917305808
100023197044191
100027149440071
100036239238403
100037796169863
100030245351594
100028474965297
100021297186152
100036661894811
100008286966019
100035859620900
100035665475932
100035160820263
100028793075082
100028302863193
100026945928945
100025174243107
100024761520591
100023523036847
100022379886288
100037301434404
100037030804001
100036959110005
100035704548209
100035596732908
100030486638340
100027960571220
100027454421002
100024821862916
100023266396923
100012850501408
100010186185349
100038179023629
100036343266100
100035276588696
100028495660499
100027811302254
100025630126123
100012663128309
100037521436845
100036619012800
100035941074175
100035757017396
100033508577633
100031444981596
100031444154806
100030958004379
100029436555086
100028267127715
100027895730250
100013270395196
100010266241710
100037821302561
100037650275523
100037457823411
100036550957512
100036264729630
100036086678074
100035532676349
100033460606398
100031705511636
100029640661081
100028965072683
100026887220564
100026718276373
100026399866576
100023867193645
100019039894649
100037956559120
100037705351550
100036272297587
100035188238672
100035113966004
100034963520809
100033770352027
100033481665390
100033381678316
100030756663223
100027369558368
100022843334784
100015783877172
100037301344176
100035415397993
100033817218806
100033392414690
100028374423745
100027975639274
100027856276511
100024669394581
100020438314888
100013931829732
100006938236121
100031737037268
100031653966205
100030781164178
100029397982274
100015002024135
100037327841768
100037067439481
100035448810880
100034967779268
100031586508526
100030071200994
100029403079081
100028897869349
100026125632259
100025815432545
100021176150459
100013028884036
100037244119940
100023334400962
100021612500270
100036176599658
100035015471100
100033417679398
100030647859013
100029188723871
100029051324370
100026507868208
100024051291648
100015106807786
100038352126976
100038188507748
100037888430420
100037656302871
100037428220210
100036260467106
100034957813251
100034845503309
100034838271977
100034407256056
100033825142742
100030672765932
100028237193259
100027487998107
100024904791814
100024617560536
100013812078827
100037886046878
100034651869220
100034424204504
100030111452602
100029410183114
100028142024518
100026125189690
100037134795406
100036024950156
100035737940691
100035735263368
100035279641842
100035241511038
100035015423936
100033836975862
100032970009231
100032010846980
100031921493919
100031442437468
100030540593989
100029289727767
100028862201583
100028372536420
100023715270243
100023384180403
100022716825813
100022690476899
100015435463673
100028192041488
100037484442609
100036587955151
100035267048903
100035135837804
100033377053173
100031664768720
100031517220549
100026888926921
100026339311599
100015257119254
100004642692998
100037884792097
100037260502768
100035797020135
100034620982582
100034281555403
100033046833348
100032832049544
100032506572703
100030023940919
100029569218019
100023900329822
100006854258957
100023974508265
100034423035719
100030579060446
100024738759488
100037705845604
100031364295089
100037556974419
100032280319669
100024928245055
100036013548704
100037012837771
100035457168232
100035388847059
100034677156580
100031643494202
100017105025369
100032931231020
100028511831451
100023564409103
100034905697219
100032743445475
100029513001479
100035316701078
100029892343970
100027548983692
100024148714885
100015453223624
100038019753207
100036647102026
100034763804659
100031665002043
100029072808538
100029005350798
100028649173388
100028287850803
100028006591777
100025783352778
100025445466271
100024928890248
100022619836035
100023953004921
100037358071531
100032287970940
100030375735624
100029407114886
100037635439433
100036662680292
100036397699122
100034998823086
100034594515806
100033951902673
100033864401351
100033463451163
100033298475351
100031467314333
100030949971374
100025707402760
100023720771881
100006896532735
100038331722545
100038188182442
100037662769451
100036947735032
100036579708101
100035348351691
100034633330986
100032606544374
100031731994938
100031148043117
100030752042750
100023199556880
100023044780641
100018076662981
100017681839221
100036737193909
100033177752613
100032732190965
100027844023538
100010952675199
100038396342271
100030441008275
100023809800721
100012442484395
100011655277169
100037169660244
100036513485126
100034711890323
100025674793878
100038099629996
100036208954810
100036033705016
100034826378343
100034802771962
100034038622720
100033122541322
100032764204069
100032726406027
100030917901568
100027439303553
100027343451094
100026766711738
100026424771056
100024274901877
100023457457048
100022370975250
100021709547215
100021629445280
100000307415791
100038243260281
100037307111787
100036953864601
100036225278077
100032751974902
100031934213720
100031849213329
100030768334042
100024061596168
100023273059112
100016277559739
100038384192929
100038158146210
100036138559532
100035725266898
100035537372423
100033461735096
100032264660046
100028391532115
100022336462827
100037629333649
100037446396762
100036877003001
100036238610531
100035537225452
100035451256632
100035184662206
100034695411749
100034645668549
100034106240561
100033862691660
100033195878491
100033154598317
100032559069788
100032461892025
100031477234660
100030935089328
100030639818653
100028287188737
100027365211656
100025613673537
100023437879733
100023318149859
100034593582238
100034396426169
100033548734647
100033479897082
100037648774579
100037591864423
100037337948579
100037170481348
100037094520126
100037045629534
100036792608768
100036555320282
100036076240468
100036055327529
100035817886494
100035804208786
100035679486545
100035639989145
100035403286516
100035083897041
100034832479305
100034573694398
100033414240161
100032992998716
100032782453043
100032519673177
100029928584902
100029856213701
100029220309523
100028897355632
100028329968031
100026701537142
100022998500220
100021858000725
100021175307434
100020835300706
100020420198444
100018064995681
100017094586656
100015569191194
100015329051541
100038307997351
100038281210961
100037327269316
100035416220712
100035312734541
100035080419112
100033988184164
100029957286281
100029422691226
100029321081997
100028527171386
100028412792537
100028398230359
100026797116348
100026756782169
100025144936374
100024105426674
100018129791272
100015037788351
100038288972248
100038186735346
100038113515984
100038081183400
100037853403461
100037702573439
100036438392994
100035888257646
100035823255694
100035672227137
100035553493131
100035352140007
100035151964008
100034937841949
100034879517705
100034812435861
100034550812316
100034074293114
100033978863146
100033908663825
100033818715938
100033232614355
100032455864807
100032273386200
100031637502444
100030925117305
100030564184091
100029822297110
100029680971581
100029004713127
100028900082949
100028582682967
100028476698548
100028448504432
100028248423818
100027742462355
100027468770895
100027020011426
100026185062424
100025497074369
100024426346748
100023437650653
100018464370959
100016900592013
100016587002056
100013778345087
100001001514103
100038389890478
100036088281040
100035950778884
100035312533876
100030250959956
100026329577544
100011274813029
100037069983678
100036534622249
100036433700998
100036342191634
100035409048216
100034681630498
100034379838652
100033133360141
100031049660862
100027582796021
100023619732011
100014616705430
100014600864404
100038384943107
100037975473204
100035419205403
100035223137369
100033996651532
100033694681403
100028957152069
100026702504317
100024271630088
100015956172858
100001952675407
100037856322546
100037806707483
100037692549473
100037433443188
100035104477948
100033737500990
100032405377794
100030740830250
100026920820286
100025471577806
100021037066721
100004749933365
100038224861509
100038126329479
100037122260535
100036685491244
100035951210005
100034676023322
100030950928406
100029376033337
100028025370080
100024245091922
100023558838951
100014888526706
100037701701171
100037535679114
100035826315553
100035661846224
100035463540841
100035339686638
100035324885352
100035299713406
100034732244979
100034174522248
100033654097389
100033355004644
100032301533894
100032050816575
100029291561261
100028648733806
100027013905458
100026834165526
100026173998460
100018995779327
100016433236943
100013194270560
100012734292533
100038200810903
100037640297610
100036008228768
100035240056696
100033265200836
100032859765278
100030464280336
100028728851538
100028282314234
100027997476835
100025219144799
100024927519603
100024413784205
100016881198307
100010559911356
100038240013409
100038194514217
100037556262801
100036945969304
100036754658045
100036655297180
100036256830264
100036001186240
100035864535612
100035545729075
100035540415396
100034772470145
100033763181890
100032217735120
100032038055227
100029645839945
100029288652478
100025703733448
100017214067721
100015652087875
100015258300320
100014703600673
100012258039592
100005270019945
100004910734757
100003965804765
100036231856866
100038138831481
100037911889098
100037871451702
100036363620266
100035735373383
100035266357558
100033936368719
100033716521358
100032425431495
100028246474109
100024686949730
100037443833742
100036228586566
100036050834544
100035059253300
100033139276803
100024129454953
100037350030440
100036058095882
100035266087033
100034716546782
100034324058529
100034293225109
100034119740330
100025972431767
100018860478610
100011540431997
100010093869926
100037970322926
100037540814750
100037078686333
100036481921877
100036359531477
100035390981561
100035358081147
100035151579337
100034876893552
100034490470952
100033697371565
100031271222915
100030757202761
100027085901318
100026364288815
100038002234862
100035948534792
100034920102822
100034882882562
100033545717811
100031437933620
100026907576029
100026255329027
100024887258437
100023469930521
100020085936259
100018299138208
100013861664139
100005083294385
100037987091802
100037837786747
100034252157393
100033506060152
100032438940674
100031338073464
100031171591803
100027882280729
100023119926098
100018577202376
100011764448022
100011159711844
100038199932858
100038049400855
100037296582428
100037147189701
100037075323634
100036356154267
100034689122143
100034565917500
100029328468368
100027780401264
100027760806568
100025118955845
100023272772723
100022770728836
100018352722791
100014884782816
100037019304386
100036111305056
100036066345955
100035872717081
100035614033441
100035225161625
100032886705891
100029997503849
100029704653466
100029400785011
100028319970628
100028028464926
100025110431757
100022823776064
100022080951888
100018162586126
100012211290834
100011975641010
100008667915726
100006068972592
100037367550795
100036407054293
100035008091285
100034989076489
100034286900858
100033349836632
100033188687751
100028453274955
100026336810194
100023958301652
100011035922493
100037909733498
100034298537669
100021245253746
100037088701592
100034527198919
100036676713603
100034722348627
100034452382549
100021617897214
100024329200948
100022580286180
100033612274724
100030995670704
100030125719402
100028637449472
100027477122840
100027054674590
100026630349899
100025268659504
100024890193135
100024139641485
100022861066562
100015454217050
100038375223979
100036952477178
100035481502620
100034840965335
100033650498757
100037835089897
100035822986549
100034440580157
100033896926274
100030169072800
100037562136569
100037504941767
100037435455879
100037250435705
100036170087823
100035894809660
100035824366199
100035655857683
100035400413378
100034846507225
100033907875661
100033482805335
100032016280456
100031210309994
100030664743048
100029281183511
100028021932767
100027346628569
100026579431479
100025759841608
100024790984936
100015691157214
100036921792987
100029991430664
100038081477740
100038064678473
100037767480726
100037427300198
100036063226507
100035981020244
100035440595058
100034595196751
100034433055102
100033717541623
100032473043265
100032259064907
100032081691239
100030930314493
100029439467919
100028796989325
100028599541727
100027542228893
100022214992491
100022014073987
100009100918179
100037686227689
100037644741422
100037270031262
100037155195247
100036709834112
100036427410293
100036193412245
100036076747392
100034695490731
100034514679060
100033732468866
100033542691455
100032017266938
100031889514257
100031514782155
100030471542287
100030462351701
100028792782351
100028108154744
100026436902795
100024151521778
100022602197616
100018022785841
100015220723576
100014047213576
100036692205144
100028980766490
100026901489931
100035559951094
100035401419085
100034175912658
100035209590825
100033263000692
100028218780322
100037808853620
100036720395901
100035511885728
100030481823511
100030001532809
100026842473522
100011266748867
100036323620456
100030110450770
100024912921761
100037936561933
100035778947251
100035029042572
100034681971480
100032102077960
100029181076091
100026740281741
100022892376621
100015910485920
1190212672
100037003876091
100035842818849
100033551870467
100033278284905
100031392242064
100027297735282
100026656639989
100026653593418
100024706931746
100010268867347
100038117916553
100034121811565
100028794550446
100015425493191
100015397172912
100037990121249
100037933854130
100037641300205
100035804027180
100035200113228
100035167905693
100034585929238
100029141447336
100027060795878
100015103475383
100013137400666
100011117583198
100007055207484
100036897923062
100033202854134
100032666405418
100029929300683
100027705168656
100022346528195
100037406615540
100036353881113
100035810061336
100035374184399
100035201760456
100034432553756
100033992171293
100031061148152
100026621647609
100026163102037
100023042356410
100019627417905
100038153382285
100037801260030
100036909201345
100034910896453
100033115064623
100032497929118
100030246376619
100029313892334
100037446288020
100037377090698
100036798406654
100035606795005
100035429145722
100035388030003
100035036781468
100034585630176
100033250823532
100028231026986
100026766407793
100024266622944
100038364634315
100034688151578
100033385032526
100031216307789
100030766036262
100029994384135
100029070334459
100016935334792
100038112885696
100037879621346
100036527852590
100035870591618
100030113484215
100029890329007
100026014905150
100024297820780
100022523237328
100022295442001
100022115836774
100021981720910
100014607252889
100014568540851
100029208159982
100025289271556
100024904611036
100018707981353
100013803588941
100038430840640
100038352426297
100030703604725
100029692452301
100022094470745
100015870132767
100009619188466
100004387480011
100036855257374
100036524292386
100036458930627
100027546030908
100025831740623
100036077152124
100034984791834
100033333857942
100037486620462
100035788883092
100035233123703
100033728567301
100033566231724
100032504104311
100032427200708
100032324330667
100032176923375
100026613090854
100023763464929
100017310432852
100037765638577
100036419970519
100034210295823
100028073345751
100027120725574
100017340361927
100037811178946
100037629282482
100036940402074
100036799358516
100036739283705
100036201544760
100036199056350
100035423251761
100034808984709
100034763144852
100034693641950
100034363149902
100034171566013
100031715709858
100028938761423
100028706798761
100026360056331
100025404666837
100024539043567
100015623641957
100015332744293
100013908673846
100013306327299
100037659067406
100036849946865
100036799282136
100036307207637
100035955396219
100035864692396
100035397049074
100034683964616
100034511779999
100034112508820
100033461263768
100033256398696
100031756790350
100031209947478
100029606432691
100029029146222
100028617845917
100027880665269
100027001398949
100026564654627
100024632626500
100023360222839
100022274891181
100011766068921
100010285996553
100009835574130
100038081325160
100037215827146
100036986595528
100036915704638
100035773514226
100035493000813
100035409008721
100035142233091
100035060281007
100034829132419
100034466207947
100034322706165
100034110679042
100033014269654
100029686904833
100029637303414
100029625376120
100028591238660
100026660416648
100024817206792
100024428118562
100022571051112
100022005288359
100032943301280
100010252210758
100037457461150
100035982645497
100035613034551
100035405751225
100035163223514
100034166190594
100034045340396
100033434151810
100033281243105
100032949022032
100031767339494
100031703172021
100038072528634
100036973088054
100036969233033
100035879570702
100034772677516
100033204918308
100032426582552
100031396429829
100028338382492
100026389203654
100036890763451
100034155000863
100022136942436
100037825093469
100036840780296
100036307691647
100036282376310
100034502686061
100034379737459
100034180746372
100032112764955
100024732696413
100024634221276
100023985300775
100036920681914
100036346669622
100035447359226
100025999590583
100036000768260
100030264259487
100024087966021
100037820980062
100036953207439
100035287221675
100034882089523
100034624834796
100034623921544
100034589117938
100031956556207
100030889402335
100030417425776
100029710700809
100028467462165
100024236090623
100023883573890
100023266068918
100015536193485
100013956960726
100037823385653
100033667745404
100023983188156
100037928720903
100037725764787
100037619480661
100034605817852
100033623376351
100033532777484
100032651616945
100031519961395
100028275502253
100022588236849
100023168173437
100019933484034
100038123047249
100036093466751
100035961903353
100029787666151
100026859413987
100026285230525
100025424720742
100024004422696
100021815201751
100037907948328
100035741897888
100035080365930
100035068369941
100032999492156
100032823550282
100032529642218
100032349253769
100030184026902
100028043706184
100027844670715
100027390036952
100027306647812
100026207931265
100025641113728
100025193261347
100024625125239
100037558451195
100037422663946
100035210286797
100034970717494
100033149179806
100029438692762
100028522096196
100026033820549
100022490872414
100000057538193
100037980293706
100035717983542
100035705403102
100034644733930
100028568360563
100028306786453
100023079765768
100022827451562
100035930595265
100035271215528
100035146180253
100033421000271
100032900982477
100032110100155
100030943300963
100029591911143
100029336971185
100028160165964
100024344060224
100012574871652
100008340963137
100033955909803
100030737133927
100029031171300
100026637048506
100038328904197
100037969330588
100037549389735
100037469911476
100037389859025
100037353923455
100036712728417
100036299287451
100036010660189
100034308523151
100034253319026
100033561563680
100033083121208
100032121483927
100031307386260
100030441314771
100029139918316
100028823569674
100027781338586
100026988623439
100018780005723
100018021287824
100015335893936
100010036355806
100036975191635
100035179116992
100032151619323
100031750271297
100031279095261
100029824332435
100028822003939
100025113093595
100023708088970
100021746760223
100020331917077
100016953856026
100037936835490
100035440065039
100034575318936
100034234087718
100032150806644
100028883498154
100027741129700
100026753178546
100016804964796
100012936818771
100009069064016
100035710400008
100028427284026
100037889583063
100024635610659
100036833210019
100018416675704
100037222750716
100031918304154
100038203151270
100036597232678
100024252573276
100026933440421
100030450820679
100033942246217
100035338756897
100018280474123
100030146871232
100027560892770
100031723816301
100037276665616
100032140807520
100035003556284
100023365130650
100033283583373
100026254306986
100022081094311
100024286960499
100035072977199
100031277784278
100031114543335
100035479847054
100021246462503
100032214309016
100028796301422
100035344875828
100018108337647
100022309101346
100009500972351
100036340815923
100032543345710
100026403070775
100023713597070
100035820260885
100027115634652
100029227952849
100028069052306
100037570683555
100032964938850
100031867746664
100038075441207
100036225348253
100027959130266
100029057946498
100014931212286
100037843384565
100024304730742
100035457046471
100011458461076
100037828520261
100033909172147
100022832768341
100035973593859
100035706948007
100031506993799
100029012199778
100029015209744
100028950545995
100026833760433
100026980875464
100026739102702
100015265965314
100034695107099
100026961647685
100029262635444
100037742710432
100035138312840
100015523330159
100038108445808
100036076402150
100014980984167
100034885485384
100029008717357
100010072416715
100027751641199
100022090313242
100037661354325
100031983619510
100035410703897
100034810328211
100023823150250
100034360658681
100035185506475
100028760417942
100031016987876
100029676875451
100037855668808
100037406800005
100035829606177
100031790344859
100035821757233
100034893822994
100036015584299
100036429375002
100025108426218
100023428848361
100034877406036
100026232348575
100036348641412
100037065335514
100012710252706
100033506445113
100018128373191
100026335216909
100022773791206
100023167072774
100033027670533
100022024213426
100033732994590
100034264324000
100025523889564
100036714791242
100034713393733
100036564590256
100019476780227
100033479223920
100024474109967
100010467337993
100034547685001
100030886574502
100030701754112
100024406687616
100017437176118
100034298890098
100029962160903
100027902536924
100037603026832
100028860078782
100024843908297
100035797206810
100035620461164
100034564328922
100034219221988
100033754693625
100029902570518
100027714524009
100026609604029
100023896279290
100007769587582
100037649528712
100037331593168
100036486042999
100032931261884
100029701421832
100028884252701
100026687358420
100016285686488
100015827174399
100036727417472
100036098196070
100035748271495
100031222833716
100029283823589
100028485161763
100027241035764
100023426441076
100020867564123
100037744927701
100037516339863
100037117576751
100035945633111
100035569260268
100033719715163
100033678074643
100028899219268
100028476097355
100024460460522
100020682186965
100014406065072
100038049203051
100037639805719
100037496448461
100036137685362
100035668514971
100035148998623
100034716219964
100034511655043
100031841101397
100029116691873
100029111121599
100028005548814
100024945404038
100023203233219
100018316092669
100012912587431
100012429611731
100038129118327
100037898140500
100035526578576
100037894972490
100037453541742
100035919195879
100035482845108
100035057021534
100032953701696
100031020192817
100029891299216
100029724527600
100028040808807
100027881594099
100027646155752
100026917334930
100025515802298
100024388320463
100022058272657
100018232324921
100015251927809
100008670496427
100038089151322
100037185064989
100037130659273
100036461970600
100035797742440
100034583801331
100032654402186
100032216165878
100027884178136
100026803729348
100024129246678
100022503433064
100036924573218
100036221445856
100035354886830
100035289667848
100035041907209
100031247222337
100030576573243
100029221183933
100027808553148
100027496967600
100024094205853
100022035136412
100038377890320
100037578756622
100036885455958
100036388541996
100036188970247
100035232911175
100035214639351
100034905602209
100034894609789
100033644442380
100032901459573
100032816916662
100029053449412
100024215561620
100005192594457
100004119886036
100038341530583
100038298005750
100037421596992
100037062253278
100036785384933
100036731674843
100030423171503
100027273740005
100026932060447
100026440536294
100025726215600
100024979637286
100023560181172
100037261182485
100037197367668
100035348322709
100034705835242
100034674245010
100033082970721
100032178919360
100031330928246
100029239535588
100029068081647
100028617695948
100027154096667
100023100991283
100022521093942
100021216195886
100017482509638
100012309725566
100037799052220
100037591942423
100036970333751
100036938343233
100036640658029
100036102891098
100035766368714
100035475285719
100035057314856
100034869797005
100033414306375
100032759692166
100032674693970
100018247087023
100037860879772
100037050662133
100035875614159
100034837093505
100034794650038
100034584062053
100028647722653
100020423027579
100016581368551
100013309621666
100031446883217
100036872196366
100036781943291
100036243713448
100034813720583
100034691238490
100031064783007
100030682482068
100028603030045
100025301195747
100023448188604
100037417204682
100035930896206
100035698545902
100034369533530
100033508878816
100033066711008
100026658243341
100023507834739
100019877202511
100016457920397
100012744071333
100037230060498
100022320983374
100036715923064
100028339337386
100016683159423
100022603398341
100029825175464
100034803803251
100027564264175
100029596096263
100035207538892
100033714643433
100028523172938
100038184873647
100037059456543
100036790731040
100036458769590
100035589098285
100035165940101
100034395981770
100034264670906
100030593437603
100025768692980
100023626625612
100037303938860
100035583036429
100034938825725
100034757030500
100034397680041
100032839309330
100029173506538
100027636583067
100022544414535
100012352122532
100006647357568
100035095269953
100033643163740
100025349470755
100037862947285
100037611834173
100037582967744
100035500791659
100035266762762
100037406537420
100037265194969
100036477256523
100035572997566
100035334645109
100034626764966
100033661611208
100032459469143
100031891850036
100031662132125
100031307222499
100030944413942
100030314079257
100029693030995
100027893091438
100026493256648
100024917934189
100018570405083
100038278112814
100036598985338
100035994694796
100035881170345
100035274262444
100035155326598
100035104303214
100032247825514
100029484460717
100028754383142
100026616982259
100025539182985
100020757859993
100017756949595
100012651960569
100035573231653
100026614395008
100026323839711
100015229632432
100014595454635
100037974831709
100036607634059
100036340092207
100036159761391
100036015874550
100035490702813
100035405852896
100034452432337
100034314045108
100034010345650
100033732638389
100032876653701
100029611275478
100028361133959
100028214194829
100027785740857
100027522670240
100027107251784
100025366892485
100019994809132
100001504096080
100038304969626
100036709479537
100036175952299
100035190066969
100034804742100
100034475560781
100030742178482
100028903241277
100024709127580
100016658910421
100016331105462
100003696586426
100035862193362
100035445093606
100035077579876
100034776367622
100033964354108
100033116092584
100030010568402
100038105736616
100037572526552
100037536331697
100036791771888
100036757071960
100036680352804
100036364300450
100036204163618
100036184052392
100035838846274
100035716562363
100035588056886
100033985244158
100033416144318
100033137153840
100032532071822
100030372163551
100029389402943
100028808063965
100028016953433
100027811352062
100027483036886
100026655902594
100026516430103
100025503580294
100025484344437
100025416070590
100023601254801
100021901097924
100016719166763
100012701233529
100003301753024
100037072303604
100035046423874
100035526250365
100027282994542
100029096752898
100023262336655
100025041104320
100026020143012
100034597743977
100033136746156
100027141434965
100033760295131
100036700666192
100035134728634
100033966880991
100021611132907
100031852969324
100026285213564
100027870168577
100019189060327
100017584534961
100008390522643
100032515356637
100032082426168
100038043736555
100036861465699
100029483313543
100037011183024
100035558926658
100029625791593
100028639470460
100023952113152
100021926381563
100015449686249
100035935629174
100034820706899
100026185684842
100037392377444
100036855974415
100036147370375
100035991814110
100035762052299
100033635299234
100030819672765
100030205404160
100029802577977
100026976934082
100015041327492
100013679478157
100030145384805
100036569721683
100036300015929
100034656038052
100032281093420
100025289736778
100023653575480
100014847820888
100014125950951
100038143804502
100037715071508
100037194611692
100036890716188
100035606672274
100034589802110
100034505798494
100033928353199
100033534174024
100032607153660
100032582092201
100031491193753
100030356866497
100029843959225
100029733213843
100028225064934
100025988612439
100022645264576
100036745823144
100027053623656
100037620091627
100037476054190
100037051170369
100035503293440
100035418073255
100034540111175
100032573899226
100028448829342
100027459761965
100026863866940
100037672636300
100037289764168
100035914129118
100035687284141
100035233723083
100034768999225
100034233101902
100033852619258
100030848629695
100030053525953
100029508742863
100016401180894
100012383350491
100034614663548
100030468247142
100032054451995
100031235742908
100035981326373
100028539667894
100035749681256
100034528538517
100029385814548
100026922527450
100034473231255
100030261072805
100037092977659
100036245131197
100034979583769
100034713218057
100034324389521
100031659737102
100027193112163
100006419617025
100036125030999
100027665974564
100038222610988
100037770525779
100037457870079
100037351422244
100036096422447
100035992400028
100034938979999
100033546893428
100033122769917
100031906723558
100031401021003
100030528246112
100023768705953
100023724804216
100019235886144
100038014668394
100037092159794
100036971181841
100035444263500
100035098372085
100034785165438
100032461088223
100031916466532
100029242751830
100027750553395
100027517689465
100027446703746
100027080280502
100027047673810
100026698013335
100023412280402
100018481395185
100005289131715
100001961535407
100037891012923
100036967114050
100036926509376
100036481416003
100035000484197
100033937357632
100028782857957
100028505858696
100025197741965
100025036066074
100024682657099
100038104728679
100034305450896
100033293029002
100031101210599
100030101018337
100028544680820
100028438216565
100028343113684
