100037233361898
100028910323397
100034709561173
100029544811306
100025264763013
100028951141929
100031723865157
100014299757446
100036065341115
100023934826433
100036980520142
100034378451504
100026305880804
100006807527153
100037741220450
100034298900454
100036971028591
100037060251867
100029244392781
100037666043155
100036321440651
100032314925597
100037862978901
100036189371652
100022458350331
100017383239250
100030712071157
100033989534171
100036207643778
100036087263465
100023008041933
100023772703428
100036014371160
100024953811247
100037654519149
100037784102555
100036987646863
100037743810634
100037381564862
100016918299234
100036442297124
100036522097933
100025785379078
100037037735195
100035518907596
100037276968244
100023132453466
100036298305033
100036268598628
100033594101710
100023377266472
100027903759671
100036377867710
100035776013390
100036180522660
100036282463920
100037618504735
100034387750966
100034629471697
100037120685208
100036227704848
100037057773988
100035919648279
100014701936846
100027590483451
100037549530460
100032141823354
100032882476377
100036133784022
100023739073829
100022116822224
100012213765966
100023514060445
100026607380744
100032101122420
100035626624550
100027054696984
100030908700154
100036074586352
100026697212577
100035807655743
100026466519533
100005285958873
100025145584870
100019401667791
100036370080737
100028545500293
100035287982780
100037642177387
100027540367379
100035515463730
100036091052158
100035699893459
100036075528015
100027704620764
100014473804681
100022916647382
100035076037756
100036894252932
100006500502135
100037282099617
100037577700373
100023726346686
100026129312916
100032782331731
100024724907618
100036378972509
100032586091670
100035260091508
100036894442243
100022124556482
100025792188681
100023706862522
100001493760569
100034605516802
100024742537544
100035291897647
100034245480734
100022651884165
100037327789335
100034918032200
100035017430815
100034756982788
100006216794695
100013506331461
100014824242434
100036525021854
100036465332751
100037370237807
100032806380346
100035387268090
100034560307905
100034366332898
100027421613021
100030051196516
100031345785975
100025215845485
100014657238209
100014761066849
100036524328594
100028259431614
100035919559283
100030626949804
100036667973620
100036948174004
100031642660941
100036806771321
100033371381004
100036102853237
100013397144456
100033847891200
100017076639778
100035775169495
100036852472596
100028533859394
100036661392525
100025024074139
100030490477742
100029451346751
100017779759509
100021123651941
100035802256550
100037138983894
100035287989280
100026836813015
100009019484523
100035545541895
100024082567092
100035945392852
100035992305080
100036829003978
100035438713191
100036862640389
100037264172839
100024387038801
100034867298136
100035598128535
100026715864365
100029600407888
100014571129133
100037206709090
100011098754544
100025440593319
100033008344320
100022496010552
100026778012297
100036059136081
100037402305943
100029536025133
100037664130066
100035270718678
100036104896154
100036276738970
100020403766485
100029260171868
100024105710007
100026324962715
100035382157261
100034676119409
100024400903642
100033045150668
100036208804398
100037091076967
100034730171499
100036418580187
100035601842280
100026699880755
100036743632014
100035590928723
100037469671929
100028434880743
100036795078840
100032576420444
100036828487819
100016263377883
100027378242638
100026787150339
100036474382883
100035280692917
100032807647976
100022591247664
100034839362927
100009423912288
100037301947941
100035929253250
100036778608464
100014686333829
100029770998317
100035013219066
100037227996569
100027905349909
100036032978788
100034471724129
100037409530393
100023001574411
100019225653049
100036572025085
100036717798556
100037321261403
100036171893268
100036289750611
100036352578985
100028419672309
100036698589747
100034544507561
100004031004032
100006531039829
100033237870322
100033932172421
100028221681731
100027253998491
100037159302596
100022771364885
100022154243256
100033064071383
100034338275722
100036972906620
100037006590728
100015325021591
100034726656336
100004207205193
100036630600082
100030271854377
100032796562287
100032721677957
100037367170938
100023030834362
100037133509630
100036454882846
100013537088288
100031216277847
100035680432692
100036738291615
100036685363206
100029120495471
100037262717117
100035140184390
100037478973356
100036119631601
100030969300085
100028254872964
100034404692917
100011791239213
100036341281108
100036520906889
100034695202837
100012158258707
100034987546182
100037027983748
100027421943568
100009119912097
100023969804174
100034029761537
100002733168603
100035687932121
100030185824403
100031595592878
100037126482396
100021618136843
100036463955194
100036014033954
100031674727549
100037227613562
100037132032119
100036973457945
100036008027014
100021654863134
100036763072197
100035894371990
100032049152103
100027663613807
100026555472008
100034372403350
100002462709835
100014082007012
100030615379803
100035417705669
100037009217136
100037001870008
100037185517427
100033041754139
100035253395104
100034244371529
100030660278173
100023753353947
100037016580854
100034235504336
100032438300581
100031161666592
100032263156821
100034024386614
100032422327186
100020191938164
100037294770601
100036719270779
100037313374571
100034192579627
100036817831924
100028159634813
100035834391252
100014973795327
100009585311244
100037053497280
100009299525217
100036624102785
100035660535881
100016150861408
100036849563512
100035641961466
100025377450263
100036026360096
100029127727222
100024639774343
100032874584416
100024997840682
100015917253163
100035183922656
100036321225348
100012474582763
100025501514120
100034668576673
100012291525939
100030803373760
100007973386524
100034178047119
100014659174238
100035935793405
100031331182450
100006198971637
100035929777523
100034521793805
100006202781682
100017307965838
100028324417051
100010974820443
100032202481013
100033697362483
100036745343491
100030781770627
100027378830144
100027817201398
100003342956129
100024319204089
100037211463418
100024355062319
100035075114411
100031171033761
100033370148805
100009633546575
100034190953086
100037008253127
100035884540289
100034462350214
100036529303315
100010219271248
100036813671259
100035788692918
100030413710141
100036572317650
100027519519282
100035723894584
100036252550949
100037027741611
100030761533826
100026515250853
100019014618208
100003001089451
100036985330081
100036667944369
100027583200593
100022541001332
100028174250520
100036836421668
100026501480154
100028824163749
100036763520378
100035787969150
100023799500143
100036007334630
100015094242562
100021515563708
100027085853953
100027916927817
100030392237482
100027018456623
100036816280741
100029540170886
100025058963730
100031148680245
100022566770298
100024768106422
100022461605280
100036127221859
100035006903738
100027040492835
100024847124870
100035520131599
100023593085186
100035477460647
100022169380518
100013367318731
100035557354431
100036248164335
100034919913108
100037022678390
100035554096806
100027439771475
100027729015775
100036830119692
100012138517929
100026961589942
100035597144124
100034195568721
100036879247367
100036484520395
100033532163409
100030852233194
100036126365007
100033909618257
100036073065471
100028621793375
100035615012473
100024120620269
100034414100760
100036659640570
100005343643430
100032021380375
100035132723815
100035089422557
100026756379136
100027979453861
100036417607836
100028950437267
100036680722916
100022884461292
100002207538184
100035891480260
100029459736633
100036454038593
100027834164513
100026609205756
100035954509868
100027673442592
100036788046009
100035560010635
100035482501278
100036024908417
100030889532678
100028912901129
100034690264327
100007326796587
100009243978521
100033434591272
100028239795872
100024972757065
100024394312799
100034018085340
100031829583141
100035060472574
100036427544789
100029183541676
100028018932340
100028864275390
100036738159340
100036570975372
100024113852040
100035974551099
100027646582418
100025147131037
100030299570755
100035313010310
100009410014984
100026729237249
100029731503651
100033155072174
100019188335428
100036065810317
100015318886801
100017519325257
100030658608745
100000681287677
100026404007953
100021877942441
100028861455453
100021601755860
100014254901158
100035822620330
100025551967982
100034517866962
100036280273068
100031651935527
100035690433528
100023694075735
100035567417826
100034742617087
100034021065728
100022188232840
100035252981459
100036351903705
100030834888901
100036641740955
100029358591620
100029683269506
100027505806787
100036420563239
100032479441977
100036206353584
100024249663554
100032305235841
100036130900861
100036217056055
100036406873866
100036741636437
100036523156279
100005898664473
100036422354523
100029518248463
100036503412732
100036428476626
100007040957843
100035093899377
100027572561768
100029852730166
100036680103671
100035135491005
100024975848916
100026947626433
100035712318373
100034516069991
100028140360153
100015793780845
100007544285899
100025348402838
100035335476885
100027013672667
100027142761790
100015529814152
100028964971959
100028373509122
100033667749872
100026755608983
100031047677082
100022154684483
100032429885330
100022442003910
100033994260449
100027703733516
100036449436939
100024920131645
100029395454262
100029525143725
100031161255874
100033910143674
100021899671356
100024164681152
100025936054633
100034754027699
100007344403106
100030690172742
100028355712844
100035332740921
100033514232258
100035526697274
100033861831947
100028434082334
100017763210734
100036541328591
100034599291127
100036051169944
100029693468247
100035907453684
100021249342383
100032744615104
100029911373876
100035216842475
100036185340754
100015599134708
