100037734833769
100032484347028
100037420388788
100034911952894
100038224063632
100006563080992
100033856236484
100024482930448
100037672238640
100037842871110
100035448529522
100033829840796
100029514711672
100020308032797
100033796364121
100031111880626
100025456055894
100027709967640
100034314787502
100023349127937
100032250167433
100037465726558
100035322395523
100033151334592
100031644922241
100024741200008
100015392852221
100013043595482
100006780450984
100006510635713
100004074762842
100003326088902
1796352033
100022013832163
100033943602147
100036724987759
100027740400391
100028241407696
100024517969692
100034851341540
100028762069625
100034409362389
100023453631172
100025679650100
100022341019923
100031461469612
100021869352360
100032021686644
100028603954699
100028063451154
100032567478189
100034172692280
100033323507782
100037591758528
100033413642288
100024181008029
100036077820559
100031122320961
100032479639043
100034548440415
100023869853756
100037591112038
100032376546697
100033759517697
100036717109638
100036231611314
100037569991369
100028794006884
100035364975304
100034644753374
100030146182879
100027686262548
100022624161494
100035230943865
100035670022411
100026522297222
100036909196078
100030335433385
100023929923283
100035688128396
100029657319196
100025315245996
100016215998954
100032444321210
100025272005726
100028129453859
100027328099233
100034705822657
100024251612810
100032281051272
100033387645798
100037736418542
100035956651843
100031450760140
100027032506785
100035941574753
100035860182228
100036092343693
100034238273422
100031007105442
100035850648656
100024826982399
100027307817374
100032598960743
100023384854476
100034880583648
100018076843356
100028525954349
100030976279731
100026325034259
100035653388748
100027449979878
100021840556360
100036479084783
100010318458128
100027098923363
100027255068944
100038072925377
100037708815857
100036970606851
100030603397435
100030069903055
100019251907752
100013513059492
100012400330751
100009055138810
100008244972381
100007588924283
100005548608083
100004945804385
100002447456398
100002225757058
100000223201576
100032465641033
100034615633049
100035878266021
100011288314677
100033599345104
100034655314507
100037680091545
100034322770181
100030601692957
100009975395234
100023862330628
100035095613350
100027969192529
100009184327017
100038081375184
100038165133948
100004271657704
100033801303953
100038015232600
100012716701482
1392052588
100037968637352
100018806255847
100025141332107
100022525145244
100005745519830
100003086227735
100034143383373
100008786890609
100000380682125
100004060879808
100028373241940
100001023003818
100000624342911
100028439206687
100012802171859
100037048605983
100034727352290
100004188721625
100037898045952
100037328141283
100037297152411
100036991223642
100036085174947
100034205223813
100026269386246
100013121675859
100011018220541
100010196148718
100007542046783
100006404198921
100004616023271
100004470575502
100003741580333
100001503382734
100001420748360
100000869282949
100037959840078
100037938005479
100037573489297
100036569222622
100036342213968
100032530367407
100010867301601
100004743334680
100001416676704
100037193783753
100037612683817
100037562375538
100037420472943
100013373792298
100037681951342
100035698083960
100037709790591
100037781765507
100034586152890
100036737071405
100024757451727
100034380934247
100028051473775
100031503019299
100036346059343
100025463915300
100032071434126
100034125527098
100028692802581
100024449723555
100029027273254
100033230092559
100029029074293
100028231642130
100036525349493
100027170028791
100030537820847
100036398164094
100026538180818
100037599759903
100036938110743
100034266166650
100005737354056
100004750860841
1306072265
100015117526529
100015086772249
100034540476073
100027238931381
100018958117622
100022746129349
100035878504335
100037651866514
100037730352094
100006952064976
100000230385352
100016299550398
100037677061924
100037149941334
100037132848863
100037520828663
100037218410009
100033831407404
100015811367291
100028585132060
100029695591311
1366158993
100037852031846
100035662121663
100008938206189
100001673595970
100033938911106
100037988071255
100033730172473
100022404525092
100003784622526
100037964610060
100029236522463
100037491701995
100037368981072
100035759626829
100027158836837
100013555111183
100011072554042
100009249456644
100000196752903
100035214648777
100008590663999
100030461624829
100036564735508
100026998840906
100024922959873
100033098571015
100037568953268
100037504209335
100037446962999
100015785220148
100037247959580
100037662073669
100037078964718
100035260963663
100014770632275
100037650681843
100037366850987
100037199310058
100037145662046
100037071377588
100036171343315
100026953688908
100009681858905
100009019182466
100000188006431
100037973976735
100037777716996
100037340203322
100036269530510
100010746528793
100006478475319
100000032571864
100037856824470
100037854518880
100037822445800
100037670413213
100037548069412
100036818082618
100036251240475
100034742568233
100029337170576
100028778898227
100022979565134
100019804391787
100011905518209
100010213846878
100001529797177
100026608543218
100034320099964
100021465331417
100034932528044
100027602641863
100012529053409
100038106879667
100037496598627
100037459635150
100037373597890
100037007624614
100036488600303
100036192186555
100030894912534
100030011704759
100029470190267
100027761715921
100026211855427
100022082958022
100020423560583
100005486525127
100004763446907
100000700906235
100034576894328
100035762883552
100027060251641
100008966173248
100037857030736
100037853865631
100037554787693
100037525279878
100036791628201
100036762960111
100024471742664
100000754309241
100024323851704
100031461879136
100037931670803
100036479742740
100037363667326
100037040835575
100037913802345
100037569637806
100036494048374
100035474160429
100035423561590
100037830704771
100037408241978
100037293193054
100037169355588
100035544587171
100033372577284
100033289508978
100029004135906
100016020763073
100035161277202
100016764754231
100037837955774
100037541885014
100037593502650
100033388328774
100034859078574
100037028857058
100028046027068
100037825365783
100035458144653
100037485201988
100032907224740
100034365918036
100037912592799
100036428917545
100033826292493
100027257354437
100037440462885
100013100555316
100034304062652
100035174266698
100037823344046
100036846790031
100031816541427
100023119381429
100037879713229
100003035693265
100000677582375
100000182876934
100037486594654
100005385104241
100037295061603
100037606698137
100037250567064
100030780594027
100037749193467
100012746498161
100037226017543
100037759783616
100035709284717
100026914551078
100037399804711
100037962667718
100037502835529
100037481941006
100037397331897
100006986295916
100005116483144
100003273937960
100003214027957
100038042022146
100037774663898
100037008035574
100000716335582
100000018076229
100037828900555
100037759148060
100037693424075
100037684934839
100037462424644
100037458285172
100037383038446
100037340093230
100037301536443
100037165732022
100037142779679
100037006433332
100036968712266
100036545531287
100036162703771
100034879425230
100029097281541
100028103388186
100010463981774
100002475522298
100000599492331
100037710250509
100036685566910
100035762179157
100028868675650
100026395640687
100000210618540
100037947035422
100037588125985
100037558749781
100037455156606
100037442704868
100037409628905
100037251132545
100036562150920
100035957689857
100034941542620
100034672754189
100029166313292
100038014141445
100038010789621
100037880437932
100037869482136
100037851458479
100037749616458
100037720901638
100037655223868
100037496462591
100037281758422
100037219042438
100036905806376
100036364001019
100036243353540
100037849599277
100037772403574
100037420011028
100037409030903
100037086942610
100036972440349
100036747533896
100036677440522
100036564450541
100036454374054
100036199025434
100021595274067
100034800471651
100034562856822
100036772509907
100031449123144
100037121716328
100031946993265
100032328307738
100034754105552
100034180414950
100036170730910
100035443943450
100024688574151
100029239471598
100006780544032
100010215635220
100034361793889
100009045797506
100029909832546
100027631369825
100037483074122
100017871855912
100035826210325
100035697489489
100037544679618
100035963140994
100036280121700
100037217417953
100011288712032
100037297368015
100032960295787
100038024403568
100038007391296
100037874857638
100037812274238
100037721120764
100037656630392
100037612128553
100037581616312
100037526166705
100037452850481
100037337891595
100037327759891
100037298949834
100037177295000
100037158990193
100037045634212
100036992552342
100036385547000
100035922215855
100035356817936
100034598404174
100031186666259
100029057182035
100028060740332
100026500548861
100024816212284
100023722217547
100023132453466
100014816020584
100008495139819
100021170856219
100016646497265
100030438423126
100030573041620
100028243501647
100035854954843
100037928321431
100037783902882
100037723155197
100037243325387
100036161776810
100035776423481
100024772712660
100012423099213
100007067286974
100021796336385
100033343000786
100037751082908
100037558063813
100037549334371
100037057879847
100036929571619
100036322820488
100034543060224
100034462350214
100022739801512
100022442003910
100007297717480
100005374539017
100002803891333
100002119505219
100031345452659
100028400143819
100034724282005
100016950497226
100024623949987
100033426859996
100023355534000
100023102450468
100037950646652
100036447180044
100028818218585
100038074980510
100001137886973
100036744604203
100037525512065
100036694671217
100003077932832
100033172218557
100028561629555
100034507895193
100001723565297
100029529165341
100028432844863
100003331703448
100003143565124
100000689733927
100028327103692
100037621634175
100037487619735
100036564212241
100037685829593
100037620170577
100037678422603
100037604373204
100037440694023
100037277624177
100009432477802
100007149273467
100036911941255
100035559014193
100000637209010
100037565504501
100037237641464
100036951754723
100036427871514
100036291420135
100027848985675
100027709810654
100025487079349
100024301819334
100021738784544
100008700851271
100001559032049
100037707767763
100036997664120
100000240336955
100038034000164
100037995031239
100037970763270
100037747143614
100037742044336
100037723053016
100037677132368
100037598892879
100037581684339
100037517752115
100037467922934
100037410293976
100037284540049
100037255521857
100037167184174
100037133273449
100037022942096
100036707741822
100036548891066
100036250240850
100035974631760
100035555410713
100030751639206
100016672843928
100013452193030
100001793513634
100000306535362
1803911561
100003717824251
100037938849389
100037929031512
100037879654071
100037786452367
100037761570677
100037751480235
100037680278680
100037648274557
100037400962333
100037366262820
100037332094742
100036699067861
100036686051583
100036567730802
100036323010627
100034184297987
100033049241831
100037652774059
100037218162856
100005414623058
100037305560769
100036585832296
100033875291433
100025904223321
100023997278659
100015397424898
100009595931572
100008493217086
100037473404262
100037435021005
100037718025204
100037422671363
100037365644605
100037312214851
100037004820889
100036865808781
100036704256924
100034310260768
100027082715223
100011459836376
100010833815216
100001468533100
1684389353
100037997282433
100037880882833
100037861812983
100037826050195
100037738040435
100037704922157
100037676583161
100037675186134
100037603776511
100037570450260
100037419257434
100037368005577
100037319929578
100037186909052
100037145896888
100037069235593
100036997812797
100036952067948
100034575007044
100034300899163
100028493293117
100018240344177
100037822442663
100037515606813
100010055229640
100038041022928
100037847074791
100037765201798
100037761706307
100037655525118
100037533313092
100037442689188
100037400625254
100037038922275
100036688189426
100036685170094
100036271291808
100036057492759
100035432085553
100034639755940
100032006224397
100030176389550
100030137951497
100027656479113
100037691971209
100037536217134
100037753162371
100037455563287
100037312384663
100037247147603
100037117100466
100036913846567
100036799441861
100035937847393
100034242382871
100029216856731
100018071827047
100016529470537
100001970244452
100001714219364
100037953483845
100037756459410
100037627831421
100037620783349
100037616481256
100037559193859
100037381241052
100037190381368
100037178166873
100036449094055
100036238823811
100035340692571
100027423578479
100026781290524
100022207929164
100011367796067
100037770973506
100037497383907
100036263827508
100027720964303
100015138227374
100014665926620
100004148328157
100000184391022
100038047174561
100037771625641
100037712793664
100037707579011
100037650871460
100037593555733
100037555400771
100037511632285
100037510386626
100037447281937
100037300956536
100037298586002
100037247773667
100037247451893
100037131123037
100036667057276
100036573353880
100033426004888
100031828954821
100024317312888
100022971961768
100022735965833
100015960158013
100038001812563
100037718290523
100037718290247
100037717042286
100037684688072
100037663849322
100037576631703
100037497663881
100037445229970
100037437843238
100037382750674
100037254420816
100037125923407
100037102249222
100036552122011
100036540733002
100036455448050
100034214482079
100032446923577
100029109383276
100026759029266
100025130614723
100012839850446
100004606080877
100004036895697
100037730610789
100037646655409
100037597210325
100037477933671
100037448837938
100037382771130
100037283302396
100037178934067
100037142582928
100036238254319
100035865542340
100030653470003
100023581159052
100038020626993
100037906980005
100037860483782
100037832701967
100037754851841
100037726055106
100037722049383
100037704278475
100037689720784
100037662099534
100037593735864
100037498291360
100037479930921
100037385929525
100037370389477
100037349332680
100037251012637
100037223237503
100037215617383
100037165579554
100037012372654
100036957939621
100036725773334
100036234131242
100036001369893
100035807312096
100035014276990
100029484815718
100026740719668
100022795872548
100012404077305
100004992252721
100002394668569
100037999264901
100037918412676
100037711871138
100037675849501
100037675036054
100037633070181
100037511745754
100037409955692
100037405493450
100037351307758
100037321067694
100037311458526
100037293282820
100037196782667
100036714893736
100036360585944
100035511647867
100034405117429
100031997100577
100031653251181
100023674652686
100014043615480
100011991614955
100001840000742
100037543553971
100037504191295
100037487443605
100037404856096
100037169881550
100037109310776
100036975017436
100036811067186
100036451320672
100036324156053
100028517734074
100026514887009
100008544605913
100037663481564
100037410723036
100037103208320
100003635514333
100037976581111
100037843172237
100037802556164
100037775498119
100037707665137
100037370050561
100037352551214
100037335884211
100037029913991
100036797918394
100036505052708
100035814428451
100035587261175
100022146293938
100006829389631
100037241538294
100037192967662
100037425961706
100026411351664
100037977933741
100028175803623
100037770646841
100006445813114
100037433929393
100037661852672
100025660727611
100002711450789
100037687187618
100036995679324
100029236513166
100037807027984
100037503559403
100037495696213
100037457628090
100037455241413
100037442585103
100037421213110
100037409752111
100037299221622
100037270381382
100037146374284
100037013016583
100037009448054
100036863985146
100036291968731
100035958491826
100032391541007
100022889270868
100000412288768
100035835270097
100037369933048
100037284971159
100036673102956
100013451141752
100003281132244
100000650271465
100038014534772
100037738897045
100007431257455
100037829508050
100037702113648
100022863803919
100018028334249
100000688813565
1576811035
100037969292344
100037203364633
100031291203921
1835871075
100037872214877
100037864083559
100037859910711
100037834810434
100037770221456
100037768422529
100037698960865
100037698648852
100037677410825
100037674966516
100037656559865
100037620863401
100037503284885
100037431846267
100037401971908
100037386366710
100037370940089
100037350640075
100037206343369
100036306314780
100036296991697
100036137169892
100035965260321
100035704523446
100034668971287
100032948672643
100031400289037
100029633360438
100028556981242
100028238674598
100026089383662
100001609628462
100000222897036
100037944843653
100037830213421
100037775078548
100037617973248
100037559334328
100037536514019
100037380521531
100037309852718
100037273393798
100037189581125
100037115370914
100034366563245
100033568304997
100029573780169
100027998312324
100027859062833
100013497272313
100009711882087
100006373803379
100000407509386
100008153975824
100002205412886
100037833517315
100037688643637
100037642351130
100037419411055
100037264719679
100037077247012
100036920573175
100036655793189
100035787348868
100034939097655
100027909651767
100037957863044
100037921448990
100037884842058
100037827492140
100037768007609
100037720205910
100037697596868
100037677787463
100037618175898
100037504033020
100037477609515
100037424615230
100037409092237
100037367418126
100037300013564
100037224221769
100037199840319
100036895662594
100036846083354
100036821536853
100036767692685
100036385523111
100036244134093
100036101910725
100035973130899
100035912724258
100035889725605
100033827917985
100033751252777
100031937902779
100031488496013
100030486091951
100029119057869
100029103874082
100028315336759
100022181252376
100013753266666
100005156111287
100002221618860
100035154282468
100009717763615
100036974171599
100024914359186
100005903223391
100005371777570
100002685870729
100037874105022
100037863907289
100037841972107
100037834144532
100037751417027
100037694844337
100037672117046
100037618560724
100037545412630
100037454774712
100037051427186
100036695287297
100033406510476
100029925009105
100017400427475
100007873090549
100037673567814
100037806279195
100037674518672
100037414457715
100037379716954
100037291034724
100037216121497
100036948555011
100036923362729
100036754598044
100036167355891
100035393970754
100031534502034
100029829551185
100027608826511
100008546388148
100004039921020
1843762346
100037918155719
100037717932611
100037546516094
100036134930230
100036132202795
100018006695724
100015985602025
100008191839030
100001512608292
100037972200825
100037266436658
100037937880339
100037807804476
100037756205432
100037631651595
100037509562605
100037400258365
100037221888666
100037197272437
100037183550454
100036735964358
100036674466197
100034643895506
100031186031858
100028721493266
100018769878657
100009595127805
100038045850525
100037873360237
100037844553749
100037768057697
100037527033434
100037391506243
100036973845025
100036935988985
100036849772667
100036797137731
100036597007929
100036292293151
100035041399468
100030623791398
100023560074014
100021614700552
100007790472448
100002561722895
100000870885623
100037634345108
100012200342888
100000099492116
100037909236996
100037868711858
100037827426080
100037722991227
100037698061260
100037605997102
100037604183189
100037541956659
100037512510510
100037379597991
100037358031321
100037316551942
100037307797702
100037143697382
100037099263885
100037056073006
100037035009395
100036927344958
100036693291379
100036402613823
100036356138773
100036153122324
100035503126351
100034432323611
100033543962869
100033539414858
100006588486673
100000329354479
100027850393333
100038058243134
100037833157213
100037716979879
100037528236202
100028288130379
100037863128451
100037806157417
100037600102440
100037566253824
100037525670104
100037505085121
100037497244787
100037475362518
100037432582111
100037327892957
100037285790391
100037247663084
100037157148211
100037151705027
100037083677569
100037019476295
100036512402312
100036449327888
100036090285313
100034987011707
100034775471926
100015596772299
100015425803423
100023946405422
100011359866040
100037861501837
100037842905176
100037792930195
100037715658216
100037683437082
100037678209911
100037662308839
100037652340233
100037644795680
100037611065101
100037578520969
100037577539026
100037571856515
100037517032710
100037483200577
100037459545124
100037446251270
100037434556752
100037345847114
100037320646912
100037313621392
100037285750481
100037284204286
100037227169453
100037226162319
100037151357682
100037098391568
100036993286371
100036930193521
100036844191656
100036801930727
100036726136404
100036588982468
100036570750318
100036508429804
100036474851538
100036286727979
100035180413695
100035171389876
100034741053181
100034313033587
100033612033859
100032762683378
100028892915366
100027954531725
100027257890424
100026907727820
100021821138883
100036667953424
100036585644026
100035418108095
100037558936575
100037370767803
100036977510642
100034883238126
100033372301094
100014134693141
100003927757139
100037572676914
100037464682300
100037438763001
100037358385261
100037326319852
100036843663442
100036451773155
100033911213451
100029542690216
100028796828160
100026452671434
100037863003394
100037642669184
100037278750053
100037217332645
100037039445776
100036591617790
100036366190997
100035526451000
100034505236307
100033695561790
100030661233315
100029893002147
100009423850478
100004859948226
100037787168627
100037731522338
100037712145680
100037701559496
100037679117611
100037502004163
100037250282876
100036805687729
100036202189679
100033266423846
100033020084025
100024858790988
100023384085704
1797459038
100017884953535
100037860155389
100037687094099
100037584490392
100037569233166
100037553226774
100037435851730
100037362542694
100037354841793
100037312038920
100037305843139
100036925370921
100036583156766
100035732953503
100031938212513
100030701991191
100014844702211
100038050355207
100034777864180
100037878365263
100037862075272
100037362522366
100036845497728
100005799303768
100001090498991
100001003584562
100037021381062
100037290371702
100027308078110
100037930022157
100037899332938
100037723145018
100037644319246
100037573685236
100037454753558
100037329936367
100036451965333
100036389629868
100035874607934
100034853236707
100033951914001
100029482023460
100024630576774
100023436411151
100037991701999
100037975441802
100037865229706
100037823171747
100037819504003
100037786328283
100037520002859
100037445394346
100037356051473
100037343149035
100037233493960
100036976545662
100036926992114
100036877891232
100035988314089
100028746742560
100015958264340
100037950153827
100030006456947
100037749673183
100037673287744
100037562139772
100036460539787
100036337731505
100014037075907
100035938805190
100010611048543
100037886080995
100037352440252
100037299199650
100034179900784
100037820316272
100037642757042
100037605020056
100037520702723
100037454858978
100037436782021
100037329768903
100037303533214
100037009583746
100036963091629
100036954158629
100036942010846
100036152634301
100036091538663
100015139394217
100003237926182
100037690697835
100037472534220
100037386739076
100037376029744
100037283632851
100036621585828
100036579737897
100036482933157
100036333399691
100036200147337
100036017388920
100035699527248
100035689277829
100035364491552
100034144153583
100031254801078
100028808871755
100037645805603
100037546749824
100037976673126
100037599283314
100016135392189
100038092441922
100036003262766
100032759712084
100024267370449
100022469610172
100017594645481
100015192060849
100005557487540
100004362634007
100000534824181
100037753429255
100037938886659
100037936266000
100037788483437
100037712670660
100037690430132
100037663759596
100037400687015
100037364312286
100036256834537
100035255886064
100023231792402
100006027667853
100005417709721
100005229603977
100004065487417
100002986855958
100038026718963
100037898195321
100037737885844
100037328134444
100027607073967
100026000340441
100012037394183
100037718491806
100037707730100
100037677703134
100037658853724
100037619873776
100037448914738
100037325027393
100037321216607
100037240840457
100036635177524
100035793076062
100033248984454
100016053190750
100012563731079
100012178239542
100006679772554
100004056036542
100037742193169
100037723100102
100037686785027
100037645685571
100037642394875
100037590692392
100037209243686
100037093519333
100036629921271
100036070372861
100006987100906
100037696846487
100037649451220
100037073072766
100034221518857
100014709728008
100037926991443
100037709831468
100037697197408
100037696421198
100037637923618
100037534632154
100037299187138
100036914601329
100036833660076
100027661633442
100004090788806
100037482732564
100034435119316
100038008410969
100037937581484
100037929872427
100037927651809
100037877282326
100037826102259
100037820678138
100037813602157
100037749427297
100037720246095
100037718145105
100037443202446
100037430023346
100037394864251
100037367511874
100037040105364
100036795463833
100036623226895
100036548474273
100036280801099
100036181089697
100035533898191
100034616471996
100033452842152
100029675927842
100029118991559
100026463949272
100037841264005
100037795172219
100037730679760
100037716587987
100037706465043
100037700135890
100037661629594
100037659263530
100037591515107
100037555463421
100037536201940
100037536187768
100037239039352
100037204272428
100037095063754
100035443253373
100034916954438
100015719942287
100038015760926
100037827871308
100037756240453
100037703681116
100037693961987
100037641017179
100037611841107
100037596348359
100037526046562
100037297090395
100036978075519
100036372038257
100036324618557
100033893178725
100027648913183
100037868436310
100037822895581
100037776164649
100023819179832
100010155968166
100004760582511
100003178380238
100037862013102
100037770851658
100037743363517
100037655589370
100037570476616
100037546365081
100037430357384
100036996211460
100036793250491
100036666202237
100035501544326
100035466360926
100035310230167
100031385772576
100026987835322
100026394981694
100023050865697
100005238123009
100037535137275
100037469863594
100037408741791
100037395092246
100037067957474
100036560240609
100036345159456
100036185972831
100036119143826
100015581915424
100007722642779
100003876560268
100037789657389
100036917505984
100009187562242
100002496535892
100037794108358
100032198883602
100037835045174
100037816061722
100037741028784
100037694292439
100037639710616
100037503135935
100037465261912
100037328351922
100037310743850
100037305624289
100037292073708
100037271363575
100037147782149
100037094194257
100036927514100
100029303933549
100028715495201
100028439150600
100026824323742
100025972516872
100005920952932
100037880911355
100037833031654
100037678365689
100037678357799
100037600654233
100037521064931
100037279039051
100037232990357
100037196660299
100037102807899
100030214024977
100028205461131
100027983982667
100027821469471
100025918781271
100016906063961
100012708456782
100010709287504
100037830458801
100037270365995
100037153689416
100037043653529
100008876283422
100004979915181
100003263208386
100038040249771
100037948925250
100037823255151
100037698845986
100037658864469
100037587583862
100037583721496
100037510817416
100037152052122
100036491327149
100036186427313
100027697787646
100010190522081
100003851407707
100003726674971
100003205138004
100001497526019
100000078870944
100003174161125
100002543970426
100000392959765
100007627062096
100037805622417
100037754890758
100037749063842
100037687563855
100037666592010
100037477670156
100037446769232
100037446762202
100037355957924
100037254560268
100037203319596
100037199381040
100036943431309
100036819583617
100032720950181
100029557282937
100003489648662
100003442976410
1747254174
100037878453407
100037670013659
100037648133403
100037603653828
100037545738755
100037461983286
100037342457171
100037213905525
100037100868965
100036416288932
100022220083923
100021177372839
100011005389397
1677482437
100037808259738
100037663416421
100036991606472
100036822640798
100032817840114
100028617764942
100014821114737
100014281235726
100009330536356
100004466737176
100003712175613
100037852623712
100037742345841
100037470736147
100037448778518
100037446381219
100037427720715
100037347863654
100037336128501
100037257441635
100037081130472
100037035045163
100037018120718
100036983884258
100036853369339
100036705246886
100036571327095
100036531729559
100036166549510
100035937840397
100035777899253
100034807791407
100034463051629
100033881444638
100032113805642
100032057418231
100028337705272
100027545975733
100024797343727
100014898752236
100037912351072
100037891472751
100037766220373
100037727701179
100037515382541
100037395035927
100037356934132
100037281001206
100037082312236
100036967759891
100036917299148
100036546850893
100035153226284
100034925721989
100023133889022
1743691355
100037977790917
100037807560004
100037727808717
100037698700782
100037645325858
100037359765259
100037303002457
100037159462817
100036443737395
100035899244140
100034218997484
100033533910868
100030301697634
100029485433819
100026763379565
100010146336080
100008244572829
1774763452
100038003820107
100037834474426
100037822082651
100037780598726
100037737469638
100037651704094
100037443499316
100037417204489
100037397603455
100036980963851
100035806687982
100026461413395
100014933100427
100037752960208
100037850708886
100037813912790
100037587711608
100037496041400
100037383215041
100037318313171
100035617008364
100035484870417
100035004255241
100033576979699
100036034219025
100037989900418
100037874382564
100037729389225
100037680548583
100037635854197
100037398677078
100037307184384
100037307177057
100037160236070
100037120388787
100036812552556
100036001509097
100024559180830
100006988624628
100036268652579
100035809441974
100000393216538
100023938680693
100005169287332
100000234754851
1780204390
100037864659180
100037583623136
100031860259685
100030328118600
100037965031626
100037876181560
100037863994924
100037826313018
100037799674976
100037719841785
100037664243553
100037648963715
100037621282755
100037606201053
100037465430640
100037448869095
100037443709102
100037300668805
100037250390041
100037133406542
100037097182300
100037066251027
100036603996288
100036570995323
100036172278027
100035935338867
100035314577504
100035306731255
100034648669050
100033509797112
100025592389521
100025438633873
100037984176301
100037867893700
100037865621007
100037744030284
100037566802605
100037554491951
100037535955748
100037431261729
100037285041176
100037171366783
100036496576117
100036467300246
100026903029185
100008930110243
100037711088752
100037590603925
100037577716621
100037345539440
100012123454403
100037811160548
100037776279835
100037644496754
100037470921450
100037364810264
100036948069286
100036927974217
100036291288220
100036248292343
100035270856002
100035163012978
100027324852208
100025194071287
100037729221231
100037699432003
100037697291056
100037670225862
100037669655529
100037634402982
100037634046375
100037503406603
100037495787836
100037331201410
100037304409429
100037098141013
100026935429543
100030564729181
100000157358782
100037950007386
100037833664704
100037809156820
100037793770664
100037765181657
100037694813953
100037651339858
100037543725056
100037265808632
100037238063358
100036629381580
100036337772371
100035952141241
100033409720489
100030752113992
100030226846598
100027637755718
100023080202501
100010723848961
100037577790640
100035749910570
100029407262966
100037841586348
100037697651561
100037680892939
100037675907940
100037591995068
100037579306065
100037576560433
100037425952320
100037406328013
100037394748164
100037338187350
100037180191191
100037171192108
100037165762348
100037060953729
100037013462953
100036960127819
100036940207517
100036900973331
100036766404002
100036683801488
100036509199056
100034460628817
100032515575492
100008306414436
100035232181232
100035751437540
100034417504990
100032591807251
100028377998317
100030408156550
100034690203370
100036181418454
100036522352894
100013589947249
100010552535410
100018460485738
100036979230438
100036637892071
100034954781103
100020218801571
100035684681740
100023945083541
100031135822282
100035650778506
100028759162255
100038094757556
100030544100066
100037204310394
100017111557593
100035781041327
100017675224598
100035873418931
100032318596663
100034666103845
100028873486377
100037480159522
100016515037465
100034700914651
100022834113290
100029576869466
100026504948888
100033467840084
100035909207117
100028263305009
100028514821407
100036050250206
100030176684026
100024524593949
100027438902031
100024073176288
100032860271663
100035174534187
100033957680217
100035696269630
100012435664953
100036178124665
100016124022032
100014299810519
100022135313239
100025536575657
100024661720685
100036488942934
100001668206384
100035195768644
100030622181795
100019583074906
100033838517861
100034570493563
100030058358172
100032738015078
100037815313402
100026422771632
100021835243015
100037055481879
100028903276822
100027244191249
100032418382011
100020596028845
100022642568914
100036029390931
100035847011507
100023870234591
100035647787756
100022854711079
100024832417230
100025868121088
100034124880548
100034668007833
100013504695436
100032975045810
100031778779939
100029326696900
100029197697120
100029610199653
100017049070413
100034030150632
100031661871173
100026304166244
100034771583719
100026723873039
100016056969963
100010298824889
100021982428388
100034665017819
100030883501269
100033038265261
100034240651261
100036931066569
100032547960444
100030178038931
100035005270495
100029565214228
100000273270321
100025093156360
100003654739325
100025528833519
100024214188353
100035884871330
100037730701786
100031662964010
100026889819893
100034262812258
100027322331359
100027877381499
100030573315671
100025633661809
100029135315738
100014451998609
100028244899674
100016951270765
100011175186879
100023192963556
100023969390029
100025651115837
100021518633865
100035232617488
100023891880603
100028483272915
100011338695353
100030979073104
100012059288670
100029603101837
100021049573470
100036689333431
100033879582003
100037653951153
100029934515456
100030098256179
100032069347595
100030491645391
100027259996034
100033601147811
100034336982994
100036367480401
100026340251533
100034853628690
100035832131546
100033636368732
100030638314051
100036938924339
100037124556329
100028198278706
100032901291522
100036509658416
100026377517057
100015366488661
100037786253338
100035402222056
100029673893974
100033222405152
100035326811464
100025907170725
100032617487421
100035317205047
100036824076514
100036439506464
100034171306560
100013415048001
100034298542175
100035733613359
100033698416269
100024577727651
100025194324286
100023096990327
100036296784016
100028363268959
100035549737354
100027032662275
100025119570012
100037433701199
100035647724478
100010910760727
100008165083104
100034720026421
100025951774372
100021959646218
100028251574807
100028410351344
100033422981532
100029402433226
100009867458558
100034027862218
100031069263530
100036956827927
100034911211593
100037818318741
100026971382667
100008422802949
100035068657269
100026913964561
100034619021427
100031282642958
100030392033963
100035062956533
100026320818522
100025776672485
100028477806536
100029755034439
100037768162603
100035261047346
100029289042713
100030191809101
100022244354650
100023362780202
100034451042466
100025501352850
100022149822490
100022673044629
100032091487871
100033502207915
100037819820297
100034563043854
100033977870732
100032054820751
100014543505497
100031229978231
100000325428760
100022580140957
100031103555943
100026701032000
100037079223147
100019374169434
100028913978802
100028193474959
100035925133321
100031266063446
100035474315922
100035546453486
100034812143561
100031314961375
100037791289678
100009043486675
100035301908258
100037970590582
100035593442104
100036378097645
100031006860717
100028493233350
100027941287807
100012301925611
100024977808340
100036429522867
100018875292917
100034273803312
100025561652290
100036026261490
100036151925432
100026738740772
100036186079448
100022604228112
100029714319992
100034115321495
100035878961025
100014329426755
100035865737580
100036618762111
100026957944798
100028445327079
100036029952836
100035003500812
100026154017705
100034369251211
100007494435707
100028255185623
100035862337912
100032562380499
100015189104751
100010894124736
100036250385463
100035011417039
100036631052952
100033913972568
100027641850506
100023302807537
100037760331710
100034217564003
100033081006705
100035565108030
100023845360773
100033713453253
100036217056984
100028038546989
100034382382543
100035165051275
100027827950682
100023424370090
100027989284109
100024714590010
100034159212752
100034764132693
100028450845871
100037698768570
100020264862187
100024247041450
100034711013047
100037692612699
100018231515115
100034947229038
100035385300498
100033538327310
100022719795287
100029318241973
100036344645209
100025384922832
100029004091299
100024065492599
100035452410687
100032199562422
100030435366525
100037032121620
100037400322120
100034172717038
100036417192535
100026735452502
100007851962341
100032658734887
100031893254201
100033953971810
100033784861842
100022986740744
100034652768003
100030287981420
100023860478378
100028340588625
100036023449069
100028475962922
100034657093835
100014226124574
100034477551205
100014188968340
100034232680999
100027647601947
100027559696887
100037801006546
100029083342658
100027118596384
100005131908260
100029809385425
100035818210832
100024187927182
100034541855774
100032636751934
100037163058238
100030463643690
100029033084662
100035287987866
100004201549409
100033514848825
100033537679804
100030824382084
100034584754808
100030594722875
100031879510264
100036969316233
100035911578997
100034868349849
100030281782205
100027898780719
100033346491891
100023713260640
100036924963253
100023981732539
100029166786908
100028872700673
100028704001517
100028640255735
100032627930596
100029835616152
100028151512209
100029665145764
100035197513709
100036375788328
100033589162181
100000285191364
100037021750123
100035222467093
100030931450120
100032772252194
100000534907226
100017416001614
100031264475211
100036211154041
100027307216544
100024607802303
100034771426796
100025219996276
100036279244298
100034264590858
100034726883110
100029101687296
100024177457184
100032388396543
100031125483434
100035543163851
100027623740154
100035176325400
100035233538325
100032397608435
100034290136923
100026721799399
100025021112850
100011197995634
100034069966729
100035045140852
100033766602908
100036973925750
100036300282833
100036529778112
100004029553323
100035806693753
100029454951828
100015053345192
100037430690641
100037588133245
100037578095909
100010391019301
100037476554472
100001814432208
100037411457735
100037267484778
100035707669026
100035302364999
100006457540361
100004468685694
100037870720021
100037735861251
100037562558294
100037528685904
100037491525530
100037476723272
100037452219876
100037409616095
100037270751062
100037237692088
100037211421759
100037155558001
100036917898400
100036487326920
100034946921791
100028790644385
100010509723548
100002550993324
100037869241050
100037789361554
100037693719678
100037678475072
100037398455152
100037313014636
100037231052994
100037069071317
100036952787593
100036664839151
100036352841704
100036248743289
100034929620038
100030905923486
100028117702964
100011501682364
100037802162351
100037869032997
100037855170285
100037767631911
100037517449642
100037409836433
100037186853342
100036956554950
100036644047258
100035838893643
100027076181164
100016612728314
100013086737754
100009362286294
100000665775628
100037737822201
100037720000240
100037692074842
100037645002158
100037636036426
100037619374384
100037604049000
100037595614345
100037433261284
100037405808124
100037369864887
100037238989957
100037211077899
100037198938538
100036984081709
100036804551873
100036556309396
100036541002069
100036319399255
100036207154996
100036190988019
100034893821581
100025976973817
100013613822645
100004099337921
100037527274181
100037400822446
100036365375487
100033259539688
100025749520104
100037459247163
100030481775689
100028896133358
100000297906826
100038027460438
100037741173559
100037689781161
100037572171980
100037555273972
100037544620965
100037470903107
100037420485673
100037352659850
100037035409367
100036811812807
100036705999701
100036376631021
100036250670485
100034811223240
100018946025256
100037864025326
100037813476594
100037750774661
100037741951440
100037737670790
100037599244276
100037501513496
100037475803789
100037455641963
100037378522240
100037353491197
100037342311262
100037277736093
100037122113058
100037072521055
100036591888796
100036452363007
100036415414630
100036210430686
100035839443365
100035400554687
100034886931209
100027868156995
100037913100292
100037203915002
100022403752111
100016705097976
100037629151287
100037438005876
100037407103924
100037371711950
100037056051837
100037016062353
100036937012861
100036784428476
100036367410266
100036286544610
100036238489337
100035511196116
100034720952161
100034617171360
100003076703771
100037722487745
100037641743717
100036177684367
100033439823066
100033203373121
100002953553630
100037644611713
100037565749199
100037542814992
100037517691940
100037354878676
100036885652335
100036234877128
100031096402737
100030224490110
100010637223829
100037800931996
100027826577163
100036954798119
100036218177721
100006573727396
100004411245967
100037414542742
100037332669948
100036928839426
100029733870952
100028493529828
100012519156315
100037702874275
100037669570797
100037604740124
100037502289319
100037354057962
100037214391989
100037040089778
100036924796887
100036878024952
100034751671168
100034488402975
100026237332065
100022061643075
100001517114395
100037769228165
100037767788898
100037729415136
100037617575745
100037559389309
100037528792150
100037454327260
100037398690278
100037393307668
100037390911639
100037305762433
100037119195957
100036979260813
100036332543659
100033038988169
100023830036561
100037681455746
100037560936759
100037497350158
100037446450490
100037376393126
100037310410268
100036840210811
100036785594164
100036277544746
100036023120870
100034773408274
100034498989192
100022608186814
100037746091107
100037704336001
100037608919655
100037548498679
100037425962018
100037285418185
100037061154143
100036587160705
100036210160266
100035839084956
100034090430425
100032367521142
100032026590388
100025283502972
100009910747557
100000847735434
100034921968284
100024486832473
100035523731494
100035488514889
100023634321434
100036772997125
100035559652088
100009773175173
100026592247255
100034334234653
100023652019904
100026692186857
100019837326278
100035336495029
100037183302716
100033574332565
100023546602913
100029350842190
100024572512321
100035864407962
100037861178479
100037817310520
100037812335684
100037787103589
100037756054308
100037747448830
100037725844842
100037721912342
100037699899277
100037549447750
100037549274521
100037502077285
100037500498842
100037477644018
100037462839843
100037394050086
100037384654755
100037365883067
100037362464073
100037360035955
100037348531989
100037324608045
100037252693103
100037243314074
100037171666500
100037171535982
100037163172678
100037048397666
100036963353468
100036962260426
100036892373246
100036798104326
100036659843458
100036558850148
100036296652231
100036291391224
100036221418331
100036194088490
100036054679581
100035977020427
100035833330852
100035702183594
100035481586020
100034512561551
100033782349552
100030251078706
100029288856483
100028869497035
100027421462180
100024894397437
100022716560004
100022342370545
100017904120832
100016332780054
100014325604947
100009765189135
100009477978443
100009395180879
100007940076387
100004617494056
100002887048888
100002541367038
100002488536948
100001465014429
100001463520470
100000497230707
100000043155201
1823487777
1562525969
100032601862881
100033701433615
100037839454611
100037741955768
100037716453639
100037714690880
100037700618823
100037698100797
100037665435750
100037649673715
100037583746238
100037556584819
100037482348955
100037474874082
100037471753843
100037435433039
100037408083596
100037295294055
100037283122447
100037279599308
100037247542067
100037238291814
100037051222066
100037036248132
100036912917751
100036801060741
100036737844008
100036719358806
100036695241575
100036609121709
100036542799912
100036406543297
100036381202289
100035864353397
100035788503406
100035684926417
100035024296358
100032139366852
100031460265052
100029813823360
100028566787447
100028520825489
100023649373388
100022500710979
100019141472834
100007740512618
100002670922693
100002336787736
100029163846811
100023909042345
100035730920971
100029583701889
100024521894278
100035786063420
100037276968244
100024807860211
100034045995369
100037027793543
100008231449460
100032423717949
100037408115945
100037147793348
100034780896871
100017562738898
100002048010095
100000213378687
100000102349356
100037782660254
100037748829959
100037738025728
100037656526621
100037410380332
100037402237486
100037180180215
100037113887379
100036645184828
100035334752654
100033542144802
100027453121334
100011061342196
100006978403082
100005885343075
100004373910066
1660302194
100036576157677
100037785540524
100037706223817
100037653213761
100037468790232
100037463410858
100037141884043
100037039042533
100036962793820
100036941822777
100036911051544
100036784280975
100033781997254
100033756576805
100032933683508
100032408887886
100026391912430
100003317506872
100036421487240
100036013388454
100033357042740
100031941305829
100031852203366
100028325617144
100004434390952
100002920533377
100037495384424
100036879469126
100037731451677
100037646011015
100037604087130
100037553227309
100037359845377
100037340414968
100037324832563
100037222964012
100036915589062
100036877874553
100035961095767
100028917617626
100028624981058
100027746222866
100010429182766
100008509713464
100005187317311
100037699622779
100036266202392
100035271543822
100032683351762
100017993430015
100016169772730
100005345165810
100037831083826
100037773577919
100037713572575
100037699931287
100037694311486
100037675657893
100037641253838
100037638970349
100037627516699
100037543962665
100037540395547
100037533522557
100037519643158
100037516092071
100037503443603
100037496563472
100037463776845
100037453161528
100037421372627
100037405488879
100037377757708
100037365293987
100037365287030
100037347736015
100037312996650
100037302540889
100037252373417
100037227313433
100037093912903
100037059473779
100037029831285
100037019374232
100036948308888
100036898533317
100036791940717
100036730595994
100036730431615
100036724703293
100036711960557
100036580124757
100036516280660
100036369548231
100036240173579
100036120650009
100035622947793
100033610568759
100028308637494
100025188613242
100013960456897
100037750358617
100037731091661
100037647339530
100037574144142
100037570364790
100037483666859
100037397475228
100037242073341
100037014083953
100036976243182
100036436153637
100035233913947
100032054208261
100029922233566
100022131041884
100015396963397
100008588179458
100037599011308
100036164531271
100036089581786
100033674080974
100025805208203
100037810382081
100037735776843
100037682882740
100037647761243
100037573742141
100037564030442
100037557288025
100037532736157
100037488082583
100037475075012
100037454150257
100037444899677
100037391330076
100037373135600
100037290881572
100037270338962
100037095137355
100037090451841
100037031721208
100036818255242
100036752806525
100036665740195
100035681415923
100034766678167
100034367647729
100034132954359
100033580264335
100037027158787
100034077931485
100037778075130
100036194326535
100035260491304
100034703312804
100036442005425
100037709233418
100037699831580
100037665549674
100037619594089
100037582611690
100037450668373
100037396099350
100037395727112
100037350257754
100037347216627
100037311893155
100037085082646
100036995780677
100036957494449
100036823457018
100036792442010
100036523233457
100036488175324
100036416573349
100034663313261
100034536642740
100033642632575
100029545712382
100027986226107
100037910225909
100036705893850
100037760466688
100037681990849
100037608346257
100037569429906
100037432703623
100037369912546
100037352933236
100037286082927
100037185444349
100037160093313
100036825892586
100036371805842
100036069135698
100035881697959
100034145110878
100025200870905
100004592623657
100037425280681
100037370391377
100037336613993
100037330133338
100037113764331
100036322610439
100036186075414
100028770514324
100010518366447
100037837480443
100025957071523
100013269346177
100029601344666
100010147144833
100037841731307
100025906911774
100034707459584
100017923246788
100032327650764
100032842605854
100027253022845
100022860393282
100036904177957
100033125913700
100030245017514
100037729359080
100037365053600
100036987974247
100036705589205
100034935164346
100033556433334
1693220401
100035658968102
100028225057411
100017093654907
100028621179183
100001559393719
100037650004714
100037435681398
100009726009313
100005214934670
100025643303932
100037944632087
100037475621315
100037481622384
100036996334899
100025440371058
100028417278545
100036668013621
100035639505456
100035495987025
100025796529621
100014295856416
100008380959416
100037706735774
100037659008683
100037540581497
100037373584763
100037303547775
100037221287437
100037201548801
100035744694123
100034995521002
100030862004566
100037093382939
100036864637612
100036286330619
100036030843193
100033057783274
100027548072614
100000549851835
100000301070256
100035812622002
100037474868400
100037412925685
100037281513329
100036760758815
100035566823487
100034654873864
100025212064668
100007149484536
100037358226882
100037286123964
100036557539174
100036301272408
100036108861973
100035758001394
100035273553771
100034851876226
100030279137701
100025978081162
100024148005815
100008697180976
100006659644121
100000327646527
100037541743604
100036853150683
100030564481790
100025777847393
100016697321975
100011116954325
100009468627847
100037816802166
100037559538657
100037535075149
100037504809344
100037437391297
100037426700201
100037252835431
100037138612147
100037065262281
100036966646673
100036952430131
100036300860976
100035016578430
100033424573442
100030015246478
100028329105873
100008957716439
100000599757263
100037224350211
100036855340728
100035924161424
100035178124738
100026379287213
100024699488384
100037644938110
100000534262509
100000040103833
100037548491235
100037147338486
100037123873597
100037077913049
100034066181018
100032884510043
100027789113418
100011073663758
100029611962707
100023318861121
100028867742562
100034918672630
100034458758308
100037037773977
100029027565769
100005700436616
100036395521046
1194014561
100022608639306
100007212366865
100036625546376
100037575263152
100037320939333
100037189161648
100035006551607
100031083407175
100028054360206
100005041968411
100037682141956
100037644301467
100037510628564
100037138548980
100036797266368
100030933481796
100037755002131
100037642830078
100037543599264
100037542243555
100037485454617
100037463775053
100037382101995
100037377884263
100037316460418
100036833231200
100036541128194
100035889075553
100026276483831
100025278880844
100007695721137
100002307729285
100036752269102
100037487594287
100037472080659
100037230432492
100037157443239
100031236228354
100029268787974
100028461912241
100027374809587
100037629064866
100037529197340
100037420242491
100036920301778
100036667037170
100036545111116
100036246848602
100019874293027
100002916088460
100037410107999
100036947303297
100035412728218
100029361395490
100037425380093
100037293732429
100037162277795
100037050229612
100037004601265
100036954214563
100034614069470
100031206197269
100030255857420
100029781875664
100027713923753
100027377752586
100025143331170
100037326270361
100027850876875
100004929525428
100004511958727
100037218183697
100036619308039
100036225934633
100027127206088
100013314854039
100008424641427
100037719632238
100037335054241
100037147072134
100031882999536
100013851754262
100037651089543
100037622857700
100037552534586
100036941634196
100036111920190
100035323813494
100025496992678
100036212898838
100037515380457
100033820651183
100021589160328
100014767890053
100037598354790
100037502414972
100037279850462
100037168924978
100037166450021
100037027725152
100036918012831
100033219228587
100030295084425
100029747472613
100023544364347
100007044406649
100037733463150
100037415130579
100037392183596
100037251109296
100036440944982
100028335981891
100024111920312
100018012708379
100037665996116
100037517610407
100037439332397
100037078038046
100036159769892
100035183227970
100030974362689
100027608382935
100025603001889
100022565859023
100019453423287
100036424142759
100034146799490
100027205549085
100024647344621
100028433181659
100037448553040
100026556472716
100034636431704
100035939223555
100016770135993
100028236486718
100036558228555
100016324363505
100037906111396
100035291841338
100027454249499
100033567785178
100035445291423
100019201207885
100000643266458
100037646703089
100024528307210
100037841736798
100034772194450
100017090700706
100014282913677
100037651023849
100037523707791
100037238497318
100037198388853
100036830081345
100036376235297
100036228515471
100036226934219
100036079814121
100034604829656
100021124249434
100002403572340
100036985261743
100037464704258
100037031328056
100036980415778
100036974663534
100036523644317
100036453551952
100036118303207
100036010746430
100031251249070
100030110746915
100028445710514
100026204417269
100025900515984
100003167257335
100037343074021
100036812694024
100034540459416
100034405731217
100026560754808
100021416208718
100009007335425
100037369442115
100027008751050
100019488660433
100018576332452
100009947350989
100037621531433
100037617035407
100037616435909
100037462269199
100037378816423
100037366777855
100037224315028
100037147223510
100037103891243
100037034790737
100036816320898
100036788026107
100036366246144
100035461388770
100033929582896
100033595714718
100033245749930
100033073716355
100032274276073
100029985497772
100028729715214
100027362389972
100021788841097
100012590501024
100001563455193
100035261301993
100033750430366
100022645356094
100017801043241
100037536582343
100037421171971
100037082732678
100036758419964
100036604368166
100036301311456
100035996790694
100035318884190
100029476510236
100028983406335
100026563921772
100024088717712
100017420071822
100013821461827
100012812264538
100037146773639
100035976559073
100035165556079
100019209482010
100037158975345
100036676607140
100037635485804
100037446943473
100037385643950
100037352751667
100037281726574
100037245790921
100037157828684
100036991913808
100036991271962
100036951141316
100035936363757
100035641128902
100035198085517
100034496203244
100033673742718
100032293711028
100031646632580
100031063030796
100030741252032
100029864116301
100027800718263
100027072944730
100021822133260
100001934795321
100037679555490
100037492470249
100036792452181
100036562118107
100036273592108
100035969391631
100035948561946
100034395018750
100028766619390
100028029621867
100024416570090
100037670703114
100037515660898
100037101882599
100036593533516
100036205611999
100035630993680
100031581886231
100025607701633
100012990992627
100037471742285
100023783342304
100036391816844
100034631603841
100021172114933
100031213746263
100036735407539
100032211126074
100004358971975
100036780850924
100036242654278
100035670553687
100034641621241
100026824517079
100037326032234
100037102750519
100037484795601
100037365320020
100037308432557
100037302317349
100037278263994
100036987473365
100036586730214
100035822032174
100035300917121
100034754045664
100034535748299
100034446210667
100027646650356
100026773031784
100026106750574
100024470770604
100022782590230
100014500997432
100012489243047
100037739253344
100037369061332
100037330942608
100037055205379
100036894092424
100010116818648
509548386
100037280955801
100029252956331
100031073348159
100030695117208
100034795252971
100015384135191
100036614675752
100003554089722
100037753030875
1611625882
100036992535277
100035243493723
100023797803288
100030715701874
100037092159794
100003582356681
100037799258649
100027548585682
100004758872156
100037435755138
100037105159591
100036251010174
100034087471930
100025983709872
100022485345464
100018490151381
100017963702238
100014574815112
100009206355852
100007380215203
100037539917629
100036534011721
100016877323400
100037744295085
100037175453027
100036399216397
100036031634006
100035866908255
100034813290213
100027466898322
100026985802852
100037742761614
100037562176784
100037432268129
100037373434506
100037162520310
100036696219837
100034563114063
100034532673463
100027596601100
100027504343399
100023758637126
100022205057096
100035504615602
100027086732110
100022376045706
100037501302557
100037454688657
100037328743301
100037196802479
100036890108440
100032011817177
100031813538276
100031262681013
100027028401296
100025080663384
100037625827427
100037481371941
100037261590218
100036543910045
100036388754101
100037477874314
100023239069581
100030457396798
100029292967605
100022112320088
100032280870668
100012883023152
100027003052756
100007379625418
100015560234827
100037394677656
100031609867059
100008873554149
100037178713027
100037085836398
100036485790576
100034865251450
100022441301057
100013921902736
100035401822813
100002114398698
100037682581162
100037450328830
100037448962517
100037348902717
100036522010278
100033568695869
100030860602150
100027895069326
100027061516277
100023959562245
100022393860827
100037559086622
100037382790094
100037345628824
100036732605568
100030404439421
100029855716256
100023518565330
100037581575498
100037504352917
100037365376105
100037130765831
100036993354297
100036456577405
100035826529680
100034751340045
100032333191432
100030737191368
100028299827850
100025540955330
100037295507313
100037196798356
100023779178294
100017389597611
100037699502307
100037259692002
100037224851147
100037047524052
100037022836870
100036940802258
100031909183228
100028095646127
100024378245154
100023786441752
100022755790696
100004407870090
100037364802236
100036872184053
100036588541586
100036211460582
100034814071300
100033664533073
100018982452500
100031094993923
100034469018086
100016068841464
100014398927212
100035393651453
100024863811506
100026193450035
100034189185625
100037693838400
100035950475850
100034925857883
100036183998028
100025942232218
100031988356968
100011640008056
100037277149188
100026866793879
100020458969228
100036974527354
100033710982133
100013083011187
100037426391142
100028923795641
100037343053522
100037316513305
100037101953737
100036921790645
100036815231872
100036613621316
100036554674895
100036486998038
100030898022771
100030844637876
100023829204369
100004334289166
100037574894428
100037448166979
100037416964619
100037412028955
100037386587509
100037364670480
100037175432819
100036763063923
100036740768974
100036020281335
100034094282394
100031502742112
100027982970788
100027803291872
100023742826824
100037563125106
100037411310517
100030745068961
100022772803240
100011344034862
100037278790559
100037246638515
100037139581349
100035869147510
100034558814323
100027688875498
100016128854045
100037670140786
100037461733054
100037444848330
100037414426789
100037308677474
100037303997083
100037260054327
100037225894235
100037052059829
100036969642521
100036789542700
100036545856639
100036458205175
100036451088945
100035591131934
100035381572045
100035038492763
100034801427640
100034747516964
100034645580948
100034573185798
100031521108961
100028511073013
100027938310516
100025809165877
100023449293685
100022943501722
100022549878994
100020619316752
100017294792436
100011646548449
100037447124765
100037347290765
100036679473515
100035351234244
100030233058165
100024641230384
100021598687578
100021476292742
100015247873874
100013030744680
100011612025915
100005972552816
100037221302381
100037324386158
100037267115831
100037016334376
100036351363596
100036343932863
100035564897464
100035167442959
100031505462285
100026222530364
100022807523163
100037640520263
100037528890717
100037512243849
100037425466938
100037250240550
100037133220505
100037110196960
100035762592287
100035194295365
100031670209290
100030324096272
100029695749063
100027523220851
100027175179893
100023819627283
100035177345197
100035871000201
100031316192487
100029957332880
100036417893410
100031482120917
100028329248032
100026268473404
100036935122024
100035679788852
100032904794697
100031311965521
100029529062194
100025851290814
100021697339119
100031223358636
100024573764878
100037366608964
100026391331547
100037356825976
100036744203316
100032922136073
100021925427523
100035637859819
100013638637670
100036939463385
100035824427205
100037548193409
100037254613924
100034501313896
100034164203338
100025292263008
100037817046530
100037715912969
100037647034084
100037555672990
100037431491191
100037384061787
100037309937465
100037247773841
100037186064626
100037050694222
100036697731214
100036632495324
100036631459590
100036434567921
100036228562722
100036218959184
100036132096672
100035973882121
100035262347004
100034634949024
100031214415443
100030154537939
100028330192282
100026937742992
100026907581984
100026736245045
100013315210640
100007202925943
100037712588684
100037258217230
100037197473407
100036908254817
100036802421426
100035727948696
100034299211601
100033568965181
100023903691813
100012609002973
100037634523135
100037386109854
100036891035223
100036830580740
100036799221944
100036585917590
100036519931121
100036138442773
100035598198484
100035569055133
100029314824331
100028402998860
100026698571385
100024311173250
100015314733530
100014215295443
100001050377987
100036833611884
100036596571624
100036518386257
100036492012935
100036160665006
100033171817735
100027692658752
100015986143759
100037528415734
100008522290845
100037695303395
100037525966470
100037452906901
100037276088208
100037194886847
100037185793884
100037117181176
100036506604034
100036402101735
100036357423144
100032095753354
100037275437985
100035265350314
100037212888078
100036529758260
100033921067048
100025341230904
100036115445741
100035918588113
100006562239608
100037578726329
100037462610547
100037351416505
100036324891927
100034788696549
100031645814532
100026032129588
100024653172151
100023271037395
100037488932334
100037271303718
100037221528297
100037171448485
100036014994139
100035247432042
100034769854127
100032818073317
100031525008648
100030122438356
100029628697329
100024389922902
100010538286826
100037239830170
100037058569282
100037513276119
100037407932565
100037401280879
100037287379394
100037194703158
100037127533030
100036947811757
100036884061384
100036790031378
100036727850476
100036155414968
100035946800188
100035718764684
100034915440461
100034629817730
100033485826387
100028153843492
100028008113114
100026787468574
100022708744917
100037774593440
100037715976242
100037059883022
100037053949700
100037036535944
100035931545356
100034532808781
100031672560570
100028781971704
100027014411393
100026439402328
100024516143711
100016056246692
100009692835620
100036339588210
100027249374407
100035354059704
100028650510729
100036600367819
100026400965836
100031779870532
100026005810308
100032643110727
100037155516875
100037684231099
100024722351041
100035537235909
100002348305537
100036826507042
100023157487325
100033503627501
100032935489563
100008657946655
100002742993450
100037650008055
100037605851477
100037461908774
100037460348761
100037380784229
100036722146005
100036439582325
100036336763514
100036333647364
100034786691596
100034411505189
100029292651952
100028376644621
100025763652532
100037486753046
100034628102347
100018179765200
100037557884010
100037398372230
100037395167690
100037348672614
100037287202102
100037193173461
100037016164544
100035621296833
100034998261999
100034882158993
100033679324048
100026181910221
100036830119692
100037713217428
100035784233566
100034846696997
100026030715960
100022282656240
100013863183798
100012241996320
100037454301113
100037420387473
100037319891522
100037318100474
100037294805322
100036975670535
100036112369911
100035755248312
100035385916733
100032914637265
100030467142808
100027998595412
100027515414915
100027040898206
100026467393154
100025479700580
100013071109442
100037706345169
100037666500450
100037486777636
100037408363300
100037376393934
100037341993393
100037209240392
100037165783142
100037158638835
100037121301909
100037050433920
100037002611723
100036981740499
100036880214645
100036769185319
100036696374601
100036692649803
100036557310505
100036451353228
100036341045411
100036170690223
100036132121225
100036122894634
100036112516905
100035909767420
100035697830497
100035251061408
100034725912744
100034602291475
100034527104839
100034111410926
100033877277476
100033809107170
100033578146494
100033321663195
100033149090878
100032208186351
100031058190923
100030423260419
100028820552187
100028404861612
100028308320882
100027569256463
100026566907943
100026454614863
100025945511385
100025251638799
100025168562718
100024033951198
100022414384385
100021847651735
100021708405115
100018319177786
100017477286343
100016433349107
100013954905332
100009635564515
100035458081657
100019288655242
100028355838286
100014316615068
100016442048707
100031970149090
100037625829184
100037503341445
100037503072012
100037457961026
100037420063814
100037394495572
100037390391163
100037336550282
100037331920341
100037312121275
100037233022901
100037170232139
100036818511771
100036676429638
100036464559937
100036459881430
100036445842542
100036432631805
100036099103403
100035883842573
100035500266762
100034758398845
100034314257879
100029691400593
100027594155725
100025447902534
100024621210381
100006108213404
100016880058065
100036976283105
100037431883210
100007496050193
100004823584605
100032322173022
100023887096896
100037337504184
100027739867323
100037349051166
100035929329850
100035484736825
100023608989998
100037654695092
100036805623311
100036665945205
100006162827626
100027271298069
100010837172921
100036402549516
100030078174348
100022748684694
100017452628623
1654959732
100024821288914
100022333578841
100037512503353
100035717176961
100034025763837
100005085402918
100004894607948
100026463602145
100032908220137
100028796737566
100028418260404
100022344340227
100013789202934
100005773967896
100030876250742
100026526213319
100037449786456
100037359499588
100037300426147
100037183577188
100037146353161
100036986528833
100035848720107
100032180734949
100029014363890
100004675787474
100037544373781
100037433660672
100037287621864
100037260704825
100036697337335
100036640281704
100036093219896
100033447603412
100027108884919
100027000271597
100017568461118
100016657819239
100037413464733
100037060740667
100036253572162
100035942316905
100034790250191
100030265039018
100002610376565
100037679612362
100037477382565
100037079778430
100034936142508
100029735016026
100026636627450
100024950476832
100024313630551
100017253002034
100007524945530
100000081658579
100037349441236
100037280807017
100035634305186
100034626483698
100033281781593
100029205379269
100025296041371
100014660979583
100010272124435
100037482616229
100037426190022
100037419404906
100037359253639
100037155823707
100037148028715
100037114754898
100037036752397
100036972484752
100036374739880
100036363691665
100036344593128
100036129141433
100035583242636
100035149118814
100034907147217
100031198235154
100031085173545
100026613906203
100026346210539
100025791270296
100022548023860
100018091056821
100009538506483
100008443809092
100006221678861
100022992186879
100036911693970
100037645891314
100037632582435
100037616884011
100037604950311
100037452279872
100037440720957
100037361741787
100037309153920
100037180200348
100036910694118
100036893825407
100036837742244
100036820592701
100036750802782
100036695344711
100036541277828
100036531232840
100036446829467
100036352242267
100036263903844
100035987688436
100035856060898
100035641042095
100034881142984
100034201568503
100033446631443
100030781530792
100028708119298
100026362552446
100025094450142
100023829780209
100023099491094
100022773712087
100022014994455
100017747834363
100037337914443
100037304772455
100037081236748
100037069906002
100036986561602
100036944312482
100036787659925
100036579110440
100036435531533
100031297173342
100024305552720
100021839350723
100018236492525
100035943862354
100034482321678
100035997634452
100035825430382
100030820784004
100026192261454
100029138840626
100036943278297
100036507186165
100024943938139
100024023655327
100026733602254
100036555860821
100034555278567
100037621538064
100029604642168
100037484262139
100037761516594
100036608050140
100033902477690
100030466543321
100025016563912
100024965181842
100005304151682
100037561721934
100037543057267
100037497762007
100037300967050
100037222374366
100037141281490
100036805223353
100036779922929
100036750870784
100030782229242
100026683624326
100037511762621
100030955456628
100018263298531
1814772968
100037686702378
100037573502883
100036790130494
100035507853701
100036164852259
100026569080510
100025437609945
100022447099282
100014196813838
100037677660513
100037247888506
100037126072513
100036713389588
100036567158342
100035901802832
100035434320876
100034977698512
100032972960080
100030859627241
100030516862811
100029678467964
100027467063704
100027086435624
100024644973045
100024505320910
100022338978535
100019476571470
100006720348502
100004089165270
100037540023980
100037439476301
100037385360341
100037328563747
100037091809987
100036857538634
100036802178664
100035874675631
100034893484737
100034680724566
100031836754837
100030553302118
100029709503372
100028388475769
100021808192275
100037645440560
100037285522865
100037265541495
100036947408943
100036483306550
100035885370873
100032710630447
100028470042965
100028129295939
100015087318844
100035183027386
100036912999164
100035128877117
100035278831723
100034479994911
100031106521515
100037695963695
100010387247759
100037401321457
100034970869134
100033334442213
100037517384641
100027978349794
100030161303014
100021352682866
100000551161493
100037463616643
100036942022119
100012621390529
100037545497552
100037060853708
100036264840977
100006815929460
100001233915478
100037456505507
100015262417674
100003165022255
100007780830789
1694420457
100037593391218
100037099714518
100036544008319
100035947243033
100035591722692
100034473883860
100028066893496
100024922788009
100037482406836
100034262917995
100025098753604
100008001094452
100000249071572
100037327569260
100037267033680
100037201815519
100037052258223
100036582392919
100036431135159
100035688786694
100034380408609
100032489704812
100027331831215
100023102444035
100037524819413
100037332700872
100037310718728
100036936323107
100036832014048
100036193906686
100030992476218
100030036870690
100029774821565
100037547130394
100036415395010
100030540968030
100027655490418
100025275786598
100014258701940
100037671395971
100037529781425
100037457373839
100037302857196
100036781789825
100036697489417
100036601252320
100036586236161
100036240383686
100035806371120
100035472253981
100034999024286
100034883345503
100034565483596
100033404475626
100031507590427
100028844806932
100027925763383
100026785057164
100025077368335
100024926566057
100010593008956
100037537660106
100037479671312
100037413343004
100037278562345
100037244648105
100037027356700
100036996181173
100036968838778
100036803647759
100036706449831
100034588373264
100030016486720
100027781890476
100026448413732
100037638488574
100037628823700
100037477245850
100037397023967
100037217925329
100037202810544
100037156821023
100037127329825
100036284342711
100036195352510
100034215930872
100026486267886
100026136377713
100024793387427
100010739611423
100026087400470
100035596091952
100036764380958
100029505639832
100035775786800
100034976897579
100018921994774
100033223716621
100032140444519
1031843308
100036762458367
100035835020117
100037307536856
100037545589424
100037741771717
100037397677277
100037355961234
100037267451126
100037050530400
100036950346727
100036600368555
100036365688776
100036250505019
100035888078116
100035669477374
100033804765006
100030421972334
100027867370954
100026430189486
100037583260316
100037541071687
100037390819055
100037197163230
100036598936171
100037306877312
100037252179420
100037248168107
100037239978204
100036836146327
100036687113487
100036434260267
100036290655791
100034808267088
100034653430635
100034057594937
100022732753348
100021041710070
100034116592118
100037372931725
100037341936881
100037284275659
100037143593582
100036801908618
100035894441891
100035146893116
100034055342317
100033857153704
100025771057648
100022496627835
100037536882797
100036763248995
100036367548151
100033058307875
1254068917
100037626307458
100037441838525
100037351897716
100037349778371
100037211768036
100037184916358
100037003212531
100036876618525
100036850549599
100036850149979
100036643114940
100036597078877
100036234793759
100035834130404
100032661394057
100032659554275
100028494052517
100027823844979
100027755898544
100027427174874
100027071701633
100020955889383
100019090008306
100011222526631
100010705326025
100037634144318
100027499113892
100025222693964
100037649377022
100037520401405
100037509374546
100037308257251
100037291794148
100037240670979
100036836901744
100036824179388
100036090318418
100033643566646
100028715492432
100028013380729
100026470936792
100023599209040
100034656233747
100028917963075
100031717999784
100034241895383
100028513427255
100023633931512
100000550262756
100037371840641
100022669630810
100037324713978
100037196603045
100036563053066
100036177187909
100028305953799
100016041767269
100005616436547
100037177187044
100037644943948
100037447952453
100037213140699
100035409430300
100028656643091
100028392708106
100037473034827
100037417150160
100037363147375
100037260514504
100036509721027
100036226132771
100036168591864
100033673270244
100033453063053
100031407320684
100029002632853
100036546134010
100036426544644
100028111610187
100025175344773
100037381956273
100037362822884
100037172295196
100037044682731
100036835128114
100036773523170
100036411243176
100035909344915
100035270354572
100027780248891
100025268551675
100005297326089
100028668373244
100031944496877
100037599243694
100037004138023
100037321687139
100037434229139
100036365801665
100000291964739
100037264906894
100037002410319
100036286035620
100033476779361
100036243060226
100034173990762
100032816471181
100031058504534
100016178703329
100001447262070
100037672054589
100037617064224
100037032192109
100036795196023
100036789773622
100036618857203
100035533344091
100033582542214
100031372367397
100030398468931
100025718974459
100037515758915
100033646544241
100035966479150
100016498924461
100037212914401
100037179128117
100037090882472
100036674140083
100035113518039
100033573473216
100031923532771
100027361740382
100000444244513
100036156890374
100033864872679
100035919818623
100033902569855
100037534806006
100037400360976
100037370859021
100037320498919
100037302611249
100037211560049
100037193433013
100037133461214
100036800868235
100036714607333
100036651413993
100036427871564
100035648552088
100035386314044
100034157626709
100033724050877
100032075843867
100031403802443
100029340675775
100027751477061
100025135458860
100023896955671
100023256195571
100016196310808
100010856495284
100020578810542
100003619497398
100034494693721
100020849768634
100037247147186
100027705302869
100035819804023
100037684654213
100037477417127
100037367534719
100037357395104
100036106360708
100034809260872
100034790436494
100034616500232
100034461763456
100034085808056
100031392130393
100025690453428
100022170154752
100006284740690
100005558688676
100033214650947
100024785207574
100026399286386
100000682026995
100037067062757
100000010911077
100008202662240
100037470211727
100037110783471
100000431888697
100037733973352
100037597900759
100037358086798
100037125517625
100037114361329
100037086332608
100036993996842
100036854686012
100036851890223
100036644934222
100036583423628
100036522137693
100036455196199
100035416449916
100034108424093
100032156564890
100029709653799
100019268199592
100016699936232
100037542421438
100037492542420
100037292161582
100037225487645
100037183278850
100037098593027
100035856863051
100034779692008
100032730077143
100028100329502
100026049556988
100023097893123
100000969641660
100036915373394
100037365372705
100035502130011
100005493427351
100003712164707
100037294501435
100036874341041
100036428112206
100013094294186
100010575068371
100003183259759
100003100541469
100037456592217
100037357643733
100037287151808
100037077771231
100036639742515
100034754495922
100032814571284
100027143354310
100026204893315
100018297009952
100012842913651
100000464897460
100037197521389
100035021792308
100025850621731
100037591291034
100037534172653
100037420190557
100036789940889
100036641263913
100036598903027
100035291121030
100034256378737
100030011224846
100009759314879
100037563902501
100037159582907
100037055315684
100036774122467
100036520643013
100033323647961
100016445745903
100001993457372
100000127571801
1301175119
100036133596719
100034414307900
100011070663096
100000492102147
100037698722884
100037631703746
100037576710218
100037438687606
100037438203923
100037432087881
100037252099803
100037230428848
100037223831075
100037161426179
100037039416839
100036922190230
100036921841858
100036706161492
100036599664015
100036399461839
100036319724004
100036270788536
100035930864053
100034567568718
100033497583520
100029497147351
100028569333347
100025501906248
100009464060401
100037637922895
100037410943687
100037366881230
100037202091192
100037198935837
100036969511318
100036936012867
100036805193868
100036384100559
100036117832665
100034810122659
100024850630485
100024624878013
100006201548894
100037588264086
100037425383827
100037226471755
100037222782676
100037078840914
100036337987606
100035759165138
100035722386033
100034761671290
100034593370482
100034503250445
100001557960563
100037384189740
100037352491690
100036935470082
100036747683777
100036638315545
100035003564748
100033898934498
100029814019874
100029304186752
100026351499125
100013470882449
100030291015072
100027675098381
100026355279083
100031731755421
100030712680035
100033945197191
100032183146838
100035271801998
100032895128723
100034176587386
100037367480692
100004941155539
100037708892515
100037473698753
100036774346773
100036587616463
100036587390394
100036474734018
100036448128905
100036418050390
100036047552584
100035707936220
100034679408221
100037617248400
100037549599377
100037457891226
100037434676953
100037419488374
100037386313965
100037343168450
100037337617586
100037337381377
100037335633725
100037179188002
100037043855561
100036995208207
100036970761852
100036937961958
100036918823898
100036845239636
100036830049842
100036810589228
100036711216519
100036642215805
100036483532705
100036416618284
100036263470195
100036034608805
100035775695935
100035099047706
100034412524977
100034359004777
100034125605030
100033545079289
100033105607817
100032317424000
100031682461681
100030644431181
100029257921752
100028949012457
100026779780989
100026544555011
100016252474572
100015410740483
100011013105447
100009103737784
100006783511503
100006468531792
100006068497088
100004541011025
100036561975839
100035099634276
100037495057212
100037301892322
100037229603583
100037201424352
100037184779320
100037137411201
100037113288146
100037105571997
100036962412722
100036925471141
100036923003345
100036885741703
100036719522502
