100036992586694
100033671641059
100027639943030
100014294888425
100006730387954
100021975758699
100027347619665
100013491828620
100035906834549
100018472569805
100004081902227
100038253315231
100025169332429
100035539831327
100013144909240
100026655610927
100032694616207
100031646932279
100025470541271
100024896580589
100037811563153
100035480401372
100033132078475
100015363946137
100034496896227
100008739603925
100033281948962
100036081229126
100035483382696
100009662149837
100017078287922
100034662037777
100017790153213
100026841020314
100032247435128
100014698423161
100018348572371
100029195229246
100022987652014
100018831186675
100027283599765
100023620595779
100027640130437
100028092246900
100024307304335
100037732990002
100024118370596
100015219067324
100030704331130
100024913780798
100033472667021
100030450043622
100038363790997
100027821532829
100034384344044
100010181830595
100034845104811
100015359206460
100037766533492
100011763786356
100030367531659
100031083105404
100010204209501
100019466086485
100007397958271
100034805673905
100029937488502
100005622499348
100031715652327
100026431384795
100031478978063
100037908670332
100035540558706
100031647701102
100038396853161
100030364454762
100026586650798
100038072880126
100027922613959
100015380678367
100024388074254
100032201440052
100034213483095
100029099132588
100016699416440
100030814433252
100028673689550
100028763375923
100034947352916
100036570156936
100031359048884
100023598500717
100030849940465
100030351990523
100038143040079
100027445215156
100029606663887
100023222632140
100013059075345
100031054724585
100025875666449
100019457746053
100034110318950
100032598526525
100027013294181
100033050451271
100034220891105
100035684016342
100009670004370
100037247147186
100022531869480
100023423510473
100024599267058
100023758811197
100027977560302
100030734621591
100034413467517
100024528561863
100028936552367
100033234114108
100038114261226
100036143440828
100018914744214
100028025463924
100036373307214
100016641646980
100035470991756
100028115386123
100031021659034
100035174885404
100029715579371
100025360146207
100034338551565
100027634876066
100028982267029
100031927337652
100034696141374
100023766022464
100030450096099
100026922589226
100031254488934
100022318517601
100038097375181
100023410568131
100033870405471
100031640362202
100034606101477
100035000559725
100019814983406
100035436362568
100033005891976
100024811747257
100031354982646
100026097180664
100023350613198
100023350282673
100024693304594
100037325137839
100028134725204
100036189067039
100025715963267
100011562438642
100032760461320
100027607657927
100026310691280
100016971073500
100028456853639
100027774938480
100028046014265
100034195154701
100028951674255
100031720742564
100028441176281
100034942202191
100026165344267
100034965080254
100026692250254
100024577037808
100012533568198
100024303323100
100024134764094
100026190397771
100015426334140
100031381309847
100036313809684
100033344616731
100009263284094
100035370242391
100035016769738
100015580682066
100023619164632
100016385558219
100010924339277
100033561634434
100035042058313
100029557214135
100037543778940
100017976016699
100029593724756
100029022101394
100015717211125
100029416486890
100033982743683
100034616223479
100016363081594
100015167863680
100031840130913
100010164880333
100033207071278
100028235483384
100033421690035
100012372220451
100035901753997
100034027035245
100016018034541
100015089985816
100025353004417
100027057103133
100028859777915
100020614847705
100027314091616
100004736329105
100027910741697
100016116790091
100018008735221
100027780649130
100023434361081
100022704562083
100034295913515
100038347656275
100037997342577
100034397058686
100028217644389
100026483987364
100034494220930
100026201222999
100003591270342
100029273213246
100036821707266
100029532015196
100034043808387
100023959142691
100033990346262
100010453207980
100029214108382
100017653751340
100027449539093
100026744858535
100028890429968
100032176773700
100032635700060
100037680472150
100018902351254
100023506930922
100023999582115
100025233197940
100016868078665
100025395121201
100010672981146
100024097279638
100009910326218
100034648032561
100028314456062
100033601147811
100031176961877
100022612463540
100028178437578
100025159682868
100023526936481
100016888650485
100026949759071
100023276135308
100028112390684
100024707837970
100018642430147
100034476020602
100033757460621
100027679877515
100036359652046
100032518622408
100035468624252
100035386823835
100020410691389
100024286360615
100035822557115
100022605284914
100033657038193
100027256217167
100014445228255
100032029536344
100026219957795
100032524368006
100034863424745
100037031495594
100027867226735
100029454754710
100025904176493
100032878339642
100034393748411
100008329686631
100023203012171
100033192467401
100012813011620
100023318289615
100025438866621
100038331900690
100013470728848
100012820300305
100032824460055
100034041123364
100009111261715
100023478660573
100030547249415
100034439760696
100028505679217
100029619153250
100033462711897
100026935987375
100034256483031
100034251634267
100033473451805
100023157251786
100038175222469
100027541970882
100032003514180
100018331501757
100038310906458
100026981478667
100033426948208
100035641329436
100028937525063
100031695738886
100023107432016
100038088212508
100028698064503
100032736321310
100034008443310
100028400391782
100035816693408
100015261005654
100038116548223
100036200177876
100033656383178
100033268861071
100029851666136
100022103679490
100021956542639
100015800748636
100037992022599
100036343036818
100031903567993
100028519725487
100026681508606
100013376475043
100010332337063
100023212005899
100029798512350
100013805522683
100033760489751
100027040447385
100036467168762
100035023114886
100035292092779
100009254449396
100037405000380
100021961060509
100030931450120
100011528613839
100010951217425
100023516603122
100014552087955
100033301958304
100016019687313
100030907537347
100031592294570
100002519442899
100016192655882
100027111637147
100028406134277
100021749718586
100020346633043
100030055974267
100026211332352
100021390975014
100012702901665
100000111689143
100036396946278
100030618931293
100022792339964
100035256317772
100034993303383
100034178043645
100028845113343
100023078502781
100018642795797
100015233161149
100012913517289
100007533036098
100005695789184
100038065458356
100037857023298
100037284126068
100034384838143
100031022565154
100030785450062
100030467045345
100029999163314
100026593242289
100026510570171
100024798201138
100023481941199
100023166078502
100020254008260
100012441019247
100036150124824
100017898244344
100024704956040
100029437233728
100011828260430
100005488812721
100027358839260
100025927186918
100032385199365
100027868413186
100024752256460
100038294345312
100036587302403
100032883900800
100029891663081
100027250901022
100027080043651
100026418303538
100026251967162
100024795699312
100022903099563
100022147161682
100022054569565
100021867061530
100012651960569
100003333175322
100021514343822
100010178443420
100028805985509
100032459418398
100030820298677
100029226308551
100023031484829
100017436554614
100012581538702
100034868415858
100034384269313
100024877982379
100038289874049
100038140969840
100037255209119
100037085964387
100036869495217
100035864530071
100035655488075
100035219211649
100034361686273
100032531709458
100030889488877
100030445623088
100029979728853
100029681769735
100029336863193
100027804423577
100024142012399
100023808993331
100020434034376
100017257086570
100014218997752
100011927387735
100006177309191
100037964380163
100037676571581
100030382450174
100005791849203
100038130190132
100037819537860
100037801913126
100037437513612
100037361111076
100036189347546
100035888748663
100035561984098
100035255541394
100034945301517
100034898312599
100034482343629
100034223663714
100033495320712
100030407735387
100030386973697
100028791513838
100028071638894
100025221966943
100023449776837
100022915923094
100021962346389
100019637916195
100015238244916
100011730416095
100011551428173
100038033534135
100031421899742
100029715155236
100025045781181
100022577150948
100036075730704
100035963841489
100028336023104
100024963309578
100024906887444
100023381783626
100037366740444
100036420104339
100034607151160
100031166181680
100030833161755
100028159543579
100027954487962
100023997570298
100013831832478
100005821870643
100015453701489
100037948115941
100037318459529
100037060807296
100036902510170
100036724987759
100036248598388
100035732194593
100035709826871
100035011117377
100034960843199
100034263832588
100034154419775
100033896919394
100033101894440
100031445670200
100031165450442
100031110398510
100031077978096
100030068341985
100027400650115
100023905097855
100023618851918
100023587222187
100023374393532
100020818431047
100018869230001
100012810157550
100004880137657
100036417379696
100035626242578
100031520824032
100026816770917
100022838644567
100022113435251
100013486356364
100035467249129
100030401314880
100028554789935
100026692968132
100025447720091
100038227323720
100036137800461
100035537436392
100035304650341
100034464313835
100033671660757
100032252138163
100030841251283
100027546871561
100026722415225
100024952969424
100024909841286
100023759345798
100018098329204
100010028654018
100037479582389
100037302320204
100036349633537
100029248754869
100029155785688
100026944753152
100025233880301
100021520122797
100017874914215
100038136191383
100038134457651
100037977914812
100036982134122
100036339304721
100035885640454
100034822772669
100034357182189
100032238372709
100029400501855
100029032302130
100027908151999
100027861333913
100027211724276
100025714335272
100025059515491
100024861559243
100023754035392
100023750446625
100023668548865
100018683688775
100013719918030
100011452204437
100038271602033
100037747576633
100037016317984
100036594091720
100035880068006
100033611434081
100030390212005
100026886064004
100026798297667
100024561312053
100022762883627
100021771270431
100020618650889
100010094020246
100002581375292
100036289338158
100035380364006
100035249240915
100031918656002
100031881434472
100031815472559
100031000693495
100029097211705
100028074612552
100026071534430
100023477405276
100022478325095
100004916112983
1784018258
100038059014176
100037886078402
100037878639001
100035280112674
100033869902255
100029501077190
100029422566153
100026871253107
100025187023349
100018578533626
100012969438019
100037974886199
100037471247957
100037185540043
100036738727093
100034669091467
100030971963343
100028457821770
100026540862440
100025848194977
100025230018763
100024221752591
100024021960303
100009834044439
100038252498370
100036572050192
100035333992833
100034820752479
100033159826697
100027968962063
100027718350400
100026459178934
100015452225644
100038263838396
100036876019613
100036831640642
100036800509480
100036109064943
100035781934276
100034865431812
100030170333969
100028469653896
100026307154371
100024242596728
100023282512976
100018888972971
100017171619298
100015888304616
100012723588036
100001758999228
100038077112904
100038001643969
100037881375204
100037756459410
100037437950925
100036052059919
100035357498097
100034573463451
100034305817334
100032881787956
100032716232582
100032047235678
100031990549594
100030599748502
100029072808538
100028866186305
100028098462338
100027809348020
100026800590129
100026261296139
100023800114487
100022805146866
100022740348390
100022685923264
100022314950995
100018018524748
100016602304274
100013402593333
100009326552491
100036765510784
100034404840701
100025543190065
100014992427447
100012302742460
100038124096340
100037998409651
100037922345886
100037533312218
100037470721208
100037436020760
100036182594933
100035735554059
100035550674433
100035476413069
100035294223263
100031884728443
100031240599962
100029835622086
100029692655984
100028266541499
100027679062666
100026916554352
100026877801239
100026294290948
100023169200914
100017389396679
100011303882085
100007096839096
100006396782781
100038088604872
100037965234223
100036423273000
100034841227098
100031905271054
100031364464059
100030504814935
100029937063047
100028265918468
100028180480723
100027032497468
100026719102168
100026263701821
100023544307657
100017351164333
100013297575702
100010839517597
100009646514330
100007482604024
100024767028310
100008348826654
100038134237553
100038013256153
100038012534108
100037832145161
100037596096260
100037587233549
100037397378622
100036370862788
100036345344674
100035922010815
100035692451642
100035679082404
100035153865079
100035118546634
100034591958666
100034322177638
100034204662276
100033725974732
100032685726555
100031990396305
100031951802825
100031874956508
100031865112572
100030747819288
100030623769459
100029959399521
100029621234658
100029433905712
100029272432983
100029176642355
100029009070494
100028947638542
100028682774514
100028441504772
100028326039360
100028071454347
100026878239393
100026576303082
100025290964893
100024146885013
100023474948507
100023153770222
100023064882029
100022694766702
100022222422695
100022023300694
100021720440094
100021470146502
100017704831066
100017583060581
100016648093914
100014815335651
100014616619355
100013594952816
100012152102688
100004396773471
100037109797947
100034820889264
100032811561483
100029822323296
100029155220829
100028588382542
100028547258576
100024809743151
100023245121329
100020025246899
100017931993130
100010470035339
100038193303546
100037876388785
100029093772465
100027423203183
100026771827849
100026261974628
100025133134846
100012695505066
100038095421971
100037700138799
100037697566824
100037686161904
100037629164899
100037570458519
100037204440662
100036268964723
100035072586161
100034715868594
100034458552097
100034279447171
100034144099716
100034123181017
100033599799175
100033434391358
100031918982381
100029479283360
100027436193814
100025461785538
100024799354652
100024711333370
100024579533754
100023304531738
100023301623048
100022859165118
100020842477776
100015943276732
100015907695895
100011825222729
100032872565328
100022273506504
100015364990771
100038366581545
100038016661600
100037438871748
100037255252291
100036723405626
100035384804723
100034868795909
100034822689522
100034319166187
100033819164885
100033110413644
100032905064927
100031156003171
100031122923386
100030854919656
100030709897956
100028995432441
100027886549844
100027535581922
100026974925637
100026949557004
100025718026195
100019250414469
100017537715427
100001615991493
100030579262480
100036282140816
100033027562603
100030228891122
100028603271479
100024000799874
100023537112728
100022871882526
100012470851966
100037851052194
100037811798611
100037152469364
100037138193737
100036540769898
100036029684145
100033750755837
100033339943450
100032984735068
100032700725991
100032381596687
100030889752603
100030550622389
100028987143250
100028562859972
100028177543529
100027781972893
100027586652994
100027513302122
100026794903928
100022911100138
100016463079673
100016396457065
100016242046577
100016064946786
100015931576324
100015069554631
100014519170595
100013609088766
100012247482683
100010386273322
100009967754579
100012770109205
100036294969184
100035136288502
100034763555243
100034418659629
100033589372429
100029515073394
100023310974693
100018114276496
100013781443473
100010098042469
100008867624936
100035088470181
100028491720521
100027441107489
100036676331536
100035755664924
100035082378287
100033814868131
100031881155916
100028318203921
100027530228122
100026164609587
100014660979583
100036849644517
100032774297635
100010836668800
100038220157615
100027554386066
100025344786678
100013473614616
100036865964106
100035317055391
100035067264281
100033914154080
100028373676246
100023100014550
100007433868315
100006115686765
100033740388513
100035057021534
100036384051045
100030573315671
100034904220523
100036176739457
100028923406429
100030669500453
100034734503151
100035148972462
100035296785928
100025349046836
100024321304088
100021753611923
100018990337954
100011601885219
100029475783375
100007371586916
100023242822966
100034149228723
100006200535870
100015823541327
100028713098613
100025504293936
100028204623739
100028963754087
100028425641053
100023138723331
100028308112490
100034646591564
100019105096135
100023382496645
100029402721866
100038224086813
100032060625603
100023313395975
100014472378333
100025604869449
100022907041258
100024858203389
100007226689347
100009225188248
100031492297139
100031450866051
100027045287046
100022042992102
100022901033832
100029748285037
100026007903293
100014601092205
100027713554534
100033958121225
100023496653312
100034917635702
100035462790049
100034806079717
100025940619933
100027107554785
100031033804049
100021630944574
100034460463816
100033109004159
100034497091788
100031727074507
100034950434830
100037474658851
100031975655345
100015732520169
100038107512040
100012168184346
100029270460305
100036197672896
100028520142538
100035892525151
100028198360898
100028544030939
100011653922457
100033767508144
100016675266835
100028598884908
100035402769328
100035113059029
100034428833624
100032465555362
100029769197073
100009501286639
100020541242208
100034917501557
100025291605289
100015700186943
100037201895593
100025891871984
100029870760005
100031435880702
100028960372620
100027959063097
100033987907185
100027240306985
100030481801489
100024015489822
100023350892023
100028014049292
100034713633935
100027640162964
100001235027706
100009568221601
100030433159308
100026405566066
100002926376123
100035461514599
100009089226154
100035058833184
100032317085152
100010551282932
100037755695514
100004307223865
100034612839123
100035823015565
100029692080483
100025070632173
100017180673083
100031099083511
100032610521851
100024127009824
100037514866044
100027005742961
100023893430914
100029496683458
100032801175961
100026010645138
100036079507428
100023045910701
100013379233014
100037390484297
100027339318763
100034370060436
100027863510873
100036260082423
100029845590348
100035400906189
100034913717511
100034355419628
100033399064687
100033356234507
100031766977094
100028080192310
100027183765284
100026643680108
100023656522829
100023301332212
100021986830892
100012046601967
100036981102528
100026350691607
100033880396552
100037744961673
100033355004644
100030371808543
100027662899024
100012519961042
100037547473389
100036853634687
100035650626541
100035397037284
100034422912688
100030896340268
100029326627631
100028982674611
100022200232283
100013835731650
100004627183952
100000440181367
100011218514762
100035512073826
100030481072715
100037269570121
100029765312629
100030703568805
100030667190558
100033786016584
100025752540253
100029229963419
100037073679462
100034659247370
100002423501946
100026641969851
100029027991625
100027780909439
100012828636856
100031420356351
100015042103245
100013363810098
100037953499426
100037644162669
100015225422213
100030083890245
100034373887718
100027652971995
100007988761000
100036286517905
100038310812208
100026275522593
100037819356510
100024887830373
100013859194944
100033860460235
100019300650711
100016665374405
100037341200926
100035972915702
100034436834668
100023597160808
100023152871902
100036026400315
100035281272006
100027648591388
100024796955241
100014074178852
100036584523464
100030571500687
100027986473985
100022899091961
100013996331976
100009714004491
100037950646652
100016729239213
100037415836099
100036051840147
100035954551413
100035947240192
100035205517018
100034553075891
100034494350686
100033881888959
100032770143818
100032506321915
100029835484574
100027035956905
100025617313800
100024461243954
100010794102066
100007078183704
100037043259437
100035674572367
100032410382620
100032030236604
100025507833001
100037824250747
100035019861319
100034625510696
100033062263271
100029262423522
100029088930011
100027799780051
100027158953677
100025413852527
100025290710917
100012979110659
100012725703054
100010841355525
100005467064202
100037744628196
100037158974782
100034473611011
100032115890617
100028466470522
100022350426232
100013439114342
100005464936067
100038216731444
100037484353072
100036604488406
100028046472031
100021892715756
100016484170318
100038311200956
100038063198195
100035200042115
100023985063339
100022440100805
100016681030043
100015715813361
100037808061672
100033295384956
100030827941254
100038027241536
100037692229761
100037121160119
100037117818247
100036836853903
100034256861413
100034004862074
100032041013734
100026912806816
100026845400633
100024203464188
100023661390566
100021286230277
100020866830281
100014327022994
100011196693336
100007524731468
100007093656090
100036368064031
100038096836768
100037562447446
100035339323855
100034978380629
100034486842014
100034464845516
100034185324250
100034136761984
100033751365109
100033573669376
100031383920116
100031225280674
100029928273631
100029458493095
100029253491484
100029234972516
100029084147166
100027796179812
100027754177024
100027695270414
100026862519319
100025644383378
100025103764548
100023907608353
100023208427905
100022479143907
100022396480204
100020773699566
100019214070526
100018332977396
100018190478866
100016766100731
100015798669419
100015582728771
100013321902545
100012527112844
100009369505155
100037927252348
100036327911341
100035755604472
100035748981924
100032873135957
100031062730045
100030255434899
100029394851958
100028902622101
100028856677777
100028597566788
100027212829283
100027181322918
100022852671350
100038195283665
100037241604039
100036411487732
100035939565865
100034934873469
100034745925908
100034153473192
100034102050777
100033828859903
100032899629789
100031665841601
100031268470215
100031126614156
100030459307271
100030119511785
100029802661376
100028826897674
100028108360235
100027122649020
100026441057825
100023433123181
100022031291778
100021504063134
100013663183406
100012689959032
100037662744172
100037597970786
100037572983666
100037557920328
100037309001583
100037223872989
100037132191959
100037046571545
100037045490900
100036413073632
100035550463068
100035371146834
100035255464784
100034560346942
100034029284152
100033964729959
100033717603991
100033496517446
100033046653273
100032870865970
100031964416052
100030156754289
100029375645272
100029370682995
100029047269835
100028487961145
100027825782162
100027016382206
100026981474943
100026602673271
100023472483766
100023442411521
100022984301384
100022075024943
100020611639096
100013413937567
100013079836480
100012215206788
100035681211946
100035837522469
100035681355669
100029149930013
100028579790953
100026967621728
100037128132009
100035493488105
100035224665499
100033362767566
100033007201792
100032332741628
100030779561410
100029045202160
100023200180260
100018411164807
100017458844010
100004843210726
100028930986408
100008100523900
100030641811613
100024757044099
100021994746198
100032858861408
100023730450278
100003956774158
100034955242497
100023549870825
100013153574475
100038174827435
100032942499518
100032833960767
100027911745814
100027861991985
100017128447399
100013617552787
100033051980267
100032985199691
100032632584281
100030303622848
100028308549515
100023955090707
100013927475824
100037688167051
100037046856423
100036264272371
100036248851569
100028164172442
100023856202438
100023849826583
100015412473523
100012580149365
100003825256824
100037863465153
100037805331522
100037514940003
100036631759426
100035018611476
100034794365014
100034043583179
100031176650811
100027412238603
100026289352389
100025226902882
100023674150979
100021813061550
100018109963671
100015903076310
100012453151697
100002547345264
100034381419196
100007548065533
100036899952383
100036724485635
100031830762504
100038136884925
100037864332136
100035573147453
100035347389733
100034236074242
100030849342167
100030705831375
100029942730100
100028806411155
100027043687564
100021945043564
100014421220838
100012971052965
100038150012766
100038135761953
100037652837363
100036799457087
100031790709049
100031032052942
100030099616657
100029704296206
100027996255193
100027936704049
100024194384820
100023519478297
100023298574787
100033749734205
100012816037482
100038138016198
100038017331567
100033103847838
100024792023046
100024593910239
100022729486707
100013697779279
100013278131723
100011454711924
100009573350694
100005540229522
100027252919481
100038019429409
100038016984215
100037945054374
100035745651356
100035091914560
100034997474012
100034941528950
100034612390538
100034519314177
100034455706305
100033782643877
100030980164606
100030446118348
100029923943466
100022364222000
100020906391342
100036108750125
100035691709409
100035609357662
100034197315883
100033971925115
100024057313052
100021763600854
100037964910744
100037784093428
100035997991488
100034835355359
100034646838667
100030847951845
100030683394243
100029467693065
100016111055671
100014049814508
100036267532220
100036061593980
100035069854298
100034450410459
100032584501311
100030403778471
100027883053819
100027745463400
100026668720717
100024011390227
100022666371988
100022268720571
100016262651250
100015693942089
100009071301304
100036436988634
100036148925268
100032036041164
100031105621460
100029608335719
100029134417653
100028734161526
100028537427600
100027967594800
100027402468102
100027249661629
100024583421836
100022426864791
100015258667537
100009171899754
100036980839091
100036839268986
100036170662976
100034214784147
100031907506405
100030221222881
100028881124558
100028579995940
100028465931079
100027945464915
100027046272295
100023907949207
100023442998684
100022968699832
100015041321120
100013193314499
100033602415929
100023048225745
100036142230175
100034568449430
100033981967307
100032978751100
100032881110316
100032274189042
100029451132083
100028564476127
100027650079782
100027514302131
100027025867065
100026808483166
100024479392950
100014710984815
100014288970746
100014065422844
100035915200264
100035175020067
100031477987856
100025981174124
100015912215684
100013010611847
100037766979199
100037715251033
100037526528898
100037171680965
100036396580876
100036371775155
100035677033182
100034497303023
100034260256631
100034086740073
100033055994669
100031189448661
100030847596524
100030018765931
100029420003242
100028951932849
100028576982003
100028355559515
100028010020276
100027783037964
100027609047167
100027366102574
100026927971792
100026601473135
100023664977524
100023602021921
100023296159064
100020096049139
100010150597038
100006111161149
100038090828817
100037971503900
100036806973390
100035176233177
100034113003786
100033880773410
100033617513895
100026946947556
100026197087034
100024555645064
100023145827836
100022469623166
100014875547598
100014162375360
100013627388093
100037089452449
100029586976280
100028565565234
100026145277484
100037980533954
100037860573695
100037343345998
100036592985293
100035312685982
100034928250832
100030619696552
100027960829605
100027901322216
100027171557322
100022986762604
100018522337564
100017286608575
100009222894770
100024546773196
100037618154032
100035717802362
100032247138580
100032040635699
100027779550679
100016828834706
100038022738939
100037471484085
100034453543622
100030832241710
100026968695740
100026921260748
100038128514882
100038023852038
100037927338231
100037491494107
100037431980128
100036710105803
100036215983579
100035110779104
100034809042784
100033882713116
100031440435876
100030680074413
100030033891826
100029566204178
100028613316011
100028132784374
100027733878542
100023017571976
100022549878994
100018275470857
100011238648426
100009298774921
100009233208672
100002369403461
100038135585254
100037229392011
100036282211681
100033725109506
100030362206985
100026449129685
100025367949055
100025265324186
100036026133301
100029384592653
100023614250819
100031661087551
100028133822626
100021887020519
100017789234900
100016401553922
100005305606149
100034023410097
100038168528439
100037816041768
100035810044589
100029749986517
100028048461835
100028022465397
100027954932012
100027891815109
100027734894198
100019397657669
100017779620369
100017473473238
100016148762885
100034751343944
100030560655935
100029257969857
100026372079073
100025592044314
100036951758371
100034913779282
100033524716445
100033524169514
100033150931622
100031062781186
100031054173223
100030253541847
100027906405583
100026446265474
100024185956020
100002865376725
100036872445622
100024040239050
100007990159345
100037168381730
100030201965031
100037044969016
100035857724604
100035824927172
100035705317692
100035460048322
100035380745390
100034078565464
100033482468055
100031764046630
100028265536169
100028264780820
100027517781822
100025740391649
100024382280922
100021592128352
100013393355871
100010937474086
100004717093542
100037241538294
100034923380347
100030472984269
100026612167663
100024898770816
100022722258570
100022003944116
100037733077198
100037561386316
100037529447066
100037146785293
100036073055009
100035896991942
100035858770816
100035726796833
100035686930140
100035238199176
100034195724563
100033474276422
100030073513560
100029150984389
100027834529414
100027468791414
100027296599245
100025072821261
100024743897592
100024167622037
100023914122055
100022818316027
100016497784530
100014882055115
100014273795055
100008957535912
100006753634394
100000006533740
100035169078562
100034967101615
100034180089499
100032537136370
100032510977138
100031662859767
100026676818180
100025771965675
100024460380187
100023546649325
100038288463885
100038012077769
100037988170372
100037238633010
100036180727503
100034616533211
100034596107465
100033450993605
100033009465328
100032881771465
100029901862717
100027969461847
100027488285275
100026061121739
100025937235995
100023523858673
100012770471181
100038016735945
100037627731825
100037089251151
100035539432163
100034953909909
100034832213590
100034384596454
100034368170305
100034043033978
100032415257881
100031612334723
100030625999345
100029640377859
100029513766987
100029497253132
100026306260262
100026259128069
100023703045713
100011502888701
100005271757155
100028316633023
100035536732461
100035159940993
100033454659738
100033109400088
100032541710682
100031034224679
100030971861052
100029555450536
100025005549460
100023983680618
100022451673625
100015889021943
100007292958698
100004747717801
100035982275390
100025028778258
100023177833551
100004942865873
100003295455458
100038266592282
100037130893220
100033351584443
100033288402059
100029240467255
100029091519529
100027967817087
100022905400024
100018390332705
100013219770899
100012322907662
100009719556776
100006933546050
100037358558158
100037284464848
100034412033665
100023012807065
100022877855036
100037724642427
100033808479437
100033060199764
100032970438286
100028627451187
100018083205328
100017047805318
100003378503927
100037437954194
100036149261144
100035724311276
100028710490899
100025397409273
100025116732539
100024578941951
100023874801030
100038007493617
100037700596292
100037501627533
100036973297451
100036923839275
100036550025683
100034035951703
100033866430270
100033761227180
100032910591060
100032162045048
100031948851257
100031175866367
100029155602937
100028396823112
100028293734253
100026323324119
100025239763625
100024529973180
100023021112330
100022358513440
100018220624282
100017683515828
100016182378779
100001341291423
100037568721219
100036491303375
100032498116099
100032416955855
100032157765270
100031428847313
100030883177736
100030355542918
100028230743486
100027518840331
100024775631481
100023518911312
100009606314292
100002495962586
100038099624241
100036475326841
100035799218654
100038011759375
100037575692333
100036315609362
100034158156899
100033437086824
100028792784724
100026433604261
100024084631472
100022620547611
100022245670397
100017881031519
100004208410039
100038199064920
100036720155712
100034675842386
100032931261884
100023575085426
100011918282467
100003885906887
100037316653459
100026448983149
100037552995470
100036878778380
100035640373336
100035620480601
100033855073624
100033271934599
100032124562481
100029241364939
100025406507490
100022022745599
100017613121078
100009611362513
100037335633725
100036516736290
100033745059423
100030272653281
100014552825151
100011720857390
100023218936291
100021451260997
100015451591174
100037369426992
100037368140591
100036953331738
100035933580035
100035422808985
100033434415247
100033298790384
100032572546076
100032371992122
100030186457449
100029274903353
100029169943695
100029113517607
100027817397156
100027583459157
100027399653282
100026125701910
100023953927303
100023880032134
100022427990785
100011065749041
100007249215470
100037986641851
100037932372982
100037665331996
100034700393157
100033814149169
100029767570452
100028225463964
100025692759291
100038051497139
100037706430456
100035192604221
100028235491890
100027408694036
100038018829631
100038008332088
100037633120325
100036914209231
100036770987341
100036197664233
100035998770403
100034515053038
100034379183910
100034121415054
100033490939909
100030773653981
100028273747319
100027634910580
100023094893964
100022452882992
100022129573097
100022059134301
100021095026096
100021083675771
100017726866002
100015019098259
100012613208723
100012565151132
100004065181365
100038033567863
100036927408598
100032922739446
100031271735933
100026706853038
100026668341380
100025262703697
100023513539660
100010555265684
100036381095188
100036223851997
100035436891435
100028541191060
100023602980473
100013194877205
100008431239782
100036592214774
100033354353159
100030876225791
100028565953837
100028319706283
100025378717181
100025257661939
100024907380784
100022499708937
100019333113577
100007431608765
100030954738637
100036258622537
100025407220189
100027852631477
100027248612800
100032752387035
100037647051622
100038038382846
100023762243352
100015562967016
100034058595557
100022898310468
100014917780349
100026500759457
100010510126466
100017403131978
100023322096620
100037646684044
100033296274240
100025823385115
100014604277164
100035422453120
100023237687320
100026809022087
100012280817980
100034330762692
100035700875111
100024632744195
100034920350292
100022325721177
100021082550070
100034820242509
100026940349324
100029418520684
100029134650211
100021574359982
100022417762266
100026287821968
100034565619437
100031708658040
100029254413701
100028352019596
100035220982716
100025875932016
100023522611841
100023478368409
100012138732604
100020119722090
100029484921462
100033037153127
100035219026630
100018151907504
100027177450990
100024704932858
100034856251630
100036059864250
100035146429384
100038303160872
100010081388866
100023974920026
100035930862769
100034168694613
100034316617024
100034238532531
100021617164663
100034673312276
100032177385082
100032369551152
100029588149035
100033302057965
100035933573242
100024551619973
100024012485950
100034411245160
100029566821910
100033013450289
100023441663402
100015792033708
100012545915149
100030355308009
100033100865642
100034941240506
100025272005726
100037830220610
100002155353681
100038292153011
100035741190802
100022533369338
100025874837427
100027933555894
100024511837415
100028217806866
100037573173997
100030318061217
100027517793371
100023561952392
100016475644618
100019088191698
100023809412320
100027609677714
100030376983275
100033337874107
100033513702109
100035966529257
100029137031407
100035506117284
100034529363331
100034439064087
100034530433290
100026643682934
100034286894361
100023791209872
100031718413170
100037972004176
100027363272996
100032628123506
100035282081785
100034086141883
100033667966688
100034965781082
100029380518058
100037157177316
100028174250520
100022212021193
100011927263176
100022866009357
100032831890256
100027380837982
100034845069173
100013950618859
100022963102014
100024147755246
100029223963331
100033085821169
100027646203309
100029580396039
100030773311408
100011407070564
100034680695661
100023320091366
100036837338521
100022509277764
100034835027452
100015327997179
100023799726986
100033872205149
100027868395022
100037641253838
100033407567320
100025148702848
100013093787827
100035096312736
100024225967693
100019824789740
100029752806391
100033352877064
100035698540793
100035134275004
100033956831221
100037163382975
100023953810481
100030092683042
100026417082230
100026440861781
100014919432112
100034713706656
100014268300291
100024512077166
100029908786544
100035878903226
100035661664125
100023594176712
100006631862628
100033577965346
100022529558371
100025016013954
100026448994006
100027006150097
100025343775013
100016008735680
100015906912021
100030804639642
100026365842755
100036187696593
100026503989208
100027421456745
100029052293591
100024526998026
100021478102636
100037368352888
100038211724634
100034882205605
100029728882692
100035541261308
100025769745574
100028356785095
100033234891897
100029140424108
100023215148445
100022003514685
100033927540711
100034181469989
100028066671786
100025642880924
100028234241653
100035532019328
100027551738662
100009962556934
100031186991579
100033211431011
100018931000078
100024585289468
100033652184132
100033986449772
100024800820460
100029666552977
100029402614666
100037715315236
100033532502914
100028448058062
100034125480173
100027684134919
100028664471070
100020368392803
100036986437001
100034551950781
100021704393897
100013267869842
100024406059745
100030784650771
100032689541960
100035161480695
100037541573577
100033583652382
100025123155166
100017933230766
100018613380748
100030876773185
100035821852142
100034315268945
100037421119838
100013460161119
100033480889441
100016249604857
100014563538640
100009860944986
100032826216274
100032772793637
100026275041003
100037516103745
100024024348818
100030866554533
100037743648577
100013941613167
100011064095616
100032235213208
100024035287568
100028585507596
100038140421325
100029056744552
100025290790804
100033674266189
100027701912945
100023608212836
100023469694497
100037035408578
100033968145214
100034505569205
100000983276498
100025903219284
100036306852039
100031840566149
100027242468172
100037822961723
100035834084196
100032405402399
100026215150844
100016873059092
100038094904505
100038043553760
100037963236500
100037803341888
100037200492499
100036083423439
100035199410262
100035003580471
100034740017986
100033680142619
100033244680755
100031229770519
100028204034885
100024818897987
100022666742985
100015563051975
100037799737800
100037784102555
100036043332392
100032886365928
100010718409897
100030274937391
100003879256180
100036971316113
100036840063776
100036116900956
100035612898911
100029079975979
100028016324816
100023990752530
100038183010691
100037642084434
100036018583925
100025289742104
100023945290304
100004820326381
100036023868991
100035793894136
100035735630906
100035075640683
100030546755036
100018337479576
100037752880733
100037626620085
100036958485309
100036041110406
100034939022697
100032858329246
100032169401585
100027778475854
100027531450250
100027362288877
100026980249324
100026689290317
100026020810606
100017602146132
100016118164161
100007459470733
100036097350957
100031054510615
100029497146138
100027043204509
100026584854064
100024301306682
100037692832375
100037477953372
100035066708183
100033987960942
100029888862363
100028617855417
100028393491557
100027645013153
100025439356087
100023995696708
100022417517724
100008382393401
100037776842064
100037080222484
100035069502339
100034905316652
100034462028510
100034180337654
100026567945028
100022725308211
100015626445157
100014412253505
100003006630251
100032477211950
100026613562015
100023502043272
100037697448960
100037040332569
100036853657754
100036823964408
100036234390010
100035795641328
100035767680940
100035525092962
100035470750049
100035221486632
100034985359685
100034870103406
100034831298384
100030786164956
100030768858553
100029932062330
100029387498300
100029373301393
100029128897383
100028595342619
100024799934524
100024381514700
100024088176176
100023026628901
100022047823476
100018180180315
100015579284931
100012696002619
100037921841880
100034605858586
100034330818269
100032335184565
100031925453241
100024379876369
100017310762038
100014414497192
100037875984366
100037410786632
100030562598723
100017590116997
100037397590462
100037039129160
100036621494843
100036415952106
100035354779552
100035058233127
100030157522167
100029066145011
100025839054093
100024735323468
100018215256597
100014452998151
100012060708448
100011015534022
100005920395053
100038258970289
100037888009916
100037571655223
100034622405122
100034299255423
100028327103692
100025557755654
100024772421529
100023324143229
100037089289459
100037316520876
100037089893959
100036854171506
100036729995376
100036374775624
100036061129113
100036042979676
100035899623177
100035567793479
100035203423305
100034727015205
100034501087806
100034226865130
100033793006591
100033634595534
100032032298351
100031666072702
100031300278688
100031065308061
100029309482231
100029194233416
100028922078530
100026096002077
100025865711989
100024300796706
100024098085583
100023762377635
100023368477143
100022985513259
100022288726382
100021771233000
100020499600987
100015338912291
100007484497620
100037927232650
100035541307327
100034922358305
100034851442198
100034544736099
100030084194372
100029654557126
100029425832766
100028489926310
100027062688172
100024091187930
100023367833999
100022917409090
100022863681502
100016394229035
100016200432869
100013733415335
100038031709235
100038013875238
100037685061864
100037605679958
100037596377485
100037456491182
100037321095409
100036122102420
100035808305760
100035734384737
100035457012300
100035442644709
100035426079451
100030256395512
100022873297515
100009271258011
100007921359548
100006760811326
100006263221867
100038108652900
100037357392467
100036804853403
100035591303195
100030516789585
100027795759038
100027541161350
100018840311389
100013407576379
100037479333258
100037068402977
100036299597068
100035927152864
100035901360026
100035770699504
100035383833038
100034772303858
100033599280471
100033209033888
100030364841498
100029422665902
100028006815173
100027407390439
100027264888841
100025903502072
100025857660296
100025161435532
100024965032902
100024164830780
100023802994317
100023626752223
100022626343387
100014912204973
100038015436011
100037279147052
100035893262908
100035093856007
100034606098351
100034230453425
100033290424201
100033112929891
100032884399199
100032663438620
100031993104367
100031133182105
100028846273198
100022712751010
100017168564471
100014569155917
100007435576092
1749865141
100038093282576
100037950190611
100037659489288
100037483777040
100037272794125
100036970764187
100036805921072
100036520236661
100036265807529
100036193009666
100036057903830
100035976945648
100035190489949
100034673110929
100034224844461
100032562164956
100029235399071
100029215358183
100028380368918
100027471345201
100027079899700
100025431034393
100021324391576
100014453044263
100038030943468
100035896780025
100026735863213
100024745803966
100021000112133
100037352862803
100036940938461
100035722731966
100028364898271
100024648076742
100013235920077
100009881322764
100007357875271
100036193206857
100025774540420
100013437549822
100027758238752
100016184674751
100026964886386
100023029973971
100013758339045
100014243058457
100034336429287
100026071990749
100018278404509
100037910631011
100034798895521
100023849654223
100005767323691
100037967653191
100029719850950
100029525346890
100024271241327
100021969408445
100014072709447
100004464014491
100037183513806
100033467295151
100029741691832
100023847848855
100037928198690
100036188680449
100034917947507
100034127027463
100033573969322
100024516154707
100007449670427
100003752473143
100037946946881
100032392234958
100038047502037
100036774452158
100036757607577
100035904306769
100031975634444
100029426347955
100027575776848
100027110392247
100027054788395
100026689808678
100026046260066
100026038686394
100025116251555
100021769690535
100020732528684
100018577267544
100018547876584
100003692845445
100037884109113
100033495633992
100026462718761
100025539803744
100002561567216
100037583390072
100036586561764
100034530612542
100029552405365
100027998107435
100025378940218
100022794622915
100017580818071
100037652716147
100036137790264
100035878632575
100035709859481
100035482273129
100035399446444
100033620653312
100031682161829
100028777699119
100028605583026
100025287015715
100025119861910
100023725371703
100013192758310
100009530947349
100037867014151
100030633245165
100029900229449
100029220966167
100028604134634
100024818176440
100021817085685
100006160815340
100005840894032
100037561481305
100037366334922
100034098180329
100030471340164
100030272381008
100029878703096
100029808376149
100029669514053
100029611862211
100028277538764
100027816459543
100027216017961
100024526448953
100023568727985
100022946476225
100016744753677
100016639479926
100013818906625
100011873043603
100037997681592
100037598480210
100037177891050
100036868965698
100036746119474
100035233069156
100034845793061
100034454389482
100034109135100
100031188014100
100030024480337
100027407285656
100026460210153
100025809060249
100025747261833
100024086258025
100023213239330
100022937061156
100022005007538
100017147376721
100009639012461
1840684528
100037935586324
100036834131147
100023234836032
100006189138552
100035795792350
100034881615582
100032727283804
100032548339125
100028998860058
100027922490657
100027436011173
100024732030134
100015335379535
100014726686253
100009482430897
100035794149856
100034804726686
100033580085908
100024486341073
100023199433040
100037815280633
100036762823808
100036572855800
100035862092796
100034459427474
100034013958645
100030826753765
100029592130597
100029326590230
100027591960414
100026542783416
100025357804698
100023448344741
100023158414548
100033497508006
100030799751204
100030020588125
100027147821096
100026449236384
100026273959013
100025577021868
100024393442005
100012074677485
100011248092394
100010308498990
100037974464597
100037334950795
100027032888328
100025515933343
100009001364515
100007686246223
100005572058158
100003987933508
100037783171173
100028065083945
100038000601449
100037913323303
100037535852772
100036281380684
100035298840745
100034871250002
100030755220971
100028526299530
100027315915920
100027216227442
100025541626332
100023538041116
100022709072145
100021451542935
100018152883904
100017647090810
100014453686806
100011954049627
100006909909378
100037806064202
100036540468665
100034581110400
100030728805064
100030263251480
100027109899007
100024942578845
100023410973919
100022085011358
100011785291202
100036127590092
100034611877408
100027221856939
100016681628214
100037745475534
100034460828202
100033857591969
100033140532574
100030053434024
100029906280596
100028569168680
100027583270485
100027343481142
100025257669395
100024182994109
100022878114121
100000712721090
100038136728397
100038051080148
100037452796918
100037417192743
100035405991432
100034276668490
100031820662391
100031179096951
100029048977348
100028938941751
100021395237420
100019463926104
100013774865691
100011914845539
100010937104299
100036863254053
100036525469637
100036515825848
100035505084019
100035386633750
100035188772954
100035093059294
100035092871973
100035049901961
100034657355617
100033567493043
100028434946171
100027085277778
100026765080548
100026138680632
100026010681725
100025392071648
100013836544242
100037690473468
100037021774704
100036903384005
100035954933850
100035288915601
100034155670917
100031190827637
100031072551294
100030652532623
100030502006643
100028189201412
100018768129691
100011086833101
100006429923039
100038050632819
100036263857780
100023925513646
100037124211088
100031987432793
100031935682729
100032352528724
100037246640389
100032568854095
100030772758832
100029792556275
100027255704794
100018739416054
100014468441228
100011248961919
100009135255852
100006805653655
100037770887871
100034064393594
100029351292300
100001938477421
100035575403976
100037807089088
100037195128217
100036799913803
100036566529556
100036434623922
100035160188194
100033903888455
100025033624672
100022544109538
100018362641810
100037933956486
100032263492104
100015373932539
100000708025412
100037956582918
100025660500232
100024371311389
100023967101132
100038015760926
100024344880556
100018422654491
100014062846674
100034452253444
100033899552442
100031170844139
100028948454695
100025714848436
100014362504333
100005718642838
100035916163541
100024991752144
100022451612696
100015172818570
100038115543095
100038083144371
100037807801011
100034954761022
100034464644241
100032590599533
100031788851832
100030659911076
100021444159509
100013051633886
100035221542268
100034609663402
100025422994139
100022847101228
100015157842203
100009455729187
100035390654955
100035321535293
100034988207995
100034843249082
100031155675913
100030999455516
100030101810929
100027984798627
100025888395918
100024434944031
100024322571448
100009014784320
100007161618018
100035425211113
100034985926182
100034950042529
100034770997608
100034232689413
100029979637025
100029032012965
100026777046728
100017033221011
100015980622083
100015888582710
100037868656017
100037314961426
100036378530602
100036098255718
100035698818200
100035628153941
100035591346615
100035538858012
100035448855680
100035396329919
100034049640955
100033956445750
100033776777405
100033523686005
100030474244903
100030157028773
100030092553505
100029748753136
100029103144321
100028522365130
100027311888102
100026896845833
100026342200916
100024577550170
100023914538456
100022577108854
100019458156314
100015168042293
100011284987465
100036949663458
100035861505128
100035527115270
100034651060959
100032918031062
100032351140164
100029961708470
100028520673547
100027552843793
100025646028552
100024914558717
100023012020409
100022256801120
100014449390280
100004351690511
100038036807312
100037642099747
100037196372717
100036948578585
100036280920846
100035051565269
100035043780482
100034923684122
100034584973763
100034532692117
100033383310110
100031535654479
100027259753926
100023101392622
100013716783298
100037987845051
100036843733554
100034964611500
100031813371790
100030709398963
100027149311086
100027142061049
100027117936383
100027041747753
100010729441310
100010677438106
100008288670022
100038096764791
100038060199322
100035361683356
100022802191969
100012110954248
100037999578113
100037837955774
100037256837487
100037103931782
100036572821753
100036552820974
100036366721047
100036319590857
100036238532454
100035896475893
100035810686417
100035402950459
100035362832302
100035256090636
100034825867267
100034796594583
100034596814512
100034595989318
100034451703681
100033965940466
100032264950079
100030927491938
100030843413877
100030760714562
100030456515244
100029277007470
100029236000708
100029035927740
100028368819041
100027940235664
100027704811761
100025449377085
100024372463051
100023170080346
100022663851104
100013100555316
100013091057407
100011356891249
100010365647496
100009052432045
100007968345062
100006215199758
100005652313178
100005311906168
100034454612972
100024370682182
100023567262274
100012437478860
100037642359389
100036728654491
100036376720559
100036241485926
100034887250802
100034266053874
100032951241847
100030433471197
100028516990622
100026545272923
100014615585661
100014185418335
100010024981695
100038002387661
100037920079510
100037771928349
100035879078011
100035202458109
100034456395772
100034036268793
100030330229189
100029642629361
100029491297609
100029401055263
100029131928175
100028298130730
100027300180582
100024910283859
100024359302501
100024280635377
100023659020896
100016829621853
100014292282290
100014072255817
100009689610489
100005452607113
100037989790921
100037900006738
100037866437041
100037054080474
100035132286081
100034364331777
100033601592492
100033343369337
100031237261766
100031102787892
100030828711924
100030510828358
100029194862228
100028698106192
100026261864605
100024863773462
100022646434828
100015601926243
100015317927130
100014020982924
100012971498761
100006876751881
100017614773633
100016980214691
100015068913240
100013901012204
100035765050933
100034928592249
100034282022549
100034213264808
100034018532550
100032569923728
100030890832777
100027565734161
100024878130982
100024473689687
100022528930602
100022301012750
100013867320013
100010139853080
100004699358581
100035321462396
100013900416520
100038072712976
100030022451664
100028249374257
100025639536605
100025493281200
100024122410641
100023817405949
100016578556696
100005764067722
100037309209177
100036883193255
100036225255669
100036149717260
100035347325379
100035207573534
100033604873870
100033074857538
100030647341241
100024996454468
100021678761688
100010883351568
100008065775307
100038008995397
100036905030304
100036448147679
100035771862505
100035730017276
100035010190855
100034641951975
100032834854718
100032210830270
100032038820801
100029160312894
100028849911252
100026256494054
100024482802826
100015169175409
100013562252828
100012152161285
100004981686802
100037956093088
100037231008894
100036702420856
100036101373143
100035776224018
100035315690290
100035237977488
100035171688852
100035046091846
100034950197745
100034845005148
100033791073064
100033212769164
100031509191445
100028353396760
100027826202646
100026547981096
100022301614276
100015158597053
100008548870772
100037891693448
100037811596324
100037471008334
100036776420206
100036621342075
100036365475908
100036118937646
100036116282918
100034699503187
100034042398816
100033875151022
100033107802405
100033046785561
100030494464319
100028673163628
100028309817129
100027965560981
100027474953833
100027390753567
100024577506831
100024509960820
100024037954307
100023986929975
100022304214282
100017278658510
100015279254068
100013903812994
100038129588276
100037342125780
100036206018840
100035608154662
100033205123722
100018796597225
100015204697428
100013360900191
100037557516539
100024283004729
100037578891902
100037443078647
100036644266643
100033203782534
100029421075201
100027867856528
100026269386246
100025489700012
100024587303111
100013615922844
100038247481124
100037754709795
100036371082331
100035991515407
100034292914137
100030684947282
100023804747019
100022848766980
100019630384604
100017277074838
100009335719049
100037224231402
100037897266038
100037727093352
100036475912893
100035080381952
100034887981860
100034393630509
100034328469990
100033400537677
100033328813144
100032270135963
100032194490290
100031260554941
100029937401836
100025370812617
100022727030271
100013318206056
100012376032636
100011085827248
100038032680759
100029020939687
100015690848584
100037847323374
100036623174187
100036112793399
100034889289115
100034531632980
100029520942355
100028620468024
100027022570928
100023805159058
100019414483272
100013914667379
100037937143982
100037913392893
100037884998524
100036592560236
100035946519593
100035930791250
100035588760539
100035509463987
100034300342359
100032184862657
100025832310078
100025319117042
100022263122367
100018152564217
100017773775417
100012391669188
100034341855782
100032318601405
100032306091603
100028684207732
100026090683436
100022781120598
100007031011443
100037889147187
100036167653736
100034702206086
100033529087165
100031008793733
100022565940178
100037647231311
100036937535819
100035038031733
100032846140946
100031439447472
100031233430698
100029370711822
100028594621024
100026689943682
100026249262770
100023893343424
100022159897844
100019303569781
100014614600625
100014606597725
100037980094126
100037954358715
100037923047444
100037604496343
100033660280377
100032649158907
100031425970203
100027823716875
100027010373104
100025485961627
100024097603932
100014885944692
100014738738875
100014205248747
100034187527465
100026335713199
100022806066965
100016349299213
100011494029788
100009091259472
100037793297670
100034442203045
100013172506593
100036249200017
100036162632631
100036098531567
100035000560056
100034939324262
100030656751185
100028976107717
100028369337233
100028095643966
100027661253454
100026170776435
100025581223131
100025033668461
100016649385905
100013667254448
100013530906221
100037973223575
100037157701793
100038049076556
100037481041177
100036494048374
100035109886366
100034484170027
100033118444644
100028300484667
100027730160586
100024848052012
100019667310718
100018923020569
100033905197970
100033328690624
100030459723631
100026107384836
100024370663205
100022951943764
100010037820271
100035983936722
100033465143823
100030434954908
100029417738461
100027169449936
100027154868576
100027015739752
100026652961497
100026433120341
100024182076390
100023611159470
100022421472186
100015406537974
100038146773584
100037872460340
100036814189635
100035091640555
100034313554143
100032722993001
100028561640721
100025656615608
100022900089277
100013102786830
100012912764223
100009612828032
100037997380776
100037646383836
100037468131092
100037277624177
100037068488996
100036794257837
100035174677091
100034584713992
100034349104289
100033678487254
100032977938382
100030689928681
100029014694208
100027737341567
100026658889160
100024380508455
100024101448528
100022958889511
100020851365612
100017460661931
100014700798032
100037491241439
100034811041964
100034484923147
100033765972949
100030388875099
100028823041826
100027244062363
100027009466299
100024848030906
100023241394647
100022831900447
100022831895082
100022392092613
100013401485843
100007627062096
100005346348769
100037974756164
100036181390135
100035559532359
100035454680835
100034201634280
100031906727435
100031716526621
100028522995716
100028257699059
100028101774086
100028067394274
100026190346220
100025507593632
100024884556184
100037910982674
100030272473800
100022791143934
100036691941358
100028444334827
100037995077448
100032322756859
100023472408523
100002781640680
100028439760157
100020059656050
100037421491353
100034845600866
100034696337628
100028795890208
100025335617970
100023366296579
100022790692707
100022387163435
100007318176715
100037989332971
100037381365447
100032279040993
100029595381853
100027415222997
100022439916063
100016109165398
100015066013823
100014593351828
100004677515643
100037661629594
100037501801917
100037317465066
100036543563723
100034638824673
100034015972203
100033669583021
100033191613051
100031255461550
100030694920560
100030555332721
100029557745206
100029421458722
100027762523596
100027761494461
100026041390552
100022194160424
100018027374468
100017512325794
100015415782377
100013433769620
100008231674142
100006116119017
100037645304269
100037124268393
100036824594361
100036241294240
100034639519417
100034124282961
100032280820206
100031354232460
100027256665745
100024805430129
100024729588537
100015006667136
100011011866569
100001755207556
100026144704657
100037618343125
100037529571821
100037428489297
100036568594213
100035941312380
100034925085847
100034304243306
100032870030129
100030627126417
100029808570602
100029414976568
100027827770861
100024605149786
100023295581331
100013887344967
100037257845539
100035551156797
100031980984097
100027131171662
100026948539063
100024139870027
100023786654025
100011501101352
100036628116847
100034793101342
100034709630833
100034619810204
100030266383932
100027408712216
100026637427443
100026338140302
100024800871352
100009626198057
100037511595304
100030847744140
100024601620485
100037563641112
100035233723083
100027906931718
100024309110253
100020960673185
100013949580798
100010608738777
100036633729640
100036430730619
100034474283538
100033826067868
100030204679407
100028037351234
100027812388433
100027425410424
100027111031103
100026132625644
100003997933073
100037906156646
100037856624365
100037703916307
100036123337552
100035640873637
100032924506777
100030243074818
100028504121361
100027668510331
100015373696568
100035709360625
100035106425688
100033758855804
100033185660341
100033091121147
100029576110967
100027677287149
100026534160989
100023281652680
100021878402253
100027141739995
100023439651969
100014376371199
100038020653257
100037127627230
100029450706867
100027830497573
100017526619080
100038153490788
100035872022791
100035237160001
100034817644883
100033822382685
100026922990687
100024853446016
100024437240157
100021711712630
100015945637329
100037873816852
100037817503142
100036863779675
100036486063133
100036189880045
100035209140155
100034576774975
100034474940225
100034395378642
100034099552532
100033939607845
100032984739873
100031114480073
100030049603262
100028937100767
100027950267974
100026914816966
100025212579237
100024970788374
100022428407611
100017913030214
100017440932902
100016741688061
100008815358390
100037326623394
100032981045518
100029800031454
100027984691233
100010322374446
100033702634362
100037445371131
100035030679951
100028033175584
100008337722405
100029147173142
100025333303882
100037830704771
100032118474244
100021792312895
100037306145987
100036872042000
100036300075611
100036044850648
100035874550015
100029393118252
100023004872321
100016523913041
100036929962140
100034726262053
100034274507778
100031338314740
100029830684742
100029240862459
100026995036848
100025485735379
100024711591833
100017553797399
100008660101728
100034821608799
100034391647852
100033802366048
100033587842507
100033106958499
100032750929910
100032224081735
100031972063359
100030371092861
100029665330795
100028458135137
100027833437014
100027510440167
100026960534121
100026304828163
100025315093833
100024372021694
100023744464232
100022779201182
100038105702036
100037906276028
100037906263880
100037671253526
100036210909097
100035876208203
100029335308190
100024514782894
100024415701851
100012656556608
100008615322116
100037996961186
100037276598566
100035042735620
100034790208992
100033491373640
100033483338159
100029600033131
100029134113850
100028353491115
100027252006511
100026736621267
100025542335265
100014276137655
100037563521395
100036897765537
100034647600736
100033848273467
100033780192731
100030149528451
100029980710013
100027939729647
100026868370422
100026724314046
100024515474086
100024407354441
100023087250172
100022168002765
100021728990828
100016765841740
100033883053346
100030873922910
100030026207579
100014770848816
100014611601302
100037439205564
100037534455588
100036703460061
100036570768371
100036528886333
100034973561775
100034891062646
100033490694267
100030482301051
100028482369652
100026488125201
100025213447955
100023564316579
100018742243693
100013861958299
100013418672818
100012555139488
100008913819117
100007843905075
100036910223947
100029331195237
100022495911896
100034466088149
100028954160838
100024941293382
100036843262871
100036268935147
100035732766781
100028291776837
100027710227555
100015433085199
100014341599930
100037731140877
100037546758789
100037011429347
100035805737084
100035793756982
100035165568475
100034995433981
100034217735637
100033792425580
100032503311371
100030628356498
100029683661750
100029046286756
100028301200773
100027824173962
100027495433205
100025416154678
100025296496156
100024371642052
100024144376297
100023943126437
100023909827923
100022382207475
100021805571568
100018594619368
100017670074956
100017092563360
100014416710080
100011787242046
100010547409908
100009772390486
100034203523509
100030151330865
100037546749824
100037382857173
100037378249253
100037244112881
100037092143284
100036943816042
100036766369325
100036737844008
100036709384162
100036705937360
100036442865690
100036368886455
100036154241222
100035877863393
100035861409736
100035526337131
100035331963289
100035150353530
100034987500173
100034620229645
100034548187857
100034520055211
100034044099645
100033338956118
100032303914673
100032230590144
100031605784826
100030250608672
100030035685569
100029824941380
100029408705497
100028594604765
100028445868654
100028419647860
100028162027088
100028140413390
100028063879320
100027874763916
100027738819312
100026204583719
100024734657386
100024413930307
100021367519291
100018748001217
100015589361685
100015558131570
100015254375927
100011332958863
100010968225538
100009639875212
100006407225668
100003010333980
100001730558333
100000104840167
100035859253543
100035805103849
100034531912165
100033005783923
100028677065537
100028233077286
100028004823133
100027353854154
100026345931804
100015177966615
100015078575578
100011320476281
100037773046071
100036850611404
100036846013069
100036579158458
100035908372484
100035827862711
100035801961226
100035496770289
100035444024332
100034314346162
100033758378973
100033187209228
100033057582356
100030332632080
100028254579168
100025154321073
100019762563077
100016747740500
100014560843975
100009614090409
100035970643336
100007985170199
100029943174117
100025369883039
100033673727082
100024995749716
100003292907502
100027294967498
100027029571043
100035082263083
100023998305734
100038122720115
100006605478634
100035459243503
100027147856172
100031725495701
100030617432990
100031645341768
100025845307548
100024806413021
100035093982313
100030392390558
100029945859236
100013603776338
100023899803601
100030550044136
100028104974395
100026580320665
100027753368371
100030051790334
100035152007937
100033445531427
100026665968556
100028547358146
100022256491078
100022543215543
100024013839627
100016126981261
100031998313050
100034186771496
100022788981127
100023801372641
100026440247497
100029319995016
100035976893125
100013667719122
100036064641633
100029079193081
100012804936478
100031399719385
100025995163272
100023988737947
100023701538769
100034800330809
100015923357015
100028305252893
100034955142397
100031289272572
100034084400547
100033193788781
100034983469863
100025079111699
100030866046666
100030801481583
100024044197963
100025683096266
100011650653766
100038051177359
100011335582250
100033724027312
100014419861788
100024823477346
100029876371087
100017576551200
100034331004300
100023747322711
100026947627684
100012907995021
100036833177559
100029719269191
100025393361116
100028883705882
100034183185440
100025009335994
100001004411998
100034493104259
100034524277862
100037693694982
100009917915109
100034411971794
100011866613678
100028995978677
100036272163178
100030919278064
100034149706046
100033986543689
100034499567882
100034426985583
100013936775775
100026396628309
100012645734331
100031203002421
100031276291749
100034908934341
100017329272869
100038132673927
100008153202959
100025605370264
100022520226650
100022186202934
100026384393986
100027512070547
100034149859747
100033338888427
100025769895496
100032284330467
100034526212056
100029721098180
100024110265558
100035232453268
100035091022359
100027336600171
100023380985162
100034317696460
100033850625874
100028800289830
100029312192335
100032854471428
100001986229871
100027479675578
100035505991866
100028076386412
100024926566057
100025356707125
100026590336304
100035792406753
100029727066698
100031058632277
100035088559186
100033611798583
100031006993355
100026343051434
100034810260018
100025932861476
100024665944271
100007112986814
100029372737082
100027818513125
100029385828109
100027131685616
100012142158117
100026783106156
100029119911376
100025002197193
100033774516184
100031023372598
100023933500480
100035255683332
100026569805063
100027963309007
100026188575321
100017685490224
100014487319353
100030439718719
100032103786141
100022484435269
100021980650051
100027549707477
100021565564527
100029189100589
100020015161981
100027447802100
100016963141157
100035289960932
100035052008826
100035163843291
100027926027772
100033993578869
100037599259807
100036901741442
100026909223581
100026507303689
100027281572388
100034351770128
100029323724045
100013911465116
100025078631194
100032535781369
100015564991361
100013335309747
100015674341266
100029847390006
100022185502603
100015168393263
100020596096359
100035447302348
100029429176682
100035323112229
100035655584815
100026239181925
100030337639283
100034559139574
100027151470884
100025971574068
100034612173437
100031691140984
100014170623699
100012750369573
100017656939133
100025085010249
100022864451472
100027890737153
100030705362729
100027976513987
100034771932292
100013423454470
100029349584990
100031556563708
100027929900346
100033340074036
100022358386558
100014156282716
100026466977993
100033698416269
100034799168684
100033757222763
100029069826188
100022916018915
100014445300027
100033178150371
100026168823006
100035573688374
100029844482416
100026060834074
100026743667656
100025159943453
100023866770723
100037521363968
100037640681950
100035690762002
100033037576188
100029190533513
100033779271449
100033043461195
100021716916766
100023947398944
100025028917475
100028693246702
100034831399716
100024865521026
100032201947951
100026557446520
100023128359100
100029083993686
100036899201935
100026761867844
100027187452250
100025741121584
100009004889889
100007127088875
100027698260922
100019022921075
100029034977489
100037618893178
100035731773196
100030730119212
100029814455848
100014412888130
100019296614209
100021530044710
100024171592489
100028913166947
100023664525360
100032465914083
100025547958066
100038154811927
100002352512522
100013548300270
100021102676371
100025066733946
100025364048665
100012724817875
100029418944371
100027300877590
100024565875457
100008785571357
100011350980066
100024820084970
100031390081520
100032432362551
100037797952185
100033255332089
100022526085572
100028502986240
100011597685127
100020652840740
100022780815821
100030445417918
100026477025140
100037773980852
100022256891336
100023908184904
100023270341111
100023168062509
100028930980763
100009864049493
100029856408716
100010178866057
100035072840415
100011866370335
100024969736017
100034706723915
100037581935551
100013829086170
100037555879124
100026825551547
100022617995873
100028587393055
100006932111201
100037923678706
100030425233034
100036999661795
100012400932983
100023975740724
100009116611896
100012329917393
100021653948844
100029320450602
100006928067981
100009500998095
100036716707890
100033258463412
100035487135181
100032085423165
100031855914118
100023957145986
100034905373444
100032417811604
100029360123249
100034762113485
100021875867227
100032407994007
100029902211609
100027249854821
100029800513429
100001837012757
100025084301930
100030455116078
100035209331029
100029585082789
100028940051207
100024467239033
100022492059572
100027937683162
100014549102215
100027344282797
100025799844096
100012508571669
100022131226696
100029269152667
100027042049108
100016923540350
100032839234855
100020903950424
100035017182355
100035849285614
100034072790675
100022630691864
100012073811707
100029134960498
100009116485817
100030748763389
100014108882086
100023947957612
100025061898704
100024089882616
100022166712634
100015902582129
100037306028754
100008816913060
100035627569036
100037438460406
100017066742990
100018328004922
100036430633066
100037898270792
100005579327486
100006616813970
100028567873266
100031618907606
100030746434139
100022115047189
100036652223616
100034680814207
100030429168070
100034654008138
100031338622804
100017557744956
100026315290455
100034595585638
100025996386054
100015233049262
100038056420322
100024398896015
100024145216798
100031920724931
100013772649423
100023860662950
100033202113682
100024952926733
100037211260593
100025041859115
100032032058089
100034058179562
100036858161283
100030767322627
100026487142383
100025005400182
100037458950331
100037086876914
100036699038523
100036036257144
100035544913947
100035189168303
100034015702276
100030186280440
100029506721981
100029067008583
100028108188755
100026821449626
100026608962838
100025990367326
100004424323840
100029034455408
100013782004663
100030332853827
100037696073576
100035257027892
100035470823565
100034559475096
100015407048032
100023170638254
100026975144107
100035456481404
100028796828160
100028721493266
100027290861013
100037267342254
100036946841441
100036928793372
100032789649107
100030765586509
100028978696416
100028158547074
100027284631064
100022840394836
100022826134709
100012559633062
100010718821558
100030597616741
100034445715874
100016830873403
100028280982221
100037376468552
100036279550584
100024026536593
100038064994263
100034298900454
100026340961101
100025323882444
100024455390077
100037794246741
100037122351480
100036784032508
100035380690314
100034519843611
100027891971716
100027136313825
100024091459976
100016670838620
100009088524952
100034409539076
100025556629118
100022434636274
100030798099621
100022551486588
100034476796016
100023677599282
100017839695291
100036348847770
100014380488407
100019429833861
100010117418508
100038062899220
100038057408734
100031086696894
100025853561206
100034168516028
100035939720730
100025411606282
100023742540770
100033660888764
100027588666051
100034012877155
100031019958115
100038051918100
100035111441253
100028384562393
100028278996874
100022669339820
100017244257855
100014204352935
100037844973053
100025545338485
100023049474014
100016646741060
100017400427475
100014331339821
100013355191883
100037643273787
100026743058794
100025053471211
100023979875019
100018376354654
100010135650825
100006327943873
100024382787288
100037704710783
100037313709919
100037244321209
100036988740112
100035711440145
100028862983442
100028182754507
100026697903898
100024888020538
100024856832932
100023939521968
100023495334016
100013432119220
100037354691925
100036730870627
100035525621242
100017268271409
100016598981413
100009954493267
100032194986900
100029309582207
100026593566977
100025462532586
100037279306973
100037035152825
100036595154221
100036548018635
100035897739160
100035883737384
100034913402390
100031119093623
100029719821721
100029364981619
100029217572877
100028189759419
100026808884183
100025427531598
100024927529141
100024600165091
100022070598420
100022033482048
100015753196514
100009606573154
100037317737027
100037295320268
100037025303664
100036040600534
100035064825699
100032899265170
100031654493842
100027666649502
100023433403664
100021808308265
100013617881803
100037860422493
100037221772830
100035679272575
100034849634821
100034766214146
100034306732774
100033542888598
100033342160562
100032432057218
100032189652473
100031699331098
100027513360283
100024779260537
100015108093129
100030981586713
100026608642763
100025604802949
100007289195898
100037325976601
100030787845017
100028093832226
100027782173505
100024580056112
100024274212906
100024273318305
100022659353203
100022607484043
100021620920778
100017474583367
100009613355597
100029135315738
100024528562039
100016764823515
100038028363173
100006806491914
100036142027841
100028437998584
100025590172643
100025469852233
100023358570602
100019358359406
100008329725868
100003526935970
100037672743715
100032616726115
100028026551294
100019440126200
100019346761575
100012603485612
100012032838520
100037470962107
100034749105723
100033788190866
100032280966632
100031920065637
100030705542031
100027139792972
100025080710793
100022186787068
100019402952475
100014726084137
100010637958428
100007677648926
100036640561727
100034619595914
100033347083329
100032456047857
100028116035928
100026076493456
100014899094572
100037472230121
100035283760401
100034987626930
100033187410854
100031837640892
100028265811802
100026615083730
100017722001137
100017456700117
100009543406187
100006635312932
100037369175429
100037307797702
100035686881297
100033632707508
100031988356968
100030578586289
100030170498337
100029100515440
100026084731264
100010008852593
100035861679551
100035352587682
100014372770170
100036729343838
100032238938540
100026557999689
100021951254043
100014035306666
100005428271024
100023298195020
100016802704056
100035040979177
100033379892566
100032343916150
100027421990453
100037773042675
100037526257868
100037263624365
100036265064618
100035759677623
100035642082941
100034858853612
100034776138122
100028707754804
100028255358816
100027718083138
100024808423103
100022317618582
100036169728984
100036138110163
100035964313870
100034865044130
100034826300516
100034493014693
100033843750530
100033414681704
100027961103329
100026569397608
100026522228137
100035893273378
100035174640833
100034867835110
100034671858741
100034622851815
100033237402206
100032612590842
100031797072426
100030555469265
100027807470850
100027753073160
100026450861777
100025436829050
100015163328127
100014869140779
100034188827485
100033024170008
100031301513980
100028492260616
100028232741903
100027748925176
100025844536433
100021275933427
100018426999725
100012908261183
100007636146263
100037685957533
100037542141962
100037400625254
100037110173632
100036995620929
100035658042090
100035201732843
100034201158476
100032601227084
100028947084319
100028906327690
100027839802007
100027436643921
100026706646865
100026183752003
100022464482047
100014528520211
100035758272296
100035618238166
100035363655830
100034990320769
100032574470108
100030446343524
100030368589969
100028551366673
100027642234237
100027140011352
100024770776065
100024503764264
100024176736433
100024162693272
100022763948229
100019711842049
100017947382287
100014321702050
100014068634044
100012078435800
100038083865673
100034565407773
100036841578478
100035431038959
100034832358439
100034573124883
100033729938838
100033599859057
100032028518593
100027267242731
100024703940886
100020020420128
100010056300462
100005492649285
100037659498942
100036940331772
100036518511690
100035777223652
100034986254094
100030996073038
100030717139775
100028077096899
100018399332429
100015095654542
100013511618742
100037175328799
100035665503739
100025610539958
100035521603039
100034813812592
100021519969204
100008076845897
100005891080274
100037860996503
100034880627140
100034689911117
100029190580593
100028206255373
100027380820615
100037662881562
100037410063217
100036937965458
100033422073146
100030601684708
100029619065326
100027898181719
100027333528346
100026620295110
100025983544468
100022778234052
100018010684580
100010699595782
100009095851086
100007435207023
100037533548682
100037463140780
100036916141060
100036057071261
100033678556153
100030269346415
100030227736839
100029320891798
100029094437549
100025175404627
100022454563763
100010003232549
100008875452671
100004661860997
100036225090093
100036224820043
100035142522504
100034672891565
100034562871016
100034354852570
100033643364095
100031029053081
100030184335134
100029143831336
100027818962057
100026898060032
100026034879917
100025310472240
100024285134978
100022380436506
100021529816191
100015119115525
100012144300616
100011417058728
100037098713912
100036994373596
100024544836205
100038058876396
100037742057576
100037432243787
100036000785570
100035585356954
100035101749583
100034965793470
100034481421534
100033926598749
100032938069142
100032680908133
100032400071952
100028865414854
100028761669721
100028434880983
100028361743598
100028140849644
100027139103176
100025576910105
100024751742238
100024418519938
100023011809015
100020637054329
100018610540436
100017489737095
100017097454326
100016920194009
100010920571866
100027394873628
100024685684119
100006579577199
100035317743871
100035128245435
100031105523913
100026803475952
100019459802368
100015417515455
100012014748362
100037463761586
100035634549268
100034327360519
100024193958228
100022968731813
100037416765180
100034918581237
100034484228652
100034130352961
100033324030610
100026171233274
100020984348771
100011564402912
100010000320744
100036156579238
100035055136412
100034967525263
100034758035197
100034496238403
100033699280073
100029235880201
100022819300877
100018495879148
100017007824580
100016714416308
100037880437932
100036129796059
100034308605741
100032590691029
100032286433221
100031160025638
100029855202379
100029719121532
100028782246712
100027438081140
100027295502287
100021990902699
100013090695508
100034568539291
100037779999818
100037699233200
100036503581675
100036371928388
100036028081193
100034870752122
100034421106399
100031384142281
100029318717650
100027784397074
100027604123883
100021102637676
100037746938310
100036842271669
100036320234029
100034605370024
100034466360523
100033507065742
100033362953172
100030258941375
100028965965190
