100024420612921
100034789381801
100028983752960
100034677859467
100031851107067
100035147453110
100037006685874
100034409362196
100028317812817
100028944284553
100030721687017
100000895968443
100031924711881
100033042091043
100023626625612
100038341350114
100034194696883
100012973480514
100024516173653
100031081861936
100037971104704
100017776541863
100030950867841
100024104138191
100035312871465
100033164863510
100035080441983
100036270854987
100028299374419
100036165952036
100026580727523
100036230329176
100028293560764
100015251927809
100031466524176
100038246776498
100038311114207
100038355730703
100038422324157
100038479592144
100036697504801
100014599544494
100028002648420
100031076196951
100032149752036
100035132614354
100035130242067
100023308307344
100033634899156
100037193630887
100028034651625
100035636284472
100031223358636
100037510304495
100033675968698
100037557911349
100031330535986
100028062711056
100035399023017
100035071152360
100037090356280
100034424466729
100029289222793
100033866799718
100021822766689
100038265760737
100014339238705
100036417848328
100016499280732
100037672603324
100034102804082
100028590334230
100036036015896
100032611908316
100036804621366
100029171150266
100023095268866
100010801502192
100029488800223
100038015124187
100033711072059
100023871705651
100031041101801
100031050591516
100034679862073
100026938023582
100033855977507
100024537585201
100034462836342
100028555962312
100034255920184
100035285011019
100027084097722
100038118765631
100038162895706
100038216743223
100038221297502
100038308598171
100038341565329
100038370540169
100022433626130
100035648764160
100007426896935
100036905630164
100001465887930
100035496653860
100024278569904
100034412265717
100011524331640
100028229282115
100004448627693
100025343382533
100016053853314
100035358611037
100034927332795
100026576137335
100037301716061
100030996256944
100035423207950
100022404918988
100028196840953
100037442407725
100026009590766
100035261033105
100038057222618
100038218532560
100024376184656
100007360627957
100037879489324
100028797922370
100007504428562
100036158674937
100003811504359
100022759843226
100034927805838
100031108295603
100033811275010
100037190493869
100037813548554
100034620496953
100027132963589
100031154812861
100027492766671
100034958520374
100028897397160
100036215753418
100030182440992
100027017453934
100017121018074
100038194530142
100032858351808
100025176916257
100021349727708
100029762737291
100029693828434
100031743563729
100035361886024
100027543691013
100029493938237
100028589741818
100021659415618
100015124959955
100017599426415
100029875893136
100027023225904
100027936701838
100035165514375
100036746119474
100028163912469
100012907687874
100029048772039
100021314808416
100028876686205
100037527368001
100034124271084
100037853019628
100029958576406
100038027918539
100038058546873
100038061832233
100038157555586
100038226214944
100038265338728
100038274702235
100038311836907
100038351341357
100038392502917
100037922712782
100027306480482
100033117547798
100034526027646
100037065564284
100030011779082
100029388343476
100010609473939
100025429093805
100035913220808
100035037859620
100028740851306
100008166998598
100035622098213
100027004313267
100035792342669
100032414772410
100012402917679
100035579273038
100034750815424
100034803944449
100036021933621
100038113447257
100024604699880
100033168460780
100037886555329
100024030041186
100035616931346
100033907397971
100037558642021
100012739904031
100020554382597
100033598397347
100035995068940
100038236113571
100038270372108
100038133365332
100035705446088
100031679388759
100036421811294
100034578916271
100029359161289
100035914881318
100036394729622
100028475255029
100026716689223
100036612907395
100003486680078
100028897355632
100025820739891
100015729938026
100035833014170
100024613685697
100038089963341
100032238192322
100025444350668
100037293192737
100036385750629
100022235358293
100026511151635
100024984616097
100001035560927
100013238916495
100033588677112
100034238464101
100034682349517
100035087992830
100035408512403
100035711422394
100036534737593
100035688546375
100010762780097
100022213680484
100027594135086
100022556655131
100006802843923
100008309832959
100015100274244
100021844668637
100022116904866
100022322957891
100022745435570
100022928763385
100023757294149
100024311662806
100025553839681
100026277289978
100026583041208
100026923051414
100026995461350
100027149462814
100027547252578
100027595313238
100027959130266
100028192041488
100028200101973
100028218219603
100029254037550
100029684855298
100029731112949
100030205404160
100031019461446
100032881836162
100033362670120
100033386320549
100033408951716
100033960974793
100034134820194
100034155756940
100034191194531
100034293225109
100034462863829
100034532121115
100034565872654
100034573694398
100034905305743
100034916553042
100034936654172
100035071533970
100035113966004
100035324232788
100035370432412
100035550260437
100035706042649
100036260897922
100036433700998
100036540904277
100036923183499
100037268661967
100037292474360
100037546692450
100037576473296
100037599307267
100037676923785
100037752854841
100037920300005
100037954839984
100038030924980
100038111602976
100038131643407
100038149743273
100038329775769
100038384283399
100028673928253
100012405764044
100032781024188
100022438120884
100031946333289
100010950062568
100014893901695
100023480683943
100024853722624
100025033794137
100026378988858
100028144353465
100028263520261
100028602671274
100030699404977
100033526608518
100033586593639
100034193110766
100034858875876
100036144980416
100037782795839
100004415320455
100005432775289
100009634422494
100012688834132
100013419011536
100013593581906
100015000461623
100017256644099
100017639615085
100018511870523
100021821931963
100022014305232
100022023664095
100023437740797
100023741120108
100024397481863
100024878130982
100026359218902
100026424917863
100027707020901
100027960940270
100028188888519
100028280988162
100028317060442
100028323316354
100029286347263
100029552392553
100030106384651
100030306397138
100031296135681
100032324567623
100033016623738
100034001223536
100034011346341
100034056163345
100034062743647
100034392048721
100034404910371
100034585121074
100034662364266
100034766835145
100034883945153
100034906382187
100035193663962
100035222593467
100035237812309
100035496281945
100035510109771
100035556698666
100035696601815
100035872370457
100036142845733
100036202218823
100036208759112
100036360930828
100036513411773
100036802673094
100036930644377
100037701222191
100037708035947
100037777280303
100037778807259
100037956202562
100038013676832
100038128248558
100038147116408
100038168263200
100038328153450
100007120818690
100015653599014
100027470380609
100013999239801
100026023699036
100004054383667
100005039762141
100009758538123
100010085675554
100010439505610
100012577417289
100013504326260
100014762764766
100014813445084
100015415848279
100017392112499
100017992627044
100018077553282
100019867057179
100022091022735
100022340254504
100023363176245
100023790347876
100023954898211
100025996401546
100026366453350
100026807974915
100027064087035
100027613630249
100027734739355
100028070107063
100028696757969
100028723440884
100028887258893
100029093975032
100029541604439
100030488649010
100030596143226
100030705831375
100030803940889
100031076823067
100030972022771
100031281800874
100032623240536
100032623723060
100032699412297
100033170644561
100033464404814
100033601633193
100034070701695
100034205911058
100035256317772
100035327320744
100035474255416
100035732194593
100036201971170
100036686897268
100037098318605
100037294514548
100037511272253
100037530399466
100037535470590
100037559041992
100037670843886
100037673506866
100037808377230
100038030778866
100038130190132
100038139646202
100038163543230
100038245507875
100038313397124
100036269377327
100010436945408
100034694092954
100034117001916
100036028921258
100033731445931
100034829171220
100031039724453
100027343243617
100024537915485
100026115725069
100032372832678
100032232546244
100027092957563
100038125514563
100038309224312
100035031161600
100010472475822
100036385261759
100031901250756
100022571326346
100011438405014
100035463732274
100035779351805
100034801600655
100038128727391
100033511242703
100037297688225
100030447433228
100037302271947
100028925194559
100034713633935
100026067202488
100033962775138
100033554474464
100025177353608
100010674465419
100038242147143
100037782654250
100035210884590
100001672160218
100032329240590
100026690411719
100034112891757
100029155220829
100038097620012
100034282013915
100037055724262
100030596925355
100002570508243
100035715051017
100019597351208
100036662900202
100034841227098
100028033414500
100028457821770
100028890934080
100036390679079
100023252869719
100029144620945
100028316984392
100024714922906
100038124096340
100034688352782
100027916090514
100022688241405
100038000601449
100038118882043
100004326450052
100021286230703
100036482851393
100033817272619
100037540904788
100036381810543
100035831929842
100035838421798
100008559872255
100001986489406
100038159431415
100027468939591
100024200588312
100030032822280
100036315663462
100037134815586
100025005975098
100033475472401
100032694935764
100022365810590
100035838579452
100024817160987
100034592154145
100036149022428
100028185434292
100030666305835
100033326640033
100036298984674
100028493182270
100030139485084
100009585892261
100035482710591
100033305211927
100035995550376
100035116643556
100029539007992
100033511534154
100034199226279
100028870494033
100012810434909
100029335507140
100037974371370
100038080418008
100022861263587
100037918007562
100024244600238
100037982049334
100036053495235
100032696411355
100037714460406
100037647167118
100035248291452
100026178907509
100033464766305
100028418642241
100035282613290
100023817042249
100032262005442
100035455730260
100028031083045
100031375487658
100030492763020
100038020853550
100015382022837
100037984471489
100030294774174
100032447169702
100035748981924
100030552270636
100028516725754
100028210471323
100038117344397
100006074733671
100018587311486
100026535302789
100035186132277
100036981102528
100021054254114
100036079957297
100036249890314
100021946392046
100036095072967
100037923439207
100038331990472
100027769579465
100033274095543
100012673539548
100003106440049
100005654251555
100007962279152
100032871787915
100026679093757
100034566464941
100035765768665
100026482582593
100018797044972
100036396831591
100018027374468
100029476099911
100029135225068
100032586091670
100038141774953
100028127926504
100035330914125
100019834750296
100038127484837
100038123145736
100024371924359
100030876081609
100037130893220
100003329507760
100033307011260
100033381757201
100029090929878
100035220918389
100032063371005
100034568449829
100029216370753
100024732833299
100024697158808
100014070813310
100038065630114
100011372266123
100025092547152
100010624680890
100035030374354
100005669764866
100029450184250
100029271544258
100032474255922
100036507112113
100028496898201
100032970438286
100023263962310
100022697922250
100022461707741
100017730753269
100003092267352
100029006088311
100036676370531
100029322981765
100021912245721
100028093330110
100031581621178
100034617635259
100037910626654
100037986109382
100038014371210
100038078345065
100026290864142
100036556055588
100036985488655
100034442118266
100033440767715
100035700901406
100035681780059
100025403003297
100025697701138
100037696938664
100035529962553
100028876481067
100012159762106
100037576357974
100013541492116
100031036681885
100024155169503
100031259826983
100027151402038
100037697928918
100035188424547
100037946555424
100036520810037
100029819984401
100024325059742
100035021871755
100031446045147
100035754592066
100033818033930
100037215287254
100027103159640
100037908278221
100030114517735
100026714539362
100037463033198
100034602855684
100023802485609
100030765154926
100037256070571
100023537498693
100034069748657
100032144417409
100038055999260
100029813962557
100027863866453
100025795599715
100010907897522
100022889332222
100036049560147
100035697723390
100022208991350
100015040144488
100027544927247
100027187815332
100029117313476
100037291356356
100036721265811
100024934032789
100022533990012
100037710433514
100028581541006
100037572520981
100034135174077
100024538145678
100003174863434
100014629518690
100036466482396
100037957473848
100009453239428
100033333510124
100038064159821
100037709655823
100036143387778
100036345406676
100016570327159
100030273456951
100037848587029
100037924065062
100038226811615
100034342325205
100029310200460
100035483722953
100034463282211
100024898600429
100012482738396
100034417808571
100037722496114
100028908481773
100032017710388
100029734897054
100029719121532
100038051504804
100023891260177
100034318781391
100037436684864
100030200043591
100037739934126
100038026757804
100014669657834
100036228586566
100037822442663
100034027100475
100038237130755
100037886293747
100035633101097
100037917555931
100038129591955
100036523156279
100028151990508
100031695849976
100038040497204
100014595360838
100034965042197
100034013958645
100037798309709
100037952450967
100038001913149
100036387976673
100019366835892
100019683240232
100035453541111
100021747230635
100017286794729
100012176174409
100029515624938
100034168801996
100024320220745
100036599392188
100028687522581
100036140408047
100006277660184
100034651171788
100031354493625
100022593003280
100009637994074
100034021090443
100031709662165
100022325794928
100023707024734
100029206847291
100035263883527
100037016100443
100036290888341
100026711253064
100012036698967
100027270798774
100038022120810
100035302040466
100036487748752
100023128359100
100028896375798
100031440060342
100017761579069
100014319094648
100034870163754
100026797111763
100027120351299
100033336907974
100033133065839
100037672743715
100035746337574
100034719376909
100037343589306
100035769221269
100007099575593
100008807508605
100011416948742
100032723888758
100035112060889
100037912311806
100022118765852
100031427234077
100013844360587
100014703249017
100012674853762
100023436039923
100036594578296
100026460360048
100016545735949
100037024282576
100021387407391
100030806544009
100034112491045
100036597078877
100034662732000
100034012576462
100035843683791
100037409448868
100035091620862
100033509633491
100035428097728
100014412468140
100034960801349
100030829778789
100014699145900
100017537448760
100037697962872
100030245713326
100031714140862
100035979403186
100033394696169
100037861132782
100032952017139
100016202413375
100034426701315
100034651689883
100036301782728
100035471345149
100035795971511
100004602312339
100028387132942
100007764964532
100037451242293
100017858672693
100031626532433
100021927321823
100037118686632
100034639930506
100031680541097
100031993549916
100034333580143
100035639681256
100015597821816
100027372756194
100017626144295
100023796139464
100032227158233
100034423929917
100034953001815
100024017513165
100035687567839
100034183124738
100030823391943
100023750243277
100037974005395
100027117890591
100029175426292
100030679011866
100035327048147
100032381961658
100033504679289
100025165614220
100031949303914
100012839201449
100037734413914
100018749464881
100027751026148
100010302428514
100037548963112
100034226221877
100031447884004
100030270975070
100013509076739
100034813664286
100011145401584
100024814666162
100031492640721
100026101714085
100037848138779
100038030501384
100038093648213
100037697176950
100027146830755
100035361556885
100014735321548
100014444929455
100032536397262
100027193401855
100024095191862
100037756485126
100028322551663
100014941262256
100036172880279
100030423519931
100027149434018
100024409903953
100036151685660
100035426662271
100037958231087
100033063221561
100003710737280
100034235452219
100035955912266
100028467992695
100034930215322
100003842226790
100037534597525
100021675781150
100037361591969
100037882421209
100035241341088
100023694889843
100006862661690
100026465447308
100029607165306
100034286012850
100030721850244
100015128921495
100022844264775
100031282604089
100036992285888
100037489246008
100025564657111
100037691775375
100029046286756
100037053001033
100016428453324
100035352255896
100025896782831
100036427239034
100038016510926
100032672532478
100038075643982
100024163514257
100034335198682
100037809451941
100011494269280
100034525073989
100017200351313
100026691279745
100037463526429
100035481171371
100035132403801
100022841450886
100021961414694
100037371284243
100034743529211
100027520145031
100030537645989
100030730633413
100038001844545
100027223800326
100026608012275
100034624725659
100037334828479
100030346570040
100012090510043
100028314096616
100036446347422
100018847988838
100035349556709
100026957464775
100016123057641
100017814421179
100029145409974
100035629463226
100024113719804
100014510888614
100037540569809
100035004575538
100038009287777
100022979348450
100034749676498
100037254674778
100036418160256
100024655174781
100032571638067
100034562139436
100034224301973
100017529210751
100029633450132
100033057021257
100034739674147
100006287352730
100036535388901
100037722164404
100035467031272
100028763643955
100029326132226
100037897571572
100037958771965
100038041025554
100029418608512
100033041108183
100026883043202
100036830508348
100030062222979
100004059750399
100022025795492
100030920742230
100033891394649
100026333735504
100035698005150
100030478950408
100035454730857
100023875500880
100037263337164
100017894088484
100036809611725
100030078391763
100030072090035
100031956150200
100035470471199
100014569085678
100035220455952
100037094749396
100033192135204
100032991492759
100014557477182
100016478416114
100024935932325
100028353998601
100035390896157
100029107208794
100015792435247
100037303072068
100033146435397
100037372914312
100036608600024
100024580369654
100024893085410
100032717115302
100035968986133
100036502960188
100010135480825
100037966810431
100034334033765
100025992440625
100026561051031
100022797769572
100022218332103
100035291895041
100037116606641
100027786101093
100008181673680
100025505013821
100014560907841
100031397642572
100036117460503
100034606110639
100034365998355
100028647524551
100010081417358
100030281829674
100036345911324
100024258128335
100027517894600
100037358702902
100024929260981
100034325182984
100011272365660
100032936473679
100036121904284
100037691380164
100035506061724
100025665944606
100026411722289
100037071721130
100032126262192
100033369610759
100030787403254
100031248984297
100037625633048
100037775143137
100037802209129
100037890643277
100038104291143
100018048660438
100032912603209
100035021702817
100034326794285
100028734951090
100035670200700
100026574321025
100012126881886
100028200300554
100033438545657
100037398903050
100036801114173
100037245161181
100036819586984
100025921692487
100037489171526
100009490181712
100029059608600
100023443277382
100021841125608
100037569041937
100023069957980
100037415423127
100034235198632
100036731808552
100037549612615
100035818306165
100025911181160
100025483427830
100013481440504
100034512917709
100023416968339
100027119702589
100006576854552
100024783901567
100031402633423
100026983246449
100011232723734
100031819203044
100024671050155
100037898793355
100036198047430
100037597462137
100037618944154
100034295583739
100030978871729
100012834454214
100022598376656
100027184151271
100034145240364
100035903203777
100036768463375
100033539801257
100013868683276
100028667954036
100035374852973
100034692681411
100012204887732
100013243027981
100032709470464
100011152748526
100024555528018
100016619790888
100026836813015
100009473604940
100018383143679
100029062126561
100034901617433
100027077986866
100010576354385
100028946509605
100028672144147
100035358761246
100037687633252
100027256323863
100034698940370
100022640334346
100036563920342
100030798594186
100023411224446
100027884812399
100034696692342
100037554846891
100028461224876
100034306913217
100036596296482
100015110232281
100034430960672
100009668857146
100037829318082
100010461756273
100024421212739
100034209084148
100016563306776
100028855581417
100027580701443
100024228782392
100012463937541
100036360636232
100027169415637
100024550754470
100020221145981
100037885060656
100033737528095
100015679475285
100029042362198
100016772561167
100012957095919
100036382961011
100037646078186
100037684223900
100037812135669
100037820262932
100037934078059
100035177349128
100033641496965
100033904537558
100031469942126
100036929735879
100037244122812
100023571245854
100037543877011
100027176320485
100033306769345
100027785929198
100020621551269
100032283189071
100014111628226
100030925722567
100011238137743
100008861223900
100033489285886
100017730048883
100029672659818
100029884071465
100036064262783
100034078271898
100023046767591
100005524784996
100036875496404
100031851167822
100027770110652
100037438235591
100033989311700
100027143570779
100027817402999
100034927094583
100033404529640
100032764583917
100037882989400
100032519442863
100031248380392
100030090234150
100037956363879
100030047892763
100035533022879
100030277472574
100012661336565
100036210742898
100035596722087
100029438075636
100028433889465
100009144315836
100035562046141
100014798117153
100028453006855
100008202286091
100037061685626
100028504122014
100026724496955
100022297660842
100034678186738
100022268833875
100034862026830
100028574296170
100008452262441
100033427822315
100036657492521
100027369758086
100025229448671
100032880587028
100025759253186
100033058759852
100013925229224
100027434532497
100033480453768
100032990702820
100028849268696
100030314613433
100010887990313
100030092566484
100035589710421
100019935673668
100033932282987
100035294385175
100033359683485
100030120351870
100031155105951
100037176831957
100029586630025
100023727819324
100006271504762
100032297479146
100025529743227
100024628598034
100029116533653
100037365787312
100030444886860
100027020086631
100020382049589
100027055999967
100033016204344
100036656330444
100024700085681
100029139110135
100034899996126
100035557088057
100028330654374
100034133170883
100034201141455
100017588012715
100026979227813
100016975532281
100022609101122
100036579824359
100023663252326
100028318590077
100035827235234
100034713788043
100037680591943
100032853572434
100014795890788
100027881674330
100034494050583
100035947703136
100025290203897
100032523516768
100031101667567
100011656336774
100027074047011
100037700448930
100037958850630
100028047392654
100035380068155
100027014498455
100036804752762
100033836003780
100034461696212
100018826786396
100037325206362
100028313363851
100004601169163
100034813441497
100024816613763
100023647182304
100024286838411
100035988082634
100021636109919
100027062714286
100028890765787
100034866434632
100035608459321
100037104138626
100028121922093
100030879405175
100027222770032
100036168251375
100035818252556
100035942693045
100031841402304
100027576633261
100015247541032
100033755409697
100036130746123
100029606448516
100024517118446
100025241151703
100036373449727
100036280131946
100037212831710
100033581472925
100016402116518
100035738881058
100015337411467
100015993916638
100034866124177
100028196118031
100023583154619
100002714503512
100037393328574
100037855111454
100033158498456
100029031630826
100036995501920
100024665633010
100013922328425
100033174784878
100009457020252
100010938012553
100028882394741
100037500306545
100023585912417
100034930540055
100029072320598
100032918970370
100037078550171
100006505775336
100035146567126
100037771573694
100037996230513
100022120253676
100022571117698
100015205506148
100033201739247
100025217349725
100034520232060
100028078392427
100026041733903
100010282653065
100023328882327
100015618670977
100036134228997
100035982133453
100028223113355
100036845771440
100034603098709
100035158875138
100037703538678
100037976881167
100034588732260
100032869810362
100029550843554
100036075019660
100037381058498
100036682692797
100026008988779
100034805973815
100015011417383
100034262106431
100036523840292
100031367207391
100033905885294
100022587220343
100036339782586
100027052420900
100026124727644
100030089625718
100036893536426
100037665168596
100037767397779
100035661583586
100029931693652
100034352893065
100009189912129
100031603753720
100035834987337
100036799355312
100005128095849
100032770652638
100006239436248
100036699640082
100022397731116
100029382213173
100022181527372
100026590878042
100023800472106
100006481833128
100030423826247
100036329556510
100028726245486
100031033849519
100024495173822
100026267854813
100028384723708
100034487290398
100032667546308
100037241357714
100020654880329
100036717874526
100013470167557
100019334501968
100036050146739
100029391093789
100024377071035
100031091989595
100021885666404
100036776107624
100032857544720
100034308351705
100031707342833
100032594473027
100030293293781
100034260063645
100015965230789
100021417195351
100035406550267
100011337495822
100032062935892
100035778303645
100026640349923
100036883502855
100035087684287
100036507710471
100037765090845
100037785877911
100037805584733
100037937912012
100023896579402
100025102275925
100035034758097
100010230429651
100036415890327
100026952965368
100020791839187
100029037977552
100021936516988
100023138890927
100030917956706
100014275486927
100010874563713
100035139132829
100037198486031
100008727181880
100029554151887
100032607104714
100031932502925
100036342910319
100023481291898
100037674109012
100034576862327
100034286430224
100037797152982
100013791647713
100036255637666
100035104477948
100018707353728
100034474850782
100029479718651
100015953826754
100024405564148
100036986383562
100037003274691
100034731700063
100031329033493
100036374680516
100037416862965
100037514506742
100036232728915
100029026658985
100009345067353
100031170923789
100032598862504
100022145109747
100025142420946
100036502445422
100013056224766
100035221990555
100028133738895
100009408694576
100037700381081
100037358472027
100035911188841
100035359638157
100034817778035
100033163965735
100028445829505
100034500097051
100021954653588
100013193627344
100036179050504
100032538755196
100035749550889
100036981414056
100034900501846
100021687430520
100034622482226
100036883306698
100025743969705
100035095822796
100037843206503
100009665597558
100027954141186
100034676776502
100023712109950
100026392631393
100031973110949
100035594436283
100025401452374
100031657783681
100030324162259
100022892490791
100008231345004
100036789171603
100006072286094
100036181702988
100023343034345
100015636481042
100017224358530
100012820624463
100030527586408
100011839650411
100037128816468
100030219845322
100026332923742
100023846571746
100034993909497
100037212317365
100037301464345
100009684214777
100031058810354
100022196203300
100029569753868
100022309280727
100009459994798
100036179370782
100037214430789
100034562960937
100026977484375
100034238497864
100036760685363
100029492829846
100026946003903
100037039643237
100036794291677
100035671597501
100031569014956
100037371570597
100003605062589
100031273260385
100029622142657
100037379585192
100035034679961
100023408574267
100035398230745
100026573169812
100034642029853
100036605111623
100035411797923
100028164392114
100036627662541
100035981610033
100027381462125
100037708664255
100014495372629
100036480610591
100015198971814
100037385497077
100026776250204
100035261289302
100034771395275
100028853208853
100024203617330
100035639673378
100003987427228
100037598083319
100036135792842
100023982585950
100033237081934
100035820081910
100037471840264
100022109438398
100035974190535
100016815914587
100037284575927
100035045584646
100022079992473
100031384129079
100027543380033
100037540212929
100032258910951
100036515299353
100035935280910
100037535088743
100037537178894
100035768344947
100028589432188
100025898843439
100026658012408
100012614585001
100037379738775
100025160600848
100028674518085
100034595511638
100013997170851
100036416732270
100034404825879
100035731358855
100023854055294
100035546313225
100029966808520
100029631045652
100009042261190
100024174159450
100023622465270
100026486377335
100033283785340
100037581279687
100034972804404
100005827507761
100036246123347
100009770648029
100028005842878
100034255911114
100035290126667
100023650696280
100034412988310
100019788000984
100021305011461
100036868753901
100036807860368
100024695160335
100014383757685
100034128698517
100031002583530
100031845592625
100037545412902
100037541512899
100037349731298
100036820351531
100037027043296
100032635508746
100004636479027
100023906234273
100037501644109
100029023033630
100023133889022
100032884899826
100036132454601
100028529153080
100015450542223
100035705401043
100029303628881
100035700141507
100028117027279
100025099147520
100022328571210
100004667793317
100035960656831
100037485709394
100023804463202
100029461391848
100037524022838
100027984186045
100001562554264
100021580715808
100036796538708
100037366741272
100036344781244
100036691777211
100029490624244
100018154238993
100033571845339
100020571137707
100032138767684
100034303331846
100036007214965
100027429757328
100037582118531
100027156139307
100035359501739
100027643516502
100023302790185
100030896521001
100026651331247
100035465850509
100034447410600
100011341359090
100015047790122
100034367798142
100037622593423
100037693415654
100037801324085
100033855888293
100037015864456
100018086116033
100022275912998
100028829861334
100027927950913
100004275637453
100033577740368
100025232658193
100032180364201
100030607563168
100028273741470
100035317721895
100018880816288
100026132524118
100034918205290
100017734839744
100034249941969
100035743450742
100023298309835
100030683105226
100020664740447
100035812518474
100036500530223
100037676051460
100028015118017
100032241372624
100036884853324
100029191030755
100026002771504
100026903182131
100029039619127
100026775905082
100023976608932
100035458989870
100029064040843
100034268617945
100015106443240
100035444828290
100034689367278
100037363012809
100036193312065
100033679206879
100030062673430
100034670441343
100029778726813
100022045470812
100022838702922
100014890026142
100035564476077
100037492998151
100037616411725
100037678505619
100034711622511
100031921671863
100036954010208
100023214377333
100035660473187
100033964590732
100027709129460
100030251600926
100033140393646
100012839169986
100033649186541
100030367297686
100036670865887
100036750484375
100037549629336
100023436662858
100033822997123
100023176991327
100037607161956
100027393670740
100024157563820
100031226423219
100023922930235
100023406922370
100033512179087
100034953861983
100035234436438
100036038539182
100014834804151
100036953861040
100016725973234
100026232982249
100026858252152
100030936499309
100010641279575
100027889702645
100025329622050
100037269316115
100034953785357
100026696232103
100035232032909
100034366299872
100034749573516
100035332403572
100033512178687
100037583405532
100009784680923
100010633680841
100034283629470
100036405673817
100022140617003
100030827299862
100037641691008
100010639596574
100033759163293
100033288466934
100032704775842
100034693388168
100033368890458
100029873404606
100037562234174
100028840005858
100027663210658
100037632365136
100036874717361
100031359018474
100018353675378
100030735438715
100031511765693
100033343355188
100024361623165
100033963501609
100029983521306
100036604881734
100035272236921
100034361618080
100027095116492
100035147748625
100022331423845
100009557342852
100031351626111
100037108574551
100034020031195
100033797270112
100012482111443
100028969131207
100029117931062
100034132427068
100036991385754
100036193073296
100035024979949
100037378130539
100037241795983
100035598999890
100025152759922
100032984680821
100037139753317
100036183224040
100018347927143
100034013205447
100037155832826
100034157496612
100037124209706
100027700485394
100037388781010
100037209554451
100025201293065
100035771804032
100032696285104
100037436418501
100037153059152
100037408362152
100034659483128
100035962328980
100034031810170
100033329390558
100026145621530
100035253253503
100031723494287
100036160636505
100022295776583
100037255610148
100037305532961
100037381849122
100037545759702
100037559498634
100037708382131
100035188901238
100034832600303
100034980826332
100030926921972
100035349467647
100034690640272
100034873307173
100036497083288
100016091956153
100037231774927
100035161583179
100016750479528
100022987849915
100021565023742
100034757011020
100026460559315
100031725121598
100033028399627
100035734860567
100027067081111
100018914567423
100026820550817
100029449810154
100035200179772
100032622741342
100035889467626
100030671268908
100029850706411
100028682774514
100024980106547
100037303747841
100034149461822
100037216487047
100035902037023
100022362270717
100033501142439
100024597939359
100026941669701
100035919368738
100036629663172
100026161145144
100030025274479
100025588299254
100021974778021
100027086594966
100033207832015
100037025435802
100031244472855
100032124271083
100031761409104
100036240764899
100033650899503
100026006739994
100027296854098
100013014732343
100034452800619
100035131928458
100034445289388
100036431439926
100028274411712
100014628751814
100036127243887
100029330312730
100037541679829
100033451747530
100034840999309
100028451436122
100037397508235
100037453573135
100037626572461
100031960572701
100031980127008
100034520210996
100008197992085
100035229756584
100035294280397
100032873782423
100025306000426
100033885271179
100034534987452
100036730962776
100036426004519
100037257132424
100018134194231
100012768153718
100035875200136
100021717815941
100037210488930
100035525528311
100036814092110
100037045235611
100029022473986
100035254237760
100033014701926
100036715573165
100004592503930
100035594182731
100035623661083
100034248725654
100035934829049
100037419311128
100037571822680
100036942934052
100034590707718
100023681070184
100003172986277
100034122249523
100033307302866
100024802902161
100023575392734
100037025379300
100027211272917
100035462063306
100032293328334
100037326092074
100034359593617
100029941921928
100026479572150
100027567093642
100037342512623
100037408777353
100037474688486
100010411273177
100036195011565
100036073747946
100027794439026
100019718434116
100024803119972
100022003116382
100033512962649
100006722793408
100000744231987
100034291102745
100025589826028
100026381857487
100011168642645
100031569153683
100029937279221
100033842389471
100025263367723
100036535020175
100029600468179
100037008180186
100027315650975
100036067297429
100036460641710
100037353601005
100021739926675
100033502071845
100028880431689
100037346016232
100037313400117
100022481460316
100034766952651
100001059705181
100014421855681
100030372881072
100028759471453
100031443585087
100037023666198
100035287982780
100028307463662
100017488605634
100027297491530
100030485537618
100018072813942
100030385650214
100026949555473
100022181760813
100027798330437
100028082550070
100022425485474
100030998076203
100028756899898
100005875561782
100030598625692
100026785781377
100037048730025
100037138692271
100037435686968
100034387504521
100034118431320
100024409523922
100027400579107
100024962317258
100036993768466
100018678215117
100011098635480
100029318678605
100031916463863
100035424487623
100029200668537
100032347554364
100030837652713
100012755165769
100036681072632
100010452496296
100027567921342
100031779368742
100034310405175
100036107313144
100034841172949
100036690593550
100033509481346
100035163999793
100036472523349
100035275464143
100026795074515
100034363892010
100034552598493
100013706040733
100026050600618
100032550273885
100034188101491
100024211250165
100034646377391
100021953778446
100026602279958
100005043492286
100034716348731
100027022040689
100030907065622
100025246260652
100009436206113
100024585874053
100034337176025
100035993270587
1810703641
100036099583091
100036043727295
100035151874618
100037158188148
100018468917501
100033580102548
100023214291847
100030685127565
100030865472685
100002609326697
100035506931115
100027481292532
100036502971459
100035901982386
100023538704831
100002300072458
100037119153183
100036930671875
100029934249554
100036578033160
100024114256733
100036918105619
100028108814924
100018608441330
100027640933411
100033168844352
100029690093291
100031446472654
100028753900637
100034324269793
100036991760830
100037134352891
100037135884376
100037214180034
100037444625221
100037515331000
100037088119392
100027012792055
100014226167347
100029100198036
100034736799009
100031905492007
100004983212649
100032435820888
100022168155090
100033507938132
100035160044450
100034318897019
100035500942404
100016722464899
100035485867443
100036599491788
100027870790987
100015191117116
100017885947111
100035208981589
100034056294011
100030537923888
100034081179137
100037184541000
100019097942257
100026756582848
100013400384677
100031298602628
100033434585675
100034050677752
100023717227434
100007002663537
100034893437389
100035343583687
100030995271771
100035931427331
100034900177474
100037154092082
100037489321218
100033681705983
100036896718351
100032009744252
100034309566641
100033948309353
100024504517800
100034993416561
100034524132709
100033528461536
100010027292952
100030618002199
100011065727971
100027572649377
100028455739490
100036949993034
100036243666011
100035008537673
100034849612743
100036223692836
100037426354743
100026083773775
100023731613481
100024924105208
100036476042205
100023977980435
100031719930894
100025974100504
100031000028494
100037378501949
100011040337280
100036199024991
100024483169840
100034318778398
100035675392016
100035950444948
100033170761353
100037366475386
100037468710938
100025009241308
100016299246320
100029833740220
100034140943800
100036484756748
100012907239335
100014758571911
100024963812180
100005539065068
100034769735925
100031759262237
100036546827822
100035767460026
100036901274307
100036259002164
100036787516785
100036968823448
100020045496260
100036862697562
100014583130725
100022714693666
100030249159082
100015042492171
100036979650779
100034936363699
100036486763926
100032339923355
100012683526897
100027876138542
100036860254808
100024981856477
100022372653130
100035563577225
100026436581419
100030397643323
100027361610629
100033827280494
100035166624188
100031716022148
100025638773873
100029286738567
100034909740232
100028406894312
100033538396851
100036950897914
100037286347795
100022297488271
100036088745800
100026001004007
100007729898616
100031927812677
100023724526373
100026631331112
100034526618688
100036840623303
100037193381623
100037298585728
100035741765155
100036295680001
100010339295904
100033598243709
100030095694192
100033768960625
100028231911734
100029735209924
100032535302586
100036406206429
100034271435327
100029580312348
100030784660792
100033191437937
100019551912013
100029002784555
100027589125978
100037147156375
100033889334679
100024508894115
100023819979514
100036557584913
100027882612634
100033435391223
100036311622425
100036880733968
100036201323716
100032703635603
100033708279619
100034562262760
100020378464348
100036995633567
100037015821779
100037017412776
100032829672466
100021838961458
100036111063224
100035549261673
100037231445404
100036065928341
100036090036228
100034791421683
100016846209706
100030799928031
100004222336582
100036179205292
100034947315820
100012694560696
100031099546620
100015170022935
100022898345407
100012889381986
100030361703327
100032518781569
100027602903749
100036657134603
100033840427282
100031482965677
100023887892688
100034713542687
100037090517652
100008847991205
100034797520380
100015902148220
100018491357370
100027665213160
100035497932599
100033176208995
100036293149858
100027168017302
100017877798410
100026753288096
100033714342222
100035608614279
100036949386935
100032331991709
100029949677416
100031428454635
100027937690368
100035109213369
100024717232752
100024956943263
100029128940541
100035548696992
100036987439368
100020541392638
100031489389987
100032003651663
100036270231863
100031377407611
100013620907614
100032263325763
100025576070894
100027517998873
100034513710941
100036572140456
100027664212623
100033474853436
100029937284469
100035710037697
100034567260560
100036991791107
100037102005309
100033351331343
100034337565741
100034716052911
100032341371499
100036354906031
100034970384013
100027342306289
100036570426852
100016761153489
100034550089504
100036273752378
100037287541720
100034152722566
100031426847522
100036170914999
100028149123104
100013514839689
100027754478027
100009346888160
100030864913343
100022925904309
100024323959037
100017945553836
100037158276423
100030124247197
100000802350430
100005582410370
100024531488941
100014930176419
100034959591421
100027112695079
100037068186432
100035549733607
100032445704528
100026220350135
100030728495677
100033032370248
100034856596231
100018712304172
100027145968678
100028229662438
100036059091148
100036662993004
100026733713103
100033474606235
100036530496336
100030991191183
100029716876554
100036849399186
100012391426922
100012507995880
100036353443975
100030370301786
100033482590499
100028144845455
100014618829619
100032406453819
100011625768807
100017240027708
100035423291973
100032891564895
100035773511621
100034382057016
100033082721076
100034426661280
100036313844932
100035268679383
100035213165004
100026672980481
100026701329852
100036050160440
100035290170826
100003255214238
100034158906851
100034527675602
100023491154226
100035068940922
100014587149308
100023889482547
100033951789620
100017055965732
100026781590269
100027901690407
100021801945870
100003550544391
100026759130632
100033028132615
100035471841107
100034837634058
100037118972033
100036928650792
100016596840483
100024870999457
100015390228162
100033343431479
100036484660496
100036018006197
100027400900099
100002435358944
100028043569326
100018531182278
100035972947751
100036950985049
100037007472292
100026039514335
100027056513128
100036233282666
100025968005913
100035190041491
100024739758977
100036915848472
100036643403269
100032212489409
100019968069695
100028862928858
100036715311463
100026151916609
100005595306282
100036180785633
100036428961908
100036278791087
100016784314973
100018474258126
100024830837147
100019299044050
100031534816994
100033358903084
100011397176529
100011208031177
100033937845635
100034854873107
100011041505944
100023617095746
100033485718031
100033014348626
100012997831097
100035082816529
100024698539874
100014633953133
100033220187558
100036984310398
100037012805367
100037031823095
100037058530356
100024772758115
100033027532437
100036191562517
100033753249467
100011608140947
100025398673720
100036364995982
100030808231203
100007810935908
100008985314692
100036707856676
100022680514229
100021191315012
100029054286645
100033826180734
100032863490368
100015754326765
100036419970065
100036886536881
100034522988004
100033628447484
100026505787843
100011104052035
100031249964818
100029427373465
100036924158131
100028087729346
100026765070288
100036476708731
100030119662205
100035790888080
100035017343139
100031750563087
100033437647004
100036339167550
100032291045497
100006725827193
100036185616777
100024646680633
100013970015884
100024040427042
100025000712459
100034800876172
100035168184031
100036963311845
100034505193533
100013257460448
100034509180917
100036696157924
100025256202815
100034323938472
100035994726756
100026867150318
100027778908656
100035439122612
100037153680547
100021250715113
100035705134765
100034874344020
100023784458135
100033440389403
100030774853689
100022241054652
100033850613467
100034149991126
100036312726892
100024363870066
100031459058236
100034978099832
100030432344642
100036856969337
100002511973212
100027315126568
100027835750756
100007943500789
100034524880540
100035972986017
100022525502395
100034862944393
100036047206241
100036890198769
100010139761612
100033058895448
100036281855869
100033728054818
100023212387526
100032089812767
100035872712416
100035900963304
100029434134136
100028912901319
100034788191107
100036494045404
100030724029906
100003468208352
100035932113535
100024166721834
100033337504912
100024647348688
100026962330045
100032194930047
100009707192365
100035276270251
100034812645778
100033684425467
100035034171645
100024721425816
100019922646661
100036602541190
100022873572564
100028355089029
100035562695398
100034099146679
100030072613513
100036016070903
100035648892319
100034765114924
100035529908983
100037039204963
100036409965503
100014231075956
100036192261698
100022603326521
100036080692609
100032081300154
100034723367797
100034735484380
100036870013730
100022020624049
100034077801904
100017889390190
100023698171721
100035432633213
100031378146184
100035093350694
100036155857524
100015210735884
100027288420058
100018620564570
100036340514992
100027475150265
100031315184456
100034728399527
100032568609904
100027739080378
100016407853433
100008405790963
100030745464328
100014620267857
100025306490474
100034756362722
100004726993027
100014326362311
100026037047196
100035873977921
100028759891145
100029780062012
100034060204283
100028488544807
100035197689064
100035961293815
100036504024012
100036680778858
100036920615573
100013696660670
100035806491750
100019165091744
100036110663370
100027033980177
100034099669126
100034525245156
100019510901196
100032207926836
100035819046167
100029504506326
100035021896669
100028215395864
100034577889660
100036640631070
100036953672142
100034376251276
100033601954420
100034854677940
100017047038120
100035078133106
100023424992436
100034699883163
100021918587263
100027782895897
100036632642876
100033679237134
100023481845272
100002268265025
100036526055734
100036556852214
100027533239941
100032687103668
100035416749547
100009239573368
100029879854595
100029951380871
100022173845468
100032463243272
100030069664924
100035213086705
100029995605584
100036748089360
100036845555423
100026632626949
100036588422412
100015102243378
100035135793676
100032021686644
100025366876761
100035965069169
100036097923317
100017946255527
100035677094214
100027544431021
100017479505326
100022225605921
100036439104391
100028918840604
100027613128284
100036303497566
100023844947483
100029614411846
100030274127726
100036540712766
100035776383877
100006245055679
100030390366530
100035323401385
100029039823134
100012980943559
100031396082325
100033045378578
100036447609976
100036264970829
100026653652958
100015879043652
100030687442164
100033218109172
100016339967479
100035916152896
100036954690560
100035863867165
100033605880296
100029059381900
100024990019152
100011257422536
100036907232815
100035324543194
100035698805824
100034393774097
100036037173816
100024043334623
100034643345277
100018643056395
100022834845347
100026444613970
100035845475152
100016747307467
100032645401881
100030800165577
100027817201398
100036426362665
100034579328609
100031335306334
100032918420400
100034048925165
100033477940547
100033514840688
100036475553651
100035983141139
100020143039439
100031881434472
100036338581877
100024651586652
100028428162994
100036483343556
100034815304668
100034916566181
100003464021382
100023754202446
100016891217609
100028980031010
100027772713251
100034006102985
100029561259696
100036146915535
100036031806233
100024162010814
100027706745148
100033910608071
100028764733665
100024421811082
100035769610468
100035998487925
100027071783055
100017315598263
100032571014004
100025082560316
100029537581532
100027331320120
100023847284320
100035663117802
100031504065606
100032681301494
100026192700051
100008743321884
100036799053079
100024584467954
100024727591080
100015096577650
100022413524855
100026814185119
100016241885090
100023914009472
100005221688547
100022232480947
100031276310024
100034546877812
100030642337837
100009834707263
100029908702820
100011678579783
100035855837674
100036599525363
100032432046866
100001625804245
100012748658910
100035571113906
100035051477099
100036069558531
100033250090733
100021529922032
100035237914448
100035289767569
100029456573509
100030228246036
100036616117805
100015491492528
100026259816355
100036256162194
100027519881835
100036448393143
100027168761138
100031059100374
100029187971226
100022481094244
100030765232430
100036001970765
100010440675304
100032048169311
100018908862283
100031397292439
100035244054276
100034511121710
100024163432002
100035850620836
100036134203732
100028008011401
100028863186867
100034596755650
100031875255321
100036455561940
100033777060198
100017092363395
100028933449035
100027514280166
100035743908297
100033399324059
100026040171533
100035602274345
100026608874931
100035881455189
100033953144545
100023078301766
100025486822718
100035651058544
100015752375701
100035026366548
100022018457711
100029100635752
100026373133636
100028795755656
100017049454815
100011134179865
100027597466338
100016729598535
100032473974305
100005513984941
100028067241935
100022383292218
100028965201750
100007131193825
100027812891214
100008699261541
