100035838863514
100015345762977
100037394949120
100005718642838
100038050632819
100034529511730
100003204643221
100037975964398
100030878803008
100037997490449
100030566062094
100036271786243
100035930406414
100009661302992
100038168880568
100037376468552
100032796649042
100021605964295
100037956800204
100036474428858
100008879202947
100038190990374
100035609002435
100022297366791
100038031309477
100035760513035
100028829469306
100037647652481
100036796092356
100027740310619
100038113383449
100037707574574
100037968163149
100037226868835
100036802761695
100036171571285
100035988577594
100035828506894
100035117520086
100034354852570
100032224081735
100038139723939
100038129588276
100037559679666
100036300075611
100035406521412
100030999011538
100024962884456
100001652185484
100001078160103
100001025182255
100037822761945
100038097610837
100038056843833
100038038062054
100038004964074
100037058779445
100036073944332
100035429320216
100034917947507
100034614493160
100030627126417
100028974226095
100006120558197
100038058697814
100037598480210
100037491272511
100036504095654
100038230621896
100038178933729
100037922454217
100037492470294
100036963534282
100035203423305
100025893916542
100038103571474
100038098984305
100037909005705
100037900274519
100037854971047
100036602714192
100035643340995
100023129674098
100023129393328
100012077290328
100034072790675
100034823472785
100024989590004
100029886438197
100013519650681
100034988362687
100037177534787
100036201405355
100037759902065
100024213676233
100005202150726
100037035408578
100030366184021
100037861568150
100014767058826
100002944016195
100034131752729
100029251388491
100033036756404
100008456138950
100037521551210
100030421309319
100029729496040
100025461333048
100007287785377
100037930387153
100037025174182
100036653871015
100027265009572
100025280250454
100026681040872
100015137749005
100037931854584
100014452218013
100007362398750
100037630943305
100006363490217
100036937965458
100009341699206
100009934098909
100037822750638
100037693295628
100036711947924
100034009633911
100032743635500
100013462264431
100006254761159
100004069173117
100037779999818
100037513184112
100035209148452
100030105255102
100025493501356
100037919281460
100037827783546
100037812519817
100037656552649
100037393175427
100036908475213
100036753709182
100035976965532
100035123962630
100024215347937
100023303912877
100002347242925
100038055874260
100037975652349
100037927895220
100037596922610
100037544752892
100035919963565
100034395614140
100034025421936
100032980331766
100029995164291
100025664865066
100024281559259
100016544520595
100016528002597
100013584240308
100007261724414
100006710137799
100005939231449
100004864801538
100002754215889
100002734263389
100001155937865
100037937254336
100037870003257
100037844521080
100036968540451
100036748611052
100035947206026
100034493121256
100028138056276
100026817493583
100026135170194
100025955229392
100022565556539
100019222747661
100006926266177
100004961550719
100037985400487
100023785763135
100035881840155
100034121464370
100027132943116
100026499982972
100021752746564
100000923787501
100037555174275
100037689982592
100036119882436
100037950966684
100037937316869
100037739360325
100037085164213
100034301902076
100031164921198
100016048623167
100015801739226
100005041724668
100037672727997
100037650944024
100037603282807
100037545414060
100024784272374
100017531701565
100003799927821
100037693757347
100037635734182
100037221772830
100036592592803
100035757180270
100024853583071
100016308844923
100010505023270
100001861749480
100038103991609
100037959129402
100037674676297
100037410800330
100036947107007
100028972582152
100026858250839
100013107646470
100038064451000
100037971723532
100037949680962
100037883858724
100037143524574
100036979155653
100036090054344
100034972960453
100030506589192
100028123627822
100017175550478
100037517821070
100037007140864
100036738261740
100035803101584
100031432973251
100010162240754
100007846241753
100031306156354
100025255419389
100036157693142
100036404867432
100037225276129
100037735211529
100037647465824
100037732600872
100011921342724
100007898409736
100030693551572
100016808021204
100012790742524
100004467437083
100002114221686
100037416318448
100037253685148
100036790471322
100027981942931
100006506688679
100037778075130
100012689014722
100034363870684
100037832072033
100035317913082
100037214569600
100037498222247
100005526074973
100036923392060
100037781405714
100037575469392
100031872140933
100037796165327
100037634291656
100035676187681
100034511100589
100037533921421
100034531011656
100037514598822
100036874279891
100035967801521
100024456279843
100037777231092
100037753717240
100037710750782
100036355009828
100035508370144
100034820477033
100034676977727
100032926290422
100031860913043
100028398333972
100025217882751
100014093058213
100013727442329
100009450573905
100004578544242
100004370223770
100003464895409
1506308337
100037791455513
100037180157599
100032834597150
100025617638912
100017629415818
100013487565615
100003141007171
100001711335250
100036729170661
100036583102817
100035297556573
100035155820370
100034524049623
100033569045204
100031671518194
100029157191861
100027520335710
100026920685677
100026888342862
100026502182925
100024099510358
100010988771286
100006436005236
100037463482130
100037457663846
100023969252138
100037034327901
100036634658327
100004714622720
100034658332897
100037327551084
100029896329981
100032692715937
100017518182173
100001162458999
100003657606431
100037226751509
100022425339166
100013550710662
100004480091532
100001197627798
100037566575301
100035147290036
100032916513530
100029196810942
100028950773905
100017781339926
100026631945829
100007303805005
100027679656652
100001252219035
100035038939849
100037373063209
100000184029397
100037415027906
100035707822392
100035663722833
100009167286823
100037560842887
100037453277831
100037386171547
100037341503758
100037177364556
100036008422039
100034318384537
100033346926958
100032218440957
100031625791754
100022883851882
100022443834351
100002331681276
100037459396861
100037454805593
100037432400034
100036376672212
100033980613644
100031910057692
100030510308984
100007391589045
100027825172416
100004240505598
100021000610656
100037495182347
100028969950909
100036048593201
100025275784236
100011662036149
100005143540470
100033214788420
100026706934933
100002704729838
100023638103709
100001547280691
100037396745996
100013083872218
100008254458568
100033387832774
100014146031987
100034442707088
100017463462240
100023414370325
100009593052897
100033730980836
100019761077616
100033356017621
100034261454367
100037627954213
100037611276299
100037475942368
100037456150877
100037222584153
100037084399701
100037012471190
100036301689329
100034620212668
100033636150097
100033569147893
100032744621061
100030963210734
100030907992838
100030732340755
100030158239605
100029860403052
100029246412086
100028197189641
100028179676795
100027800652514
100027421613021
100021070602533
100012571155214
100008170869809
100005150925055
100004967400528
100037455794577
100037360640876
100036437492005
100031395439986
100028926683182
100018069797330
100009293892697
100002569663955
100037370178760
100036228600210
100036090180915
100034580712120
100029267946052
100037327789335
100037250224795
100037021928622
100036841965593
100035281389139
100025376512056
100024678860085
100008899122368
100013219654783
100037351062691
100037208894876
100033310874817
100025230632748
100023855625443
100013253117406
100002571264804
100037327635761
100037296694582
100034695432749
100012666909096
100037253163029
100022450809465
100016985859397
100012562593992
100012392355052
100037292881511
100022298123471
100018805594803
100037247147186
100034418946732
100030491779290
100003446667448
100029784243761
100000063408651
100037310867264
100036724371714
100036619365840
100027639009724
100024235896584
100023895939961
100012271961960
100037298353719
100036612755688
100036463722296
100033583044159
100032979947032
100024642471568
100023200461159
100021682129281
100021239772616
100037427920693
100037379013753
100037199330170
100035572442075
100030442545361
100024432050466
100023732462280
100022711232224
100007651959860
100037321090460
100036396901775
100036029800962
100034948069759
100025903189029
100021894574593
100013827337617
100012307384843
100006520337837
100002493559607
1722495747
100037367917202
100037279967699
100036120901703
100031366458197
100028398583731
100027205820564
100016228990666
100008231345004
100037087580135
100036520402093
100030971118638
100030800298419
100028459518142
100008401787046
100000691037602
100036248765318
100027292951776
100037370707577
100037537443390
100037488515861
100036876017551
100036826338297
100034982934305
100034653637193
100028182334009
100011535902093
100006114515383
100005247282045
100037277172652
100036061862350
100035373763453
100035246148945
100033301340091
100031077682360
100030931682023
100030603097604
100022503077072
100018180152881
100004711650469
100036746229290
100036433622176
100035580947523
100021468096189
100014037971681
100003921305340
100036995632696
100036599364145
100034240673118
100017947657212
100014470652478
100014064307149
100000794814311
100037398277907
100037201955660
100035133857253
100018018901748
100017340487242
100015681615798
100013018391341
100034917362153
100004907461294
100035853914781
100003347922654
100005430917256
100016904538889
100032137790361
100028154070391
100027133278521
100013875816184
100034726428264
100003747399899
100035445190560
100036663228459
100036384585479
100027996413018
100036665421835
100029193102088
100013364311066
100036200813950
100036187902666
100008792739080
100027000229524
100019692728907
100034513397122
100036995289401
100036722383045
100023841225824
100037150551265
100001042386060
100037346918512
100012086564011
100032911749765
100037194916116
100034429003862
100000509598708
100028271833967
100033780456321
100032486122779
100032393858684
100010300327306
100030128509421
100036697547928
100037389455170
100037257817356
100008347932031
100023016700240
100005612111965
100036485562289
100036264521259
100001503215928
100037353993135
100034054154711
100012979633907
100004565822332
100037190085507
100037185077244
100036892113016
100036411943798
100036247968972
100035839665790
100035105474926
100034517572681
100027974182375
100012732823034
100004562866804
100000194766190
100025154074745
100001587020039
100036824090446
100036622010807
100036839102226
100036338075970
100035461279899
100033106281390
100032949271652
100028685600172
100024699554351
100024590130920
100022898641885
100001710637484
100037093475359
100034394314265
100005608983102
100024401615648
100027766904732
100037265740112
100007929194906
100037158975999
100027629781724
100037351653581
100017977383525
100005434180069
100037080991236
100031833814926
100031004603539
100027939201993
100037328101751
100035705898057
100037368120788
100016298567822
100013930925797
100029626683549
100033820950291
100022363817652
100022201751011
100031416984226
100007890705003
100036832807899
100035873813860
100036970553132
100036188388812
100029346278747
100013881214344
100011451355650
100006711497178
100037353061169
100037149130250
100037132905979
100036551376938
100032925053674
100029053590790
100026497411230
100026168448128
100014424582284
100007514799856
100037152735717
100036353541591
100034386738532
100034066178495
100033939042419
100029066790600
100027689118058
100007349017089
100006176952862
100002981077293
100001683445854
100021929056879
100030352065786
100035684239981
100025695076295
100029509999301
100035477351301
100036957260392
100011194781752
100034410646475
100035856555909
100012254263675
100010008462270
100033212031856
100023351611768
100034982732871
100036502341532
100036744401598
100023955607360
100025586003200
100010347936351
100007036753287
100036663377626
100025094372263
100030871311406
100026060421091
100012077352554
100037134189718
100030383406762
100035536908628
100034904131754
100035819250849
100035552140754
100013142839278
100018522374714
100037146397439
100000944383634
100023284907147
100012411331061
100025160739918
100024483632559
100028869130528
100036862342337
100008707680979
100022770910700
100014761151576
100036939979821
100037193914373
100035764186145
100010634259420
100004699156470
100034745197757
100026255386717
100035389449193
100009545237321
100036976967216
100027952163294
100014455775997
100035942621963
100037150114329
100030546188413
100021453454585
100035717360701
100007081200641
100030362343991
100036687270608
100036899597457
100034317169017
100033481937054
100036043922068
100003801496785
100028290671986
100010918386977
100029498222752
100035493664589
100037038792034
100000640700127
100032738948379
100036500510318
100023370242343
100022191561931
100026699474452
100036457532120
100035427364469
100001510898709
100018746592474
100026277494415
100036874843764
100030162764202
100000342267106
100037171891494
100037113485488
100027421456745
100030310890480
100035114029407
100010234059592
100013980615718
100035845450464
100033422624776
100032296441830
100035000214370
100030661502612
100036763780759
100016852354076
100035591837154
100036239708366
100037126500158
100010093363056
100026998162447
100036876768137
100029763493273
100010517166718
100031818874357
100009726575658
100036122347250
100027039469182
100015869886039
100032903858917
100033778305197
100036820610451
100036635058520
100017873260921
100035625228569
100013293782354
100036052564069
100033973201508
100027985653176
100035773907879
100018350071253
100013003307388
100030095174638
100013615907395
100028198750737
100036047484098
100036076671710
100035921619427
100026850153721
100035922760149
100010089459552
100024737831273
100036900134222
100032444284387
100037057773988
100030362108283
100031938570084
100008035873213
100036041677384
100036421774938
100031175630316
100019433443351
100036792106827
100036533301998
100004545286557
100034658530076
100036796039096
100036157575097
100036348468857
100033554433766
100012158670228
100003124800806
100034150145377
100015622332745
100033384097561
100036719361264
100036894252932
100035111775257
100035643371438
100005481966939
100036704964027
100024338199182
100001359320367
100033935149643
100036911170434
100036986916487
100029227449037
100025554944499
100034066830089
100013090683524
100036771640867
100001902882344
100005050124567
100035732020156
100010473940896
100017994882533
100036776055752
100013372037795
100027270121492
100036938796960
100032252551055
100036832782333
100036795616120
100036187305100
100032760284588
100009074659354
100036799275575
100002690792877
100034823600013
100035411328888
100000161217749
100034565685621
100026885174230
100000064416799
100036599881061
100036074261954
100009259606074
100036318533541
100029128592965
100036716194164
100035099495439
100015508866410
100035261040961
100033310719872
1476745908
100036714288432
100032419396953
100029081950109
100036432967924
100033846011112
100022926547911
100035937397952
100036329310507
100024528855104
100036747554448
100036858637318
100005913045828
100036242496209
100035886600758
100035066808548
100017670918771
100036722834771
100021974539977
100028966792343
100036727213737
100036761255488
100031238829485
100035950548481
100002297357292
100036807180501
100022124958121
100023200720443
100022881784080
100015410382929
100027666510786
100035923232999
100033179243888
100034950221420
100027118955530
100007383823592
100034995142489
100032709312306
100028097631170
100009267936117
100030850905425
100033900259700
100028634030991
100025768189387
100028719182136
100023602039504
100009581825414
100029106402522
100033825020434
100031659365593
100012935166251
100027078398738
100025071061922
100031585999566
100014418003768
100029345232949
100029692909011
100024418783490
100030854322425
100015074708903
100027091246484
100013149600389
100026321730846
100014986566937
100034400377605
100024043864656
100008981313335
100029462591025
100003403309170
100035748443796
100009263840115
100018805298757
100031060898278
100034333874655
100028151771365
100017582792977
100029456287767
100027359213971
100013676613225
100013762631191
100030381022025
100035069370285
100021945253507
100026723925076
100031497710603
100026447468246
100034468150082
100025470401039
100032927204289
100031133044387
100025261775188
100017120166316
100007590844238
100014785665145
100028436612123
100030184837324
100029653605905
100022420356479
100034853556494
100027554736875
100011147987616
100009723966272
100028131191493
100027040058231
100034943453350
100036491174667
100003523834903
100035985516236
100028737184008
100027851543259
100024439120919
100036563076308
100027693141684
100012650740742
100010834005046
100009203574385
100036384457805
100036176343581
100036398224485
100031424603171
100029647601794
100034456344044
100023158151968
100036364667554
100036294318118
100031344736148
100030332420257
100034411067330
100006924402830
100036264591376
100030608975222
100012847877320
100034981146606
100036343964486
100036458643467
100035948841217
100034204733252
100018199033587
100036287206637
100036266138760
100027598277346
100028857982524
100036179230203
100014476872117
100036430175037
100034964242685
100035715792305
100034571870878
100035782672920
100022347630161
100008241431580
100026862071145
100002678470255
100009334671564
100036342902820
100032618118454
100026311900495
100036267911033
100033608520554
100027528581019
100022146460559
100034501250822
100002370262074
100035311239253
100022572257622
100031376985900
100028491013136
100010268946385
100036151487206
100035945597318
100035865652411
100009270887895
100033557014072
100032447770765
100035933011802
100034038683247
100018187092891
100035217180263
100015896179395
100034397532903
100035700852955
100032122330136
100001320394613
100033422089011
100028544443534
100021988097305
100024332585201
100003231473770
100008382963382
100024329670573
100021848501171
100012808240723
100034516838808
100035830271974
100031752930257
100025049568702
100031069270224
100008212569655
100027393705396
100034241283200
100030686471972
100034526622028
100025769590827
100029446927994
100027482975715
100034340987763
100034499193683
100021917590108
100022024202025
100026019274828
100030862251387
100034461258164
100035997202242
100026704957709
100031826449417
100016726242965
100016419367169
100035888567014
100027451090727
100023955339072
100012108078277
100022665683279
100008924053908
100025025296534
100029321839581
100029324562237
100005235735662
100034165783051
100034491366652
100032866847216
100028465536561
100028178083567
100030943201911
100033448940936
100036193416961
100036152708503
100036089523273
100036078247095
100035995729862
100035924329570
100035819376151
100035775095055
100035569224244
100035444286991
100035243165359
100035057480177
100034974782900
100034629774238
100033541240886
100032762297799
100030838463889
100030712262031
100030471680052
100028143152622
100028087544484
100027151265858
100012890829947
100010224431929
100007602190284
100000157308700
100033844120907
100031930188032
100015148117162
100035378372327
100035874370692
100035469311777
100035471655759
100035982673235
100000230913661
100002218030807
100035585201433
100002031645284
100028678680216
100025081953274
100019447898320
100028816216095
100034006754370
100015144937856
100035980090518
100036093181778
100034660770986
100027078286871
100024287201366
100025030640466
100007050349150
100002792652337
100024145867779
100034512495610
100007144784515
100015723065911
100034582142534
100029898782055
100031136553593
100030117798443
100035385884532
100035399327962
100035787496426
100015224916808
100027400803026
100011706974173
100035796254637
100035951973935
100021720150572
100012839313032
100018391568840
100027915916252
100011452404314
100018188252444
100030637895747
100006438577769
100034769374745
100035410461452
100035071414785
100035904392971
100034898865377
100035753835736
100025657853729
100033651451830
100028557153418
100013048393697
100008673017697
100034484933172
100030090215746
100024550685809
100013137213282
100026511151635
100028515300060
100005920565550
100028460541427
100018478037600
100034127555230
100007993533396
100012954790996
100023548294262
100025866030793
100027407288875
100013977033022
100000518246301
100003376804954
100030181776589
100033904177391
100032982214595
100013035093698
100015458340657
100013262076837
100023247671278
100035575024776
100015789285767
100029430849314
100022219282902
100003964596290
100005781041417
100021917647969
100021990257695
100017026478379
100028051821155
100035671089938
100030692646818
100035457230140
100030867830847
100013314164293
100006069750467
100007129500230
100003740683184
100034593911966
100007333812588
100009498160345
100028225393084
100024973631672
100001034505390
100035447924100
100009176319145
100011557291225
100000671408784
100030437528678
100035030566678
100028137004170
100025325813447
100028827948243
100035573041361
100032180739784
100000530054109
1763398067
100002338689779
100024690125120
100024767029367
100035459029030
100006827775858
100000563140873
100031776794023
100007308497344
100035258403885
100028272279635
100033014081284
100027997842876
100014293746264
100027639762455
100027824416974
100026459924389
100011866240677
100031186458612
100010210986087
100034670444291
100021944941925
100022286316171
1846340194
100030809833981
100032869357361
100027595802812
100014580435268
100026004945297
100035388653519
100013563097233
100004888661396
100000595200144
100001529805784
100010149285370
100011533025631
100010845125484
100023450738218
100023325339588
100022940326938
100021670681087
100017323983841
100017196901121
100017153917317
100016820018133
100012786287898
100012429575665
100011152050271
100011030940356
100009729398151
100005369626333
100003131543329
100002421931583
100002146943818
100000481171709
100033307382709
100033263135760
100033097296475
100032897735701
100032857582321
100032710117092
100032367973133
100029348453167
100025998212908
100024821656360
100023994663757
100017719590494
100010539932115
100010530993515
100010242968355
100010168984776
100006551679154
100004053830258
100026701322742
100025231922924
100028011065210
100002366992197
100026478090779
100026290520370
100026049574174
100025880761037
100025752273513
100025553150875
100025528850626
100025135366987
100024827412420
100024660450974
100024505506718
100024306264021
100024092746770
100022472761196
100013385466123
100013244924000
100013063278644
100012869552448
100010047192437
100009806384572
100008052390935
100007332992985
100007130130993
100006742355995
100006135977712
100003073911531
100002989086526
100002807520435
100002561162261
100002258871182
100001743468498
100001628663527
100001454575055
100000822836634
100035336805012
100035327433055
100035200773525
100035121712292
100034657921135
100034644982494
100030508451721
100029569413198
100028437665729
100028325242248
100028273651016
100027743194013
100027713073956
100027276575817
100024677092304
100023992684210
100023790683749
100021839618681
100020874881027
100016656847101
100016470603006
100016429907438
100015676303197
100015626564392
100014759148228
100008065625316
100008051835523
100007069694076
100006025632093
100005970069868
100003644916620
100002746885233
100001246767481
1249628880
100025775163609
100025761065126
100025525114575
100025417809602
100025225069303
100025126954432
100024989112519
100024890527656
100024736883387
100024717231521
100024611448144
100024038123580
100023795591358
100023547158189
100023242995837
100023138463681
100022542784863
100021908344317
100017223573960
100014818123477
100012830892276
100012588132018
100011696877519
100011330379394
100011195597473
100010764523604
100009341738984
100008770832772
100007678236581
100007668902043
100005857361333
100005490400408
100005044697368
100004110786813
100003937876732
100003194964001
100001676466718
100000751964688
100035274195294
100035247964315
100035045253726
100034900715654
100033436510753
100033332524943
100033066422661
100031655348156
100031123147264
100030453848071
100030407924234
100028262928616
100023045592653
100011627168808
100007453323865
100005989393028
100005470004924
100002351070536
100029347418547
100029288872180
100028212382982
100027995390542
100026084492640
100025018561233
100016462005493
100014801262259
100013703170206
100013322464099
100012223987633
100009790874806
100008178188941
100007743754210
100003883149280
100003833614471
100001969141521
100000281215963
100027439785408
100027416916504
100027228313044
100027166221131
100027145158962
100025450611687
100025290219009
100024542348281
100024367626326
100023432792428
100023201357826
100021938121818
100021735905086
100020465293353
100018635880659
100017248573452
100015524298469
100015233801765
100013617824823
100010495997160
100008563120199
100007459148704
100006766568140
100006538327002
100006298300357
100005509038451
100005237103317
100004503307753
100004150688986
100004053707147
100003512917095
100003278324896
100001770523768
100001403186295
100000956082439
100024582127739
100024400248031
100024222693383
100023956816373
100023322443997
100022822668827
100021815778965
100014801358099
100014022407409
100010424085862
100009971886311
100009677584738
100007967531060
100004060332537
100000533107872
1683844152
1583792229
100031218601758
100030779585216
100030483675094
100030165584928
100028059879868
100027870653293
100027081727865
100026525566905
100026306642328
100024359168132
100024169022763
100017085573627
100017083540793
100016784975393
100014960251008
100014541189538
100013604589387
100013315862821
100011948209023
100011688624771
100011509503152
100010389152409
100009599171912
100008996110624
100008887752469
100007441832651
100006999184088
100006607200919
100005363206837
100004157411143
100003763193919
100003719167976
100003021103484
100002380827773
100002142222589
100000424703004
100013518302114
100013508550623
100013319077441
100013028802408
100012969064962
100011510734053
100011359479688
100007264305227
100006492195419
100006193895613
100004146462137
100003873151765
100003393291469
100003371190776
100001665379465
100013349700424
100013279841130
100010223403579
100009852158026
100000913690872
100000386246037
1459055393
100032829615496
100032766123135
100032636619155
100031120689439
100030989655687
100029953481069
100029144701725
100028123217389
100027765335175
100026699738950
100025294727134
100025288531362
100023840923121
100023222912850
100022748113862
100018449227962
100016948477476
100013928284776
100013563511293
100010994022395
100033467498497
100033400063378
100033277041448
100033265132254
100033251767058
100033209923355
100033204877970
100033106787058
100033014302641
100032059265695
100031737282984
100030409097145
100030208841734
100027109178021
100024865262685
100020207521669
100014575664017
100009100774782
100006735345947
100003631486775
100025998999316
100025904150064
100025582631276
100025020127276
100024448602612
100024405350862
100023583019752
100015576072089
100015019188696
100014826437590
100013486568603
100012773387183
100011255804801
100010186968527
100008824320147
100006076818292
100004436955614
100002515686994
100002343152538
100000786263392
100009913174384
100023677543341
100015135874178
100011367313032
100023745753961
100013836698140
100008819285253
100008427672631
100007017346879
100027536889673
100000404318633
100014990642218
100016479344593
100001791682662
100021885946369
100031470099390
100031262272178
100003047937984
100035416116329
100011388274089
100021568131017
100013162987451
1675085227
100025165162685
100020600253427
100020333671283
100017097583157
100014692085629
100014506483937
100009297981225
100008584443550
100008123222182
100007789865528
100007557610861
100007495569384
100007103296365
100005872932364
100004022527596
1431840648
100000232884561
100025000892314
100024896025487
100024502986516
100024411762858
100024229598453
100023038205359
100022860254252
100022464698154
100022408440809
100022244708724
100018471404504
100015001452191
100014840985813
100004555604531
100003871952640
100003751577324
100002460284870
100002121009412
100000483503506
100024858607542
100003895316083
100024975873433
100024842737943
100024829763651
100024587852565
100024583450910
100023888688671
100020572788918
100016164617046
100015929446123
100015796333227
100015289321898
100010728887425
100009414065410
100009185450641
100007754834184
100004856593042
100001647763730
100000610242290
100024500213639
100026149883458
100033559503960
100033525758174
100033375618249
100033318502150
100033313761713
100033311101409
100033305300370
100033191840707
100032995638846
100031997303451
100029205750747
100029026500267
100028790993541
100028759852166
100028721168792
100028555657482
100028182379544
100028125346366
100028068321477
100027885435921
100027751507132
100026991368586
100026606892803
100023617162921
100021742312927
100015832563203
100006814870684
100000441384447
100000167014639
100028998033618
100028962495227
100028923231756
100028899062530
100028801848923
100028789006182
100028636561821
100027507767944
100027284028873
100026034651017
100023715995754
100023587230616
100023546273398
100023531352859
100023245673758
100023201381907
100023200981472
100023200517593
100022595767088
100022580351068
100022410532208
100017512545250
100015844666245
100015365299273
100011822820542
100011005600939
100009227364597
100008432204326
100007704036366
100005794594841
100004084906865
100002729002972
100002471067524
100033272506572
100033252648553
100033244006728
100033199789826
100033153083274
100032920783068
100032428096690
100031005013022
100029507179492
100026487054033
100021980475452
100021513951057
100016858809833
100014362842054
100007811622585
100007061897067
100005826070460
100003347264071
100021617590327
100021501210453
100021476615271
100021302388136
100015321848148
100012644472729
100010610958960
100010125396705
100009502923275
100007875036052
100006097145646
100005616399747
100004960267938
100004817376770
100004805711200
100003661398338
100002097663502
100001546899143
100014706303469
100014659597821
100013810567727
100013654309075
100012466724089
100007736615446
100006085081984
100004430765171
100003759521330
100027178745889
100026795281437
100026786646090
100026470062955
100026027976421
100024879683985
100024879677150
100024326653225
100024147701306
100024068914583
100024065115986
100023404091199
100023228902914
100022795070485
100022546625060
100014979072300
100014529853739
100014461846499
100014456317197
100013437880918
100013080038807
100012702124237
100011665237701
100010424981762
100007028267734
100007015272024
100006642162232
100006291587831
100005732440376
100004688773882
100004444326953
100003927000365
100003618682235
100002553263829
100002140011081
100001899561069
100001873477403
100000632211744
100000608313979
100000587773453
100000075322194
1677938250
100029906260708
100029688791858
100029134722049
100029093322663
100026542453282
100024097941283
100015171700893
100014471296649
100012182080401
100005276731937
100003347599861
100001288554367
100000763793556
100000618600922
100000262020112
100024190449680
100024133726519
100024110385983
100024073514742
100023929243959
100023854219947
100023468311319
100022719727504
100022445733311
100020567628602
100017330432755
100017282537395
100015360576072
100011740758924
100010601774783
100009796778756
100001744394472
100001113581362
100000497354872
100032377477603
100032334317031
100032270131551
100031185911910
100030909390402
100030905562565
100027222004707
100026484035764
100024402700994
100023572511835
100022230014870
100021731352354
100011442696145
100008256909671
100000863975387
100000610574645
100027020956676
100027008123149
100026401041654
100026249915738
100025944198423
100025386639480
100025361891169
100025309251640
100025267899441
100025220051348
100024408785111
100023881172926
100023768733733
100023620809517
100023150211096
100022839009380
100022290941718
100022137451228
100021602012166
100020987113191
100018538422710
100017041965558
100015910663683
100015139938747
100012959057426
100011028574889
100009402775806
100008271543154
100007664792884
100005414177162
100003179006869
100003142931984
100002318577927
100000536935289
100000312867219
100028914251306
100028688270825
100028590661080
100028578953598
100027205009710
100026312231488
100024828046916
100024503314116
100023748514049
100023564881191
100023225750063
100019854454733
100013780698084
100010293979158
100002943573948
100032862271276
100032858011906
100032812477348
100032809357041
100032637464685
100032630179408
100032401279777
100032389814607
100031053765740
100030551324478
100030405198594
100029470700524
100029114898905
100028727836640
100027341021859
100027212792048
100026772618898
100026760203246
100023699363696
100023699358863
100022887740178
100022523001243
100020957326311
100015387840854
100015199923892
100014805617451
100014598541510
100013490025625
100009401987152
100007846445615
100004814314491
100003897851080
100002282416206
100002094447594
100001477923943
100001234462595
100033019894706
100032999041623
100032880914836
100032810450902
100032633239776
100032484152740
100031345972736
100030641806506
100029557613612
100028475405911
100028442649511
100026146939074
100025603693870
100025388234668
100025370092165
100025103592585
100024520145211
100021685532853
100021528891583
100019016377978
100015134735473
100014936955540
100013720362937
100013251964879
100012275983833
100009435504665
100008981613019
100007644461416
100007383847483
100007371043741
100005929330323
100005776817105
100004325587005
100001749292124
100001169087132
100000987078811
100000402803294
100021599342734
100021123947665
100019847682986
100018626805481
100016411365908
100015662987351
100014681221018
100014453111056
100014441106830
100013569427028
100011092115975
100009979207727
100006749100347
100004352050332
100004266554709
100001596709575
100011018764333
100019475165054
100019224241606
100017446367026
100015739156670
100014361062168
100014056654213
100011373746613
100011175194365
100010337897459
100010333209874
100008706524590
100008704939166
100008424439397
100006870765911
100003265955939
100000711607423
100000489353228
1229417000
100013041752249
100012877517655
100012182644195
100011417270857
100011296983530
100011019707355
100010123847672
100010033335587
100009301907725
100005103691281
100003056925067
100002885805107
100001164678975
100000573333524
100000125092626
100030292334918
100029950188071
100029827120656
100027820870027
100022942811118
100022896164201
100022401074717
100022146951919
100022119942317
100021911176264
100020515356375
100017854149099
100017390197338
100014923052313
100013006362285
100012816906938
100012332683872
100010581153411
100010396243420
100009806072623
100009768607573
100009498808063
100009487509349
100009224017023
100008209710863
100006092198647
100005625132193
100004688945396
100002589480245
100002571364843
100001265629254
100000448002408
100022000806416
100021825503139
100021771167045
100021672200592
100019664355169
100018420252392
100016757508638
100016047486614
100015187629672
100014063238524
100012917625851
100009730230972
100005135202857
100003895670225
100002540196473
100002011503541
100001760844902
100000074918053
100025358912880
100025344220017
100025292536522
100025218953449
100024996971575
100022856647464
100022603302823
100022053555186
100017649404302
100017550696758
100014443532515
100011329878757
100011274937620
100011039855082
100010199652786
100009768404319
100006159881616
100003666811936
100000583488616
100006487670686
100000177547999
100025185662275
100024834098305
100024662642343
100024084996392
100023374430282
100022826435627
100022589712923
100021326301269
100018421427034
100017754070269
100017604369579
100017575334168
100017508738631
100017317714287
100013546295697
100012655209715
100012345905257
100011564280378
100010280525383
100008106970405
100007402904713
100005801889667
100005556761714
100004933397704
100004155096223
100004083561064
100002511818381
100001814553002
100001389661834
100000876870570
100000529887346
100000189985187
100027258576272
100026276343537
100025737033627
100024799082204
100024203566756
100023286110647
100022837515544
100018125864735
100016791821318
100014896722001
100012789361881
100009103543848
100005869295617
100005004300296
100002988072512
100000576120441
100000242848669
100000016368577
100028290606163
100028225537437
100028088926888
100028028201836
100026240531776
100025416826598
100024836509121
100021729433225
100021631412173
100015064722083
100012494796516
100012494794961
100006549046362
100006486020023
100003999430108
100000922135606
100000875223764
100000256590178
100030667184512
100030584896343
100030545231298
100030470355807
100028430118485
100027674735958
100024414560855
100024192353318
100023674313900
100017219224696
100011505696153
100008082069357
100007442020100
100006940356996
100003543368587
100002333259972
100001799313236
100000663566272
100032016211330
100032003883049
100030811183324
100030584389909
100030534681926
100029341755706
100025006003720
100024521439284
100024099822662
100023289791877
100019677787006
100016248276360
100014411057857
100008108717068
100008048178172
100027973387239
100027962620888
100027939074829
100027910036930
100027715505535
100027613541402
100027393052824
100027144815008
100026403497884
100026296881280
100025194721786
100021538934335
100008891381376
100007006236792
100003976373522
100003404613533
100001868674166
100024093336379
100024056498541
100024032435543
100024001864999
100023953907135
100023925427374
100023921570020
100021980710958
100018408820101
100016854671818
100016197102955
100009469751170
100005946728478
100005836986166
100004467791326
100004377785414
100000955358497
100027673952832
100027567185511
100027519810348
100027424520805
100027298005997
100026810537548
100026511219867
100024762383997
100014977128431
100013842604177
100012458415519
100011123078088
100010008407628
100007152010088
100002804166084
100001507154577
100001389034662
100030072751972
100030027970126
100030024127639
100029984471089
100029966294518
100029898946339
100029601050025
100029385220092
100029032116741
100026945773713
100025441729706
100023696136303
100012050191998
100010369513342
100009113037728
100004674761376
100002670865892
100002596484557
100000914387759
100026930499083
100026694069755
100024436898996
100023592635329
100017627348290
100017318508382
100016762006437
100016200469244
100015335521718
100015211957907
100014614053036
100012062864870
100007713755827
100003760834170
100002708809974
100001361767162
100000563940811
100027672431109
100027559897275
100027257978954
100027167893705
100026971009033
100026512701334
100026224209228
100025721446447
100024345731212
100022485075137
100016871222116
100013781103693
100004720804863
100029174971696
100029093497826
100029088129208
100028955551698
100028446262159
100028371107105
100027804155158
100026611244412
100025931752555
100025804521028
100024717667624
100024170390829
100022133042977
100017790067187
100002070163598
100001905820649
100022503815309
100022117223486
100022096152241
100021826983813
100021769950940
100021284542761
100020982521494
100015766504664
100014143153067
100009325892069
100006830584227
100005877630849
100004927350142
100001919726829
100001738616236
100001581626511
100000775996640
100023633760007
100023243160565
100022436927250
100022398367209
100022186900959
100022122285034
100018225288326
100017279733085
100016507095895
100015273521387
100014723168845
100014068308993
100013901203274
100013352958757
100009555879496
100000986459150
100000500845291
100020809897184
100020793381452
100020731725742
100020428967338
100019775613714
100019695704102
100016595130180
100012657558015
100010973565559
100004929511902
100003356903335
100000978438539
100000548154277
100027357218862
100027115415971
100027090757042
100027077330050
100027067175743
100027054493748
100026963123139
100026956988131
100026880421540
100026851584353
100026724499212
100026457870590
100026221523085
100025994506821
100025974187892
100025894995252
100025072064611
100024627341697
100024066619335
100023863012949
100023360590913
100021456573241
100015296503885
100014672796745
100013735989622
100011870452130
100011670861018
100011382673072
100009282949625
100008040048827
100007688790008
100007507572020
100007018273405
100003943806332
100001594377553
100001443956513
1732212479
100032282499716
100031652088188
100031385502205
100030935370523
100029371097826
100028337380664
100028215171653
100025694880582
100024237038748
100021756981165
100019483895582
100014070935109
100009250560763
100008257357108
100004517296238
100003865327236
100025128940767
100024902181920
100024873780677
100024779507519
100024223233228
100024220967162
100024138402707
100023996373589
100023630467301
100021925786446
100020825447067
100016459600403
100015238752778
100013823838180
100003984205540
100003497983882
100002356887405
100001813490870
100001466924836
100024627132019
100024612371316
100024499142570
100022801062977
100022046049715
100020475126609
100020172698030
100019196730312
100019039906856
100018600616738
100016344941409
100013832258541
100011430504555
100009359123737
100002139357606
100001624977727
100001008156287
100024428082076
100024302839623
100024270154741
100024268006842
100023782187315
100022420395646
100022104366300
100016918459314
100016744124700
100015416988987
100008257476136
100008079370362
100006457334454
100005375057589
100003171156007
100001765508503
100001361567369
100025015176536
100024953347783
100024757217575
100024495643141
100024257447860
100024189009574
100024032111129
100024023031892
100024012320044
100023926072078
100023909329538
100023860335702
100022812972748
100021979755725
100017106795406
100009452232941
100004059302953
100003865134830
100003622983265
100003602822547
100027450003230
100027176837354
100027115727675
100026873633757
100025409463161
100024897398254
100024532721279
100024109187039
100023988164230
100023925529826
100023911212384
100023459214203
100023019454326
100007822036260
100007724100561
100002644904374
100001911865094
100001559120450
100030142329570
100029672021404
100029440902422
100029373901526
100029225714400
100029162166154
100028694814102
100025377532470
100013267296170
100012727303447
100012628757786
100012287588895
100007853672658
100001842394775
100000829754333
100000708076741
100034537861644
100034395900055
100034305248403
100034223131829
100034205014575
100034200051803
100034193199225
100034125324202
100034109483051
100034033903973
100034024325537
100033361824378
100029004243033
100028168996175
100027137074565
100033180193186
100033047661635
100033006683753
100032837224976
100032837054064
100030939743146
100030717435022
100030590461176
100029703503961
100027955607891
100027518131896
100026510631570
100025018760756
100013152824859
100008182127881
100001637546850
100023093106545
100023052128081
100022979922092
100022950832254
100022873996872
100022725754029
100016640851381
100014896668448
100013563540288
100012830651312
100011088369774
100003897947668
100003819018933
100003770223958
100003262762389
100002473976088
100000508480834
100024448865651
100024107094071
100024032631893
100023733603599
100023317844490
100022518155378
100012086087854
100009588679214
100006908474462
100003850274549
100002042051756
100001769078694
100001649372159
100000976178686
100033437640941
100033357486990
100033215160705
100033148038841
100032880075258
100032755623916
100032173143422
100032084804270
100032063145440
100031866346147
100031825823511
100031757804998
100031565190087
100031106130790
100031051714502
100030741261478
100030702330293
100029042085223
100027664905242
100026920846576
100026057299638
100023678162615
100023048014629
100021181873217
100017784430190
100016216952171
100015275268631
100014754904229
100014484434202
100013869648962
100010848491426
100006983888958
100006788983023
100006768917633
100004518575688
100004344127325
100004118231827
100000104931101
100008177113719
100007513249155
100004668467844
100025595382035
100025573850715
100025365436568
100024566867557
100024548560582
100019678507913
100019545819891
100018774498542
100018739666643
100018723155389
100018054671976
100017093596041
100015596562809
100015557404974
100015518568452
100014966381951
100014701353821
100012780492574
100011599454632
100011370529971
100010815400550
100009370794516
100008538039864
100008392622164
100007957090360
100007620780058
100003214407357
100002621654553
100001517211136
100001072366543
100023908710926
100023812441303
100023157411126
100022996566577
100016129515828
100015352954275
100012022395030
100011540358841
100011511310528
100010060091507
100009888797552
100007957147333
100007026639275
100004422512343
100004177366302
100003818599713
100001685078547
100026143486557
100025947907817
100025939785438
100025670594973
100025431279585
100024965402575
100024309172946
100023809265016
100023757720433
100020552951916
100018639046058
100014703316167
100013786755579
100011222911477
100010328917673
100004142020904
100002405100157
100002213666546
100002048175291
100010077336997
100027569744680
100027527410202
100027479960405
100027341990167
100027284900714
100027197166170
100027169988492
100026252104620
100024582663745
100024465225120
100024305284390
100023827067825
100023766346895
100023355801540
100023319937452
100023131715219
100022981145383
100022648487313
100019258740896
100019073346945
100018940837817
100018923387004
100018856120100
100018803745803
100018663138371
100018396271638
100016821407268
100016711713963
100016518760015
100016372248103
100015558938741
100014523888665
100013216143994
100012943905242
100012429335883
100012178961606
100011662924042
100011475724360
100009552189221
100009437611843
100009411143512
100009301090331
100007114357101
100006684580877
100006022052189
100005425653557
100004598942049
100003791450125
100003304684103
100003172968433
100002452096802
100001851323845
100033590288321
100033580290004
100033521941295
100033462103514
100033452116144
100033438796843
100033356003507
100033347123059
100033314992967
100033262431314
100030582553079
100029822741039
100029392505366
100025740413774
100025186760135
100024493156983
100020985090743
100016855591155
100016736059141
100016723897025
100016638017924
100016629752336
100016031228132
100015104707180
100014906047947
100029132149514
100029117868162
100028814883025
100028468160414
100028160147839
100028031920231
100027860659532
100024955604133
100022426387555
100016735963498
100016488515847
100016047810975
100015213786607
100014320846392
100014066317106
100013543899079
100012849161452
100012644897577
100012385801082
100006732542558
100006064270454
100005811045525
100005740635108
100004914738639
100003143488343
100000381474986
100032850221011
100032843445335
100032822023033
100032504804323
100031947492773
100031547495699
100029380778064
100028068107795
100025067896282
100021992742198
100014428475954
100009430300870
100007699248488
100004694970458
100002330991617
100001150667881
1833746053
100034063267537
100033870471756
100033792730473
100033741786091
100033600287797
100033537560193
100033511792925
100033464838855
100033338744600
100030157298858
100029669807636
100024928091159
100024727374251
100024720960754
100024143223441
100023413278569
100022937387354
100022493445831
100022109505619
100022054402180
100022037478950
100021485917035
100021440779340
100021260902381
100020911480703
100019559769519
100018084670334
100017408506701
100016854738998
100016643403861
100015113760464
100014771504135
100013221752143
100013098829577
100013069215599
100012955572472
100012815299300
100012806524583
100012753373213
100012658489042
100012102816897
100010732657447
100010210414044
100010062130614
100008289123011
100007998367474
100007786392905
100007714759420
100006366696621
100005979521808
100005525598225
100005332245635
100004822714778
100004598886288
100002194855874
100001049289556
100000205997125
100013155398957
100012941105823
100010321083049
100005358634705
100003222081681
1782327156
100033342724779
100033311506363
100033257462394
100033180064476
100032965395288
100032315508088
100032245606565
100030159736424
100029913700987
100029751640093
100028441073253
100026863961263
100025052029888
100023137743602
100009673358738
100007243035880
100006393914944
100000469158197
100029613553234
100029524010939
100029290355945
100029048809079
100028715494210
100028008437372
100025271228230
100022392752337
100022076628004
100015809619727
100011246764823
100005815773718
100031122390084
100030934686939
100030917383009
100030911198390
100030793804387
100030775334930
100029139757239
100028736570693
100028227981699
100028172461917
100025389633338
100023479818463
100019696801674
100017642625999
100014335398285
100012723580628
100012026112931
100010531539913
100007878226395
100000621787542
100027810501295
100027797123508
100027661509056
100027439194092
100026959309419
100026021899879
100025219163703
100024488975343
100021656596603
100010525261092
100009569883571
100008831373548
100008396192553
100003733041752
100001760272735
100025388194954
100025381926278
100025371998472
100025312215362
100025270790412
100025270431578
100025117723540
100024883209583
100024843935488
100024389590669
100024324241914
100022666845905
100017329750924
100017213292094
100016993456503
100013687604760
100009907148053
100002131810927
100001662241474
100033310238151
100032241091079
100030281941930
100029891723257
100029569023269
100028171191221
100028115893234
100027753367273
100026620244141
100024637746294
100023408645901
100017732957687
100012001932034
100010039029738
100003608973153
100000783391151
100000720780070
1837846905
100026386328033
100026228780471
100026039353710
100024696964597
100024455263475
100022573641444
100022354993339
100014381861164
100014127914964
100008811496014
100008064640315
100006514870298
100006245403782
100000786392304
1691900932
100022218273250
100022203003578
100022090473628
100021970237392
100021851231681
100016030786904
100014681883007
100014576141617
100014387956773
100014377087556
100014083476945
100008723434933
100003111694583
100001557343237
100000799120364
100000650380410
100025930573206
100025443062578
100025025349786
100023676201040
100022187116608
100021614554702
100021120257921
100014245894525
100013327391962
100013305421110
100012324883709
100011795814760
100009958783957
100009460667540
100008157613646
100004822183950
100004558029023
100003326903943
100002365657981
100002140233114
100001406011083
100001331305151
100001239816670
100001058143458
100000806923680
100000445665968
100014849286231
100014834945977
100014603329098
100013167707388
100009693012424
100003622482486
100002824873526
100001995986997
100000569813341
100029384820954
100029216709154
100029211934136
100029022893472
100029018483577
100028996784388
100028779251781
100028730014968
100028709495302
100028435863318
100028364711985
100027618002636
100027504559665
100025300128311
100016994462964
100016815108989
100015885094911
100007676267063
100001985552072
100000706523337
100000132280066
100028112194267
100028109527934
100028061116295
100027839356822
100027617444274
100027478551389
100026961771741
100021956533077
100019768743650
100017020806900
100016604028105
100016555427830
100015591042611
100015295144063
100014128773727
100013994499959
100013780440032
100012640631247
100011725320173
100010639993416
100010495635117
100010124175517
100007996603777
100006871052972
100006591060807
100004265080787
100003785055264
100001830939469
100001448118714
100001242720241
100000855859503
100000096441333
1633136091
100028501299443
100028258546272
100027698831182
100026563860091
100016803528091
100016304889046
100013519090533
100013519086302
100012584131714
100010488977252
100008882947055
100008740026702
100002470102554
100001078703777
100000149277488
100026086743896
100025998391703
100025985685170
100025478357726
100024965212762
100024913800526
100017879709878
100017283702216
100015517744059
100013357543295
100013222128364
100012069039595
100008148583125
100006598205932
100006522515018
100006143928728
100005382512797
100000249725174
1510292514
100014655120401
100014596750160
100010052380844
100009206809424
100008003614349
100005513463613
1702610086
100014864503901
100013182935620
100009691620050
100009342088668
100006439704898
100004911158053
100004461993784
100004211323761
100002134534265
100001956671340
100001247936260
100000943808770
100016814535326
100028302372426
100027854803379
100027332053099
100027330198745
100027276390940
100027210698290
100027018852753
100026805053112
100026123511473
100025961841101
100025651920651
100025286238585
100025275310783
100024517004686
100024397514064
100024075498412
100023638923726
100023428535945
100023382374331
100023351654654
100023342743039
100023287215323
100022440083478
100022209142503
100021686650517
100021456660916
100021082961928
100019229980795
100018074988006
100017415943568
100015707897448
100015496560282
100015305260052
100015125321210
100014879174005
100014049392175
100013794249620
100013199343093
100012451968106
100012330438916
100012212321313
100012130591880
100011564534019
100011026504536
100010823767906
100010785612215
100010241142462
100010213417167
100009987817595
100009749569169
100009371141137
100008937156117
100008299063228
100007428157189
100007091283120
100006819609037
100006743387110
100006730332058
100006429962076
100004027819010
100003803228541
100003697998159
100002864757805
100002092551041
100001835022950
100001099871082
100000538571315
100000409554461
100000111051551
1835573446
100029616788693
100029606052911
100028770853172
100027739481930
100027143882133
100027112929820
100025195934154
100024893196803
100022789897062
100017412464492
100010974580362
100007982263492
100006381247629
100005690644223
100005200122538
100001873428900
100000353500159
100026839383256
100026618689266
100026514143547
100026471623723
100025397451330
100025116669590
100024365294194
100022879873408
100018888584057
100018419614401
100012889187964
100011080201936
100010231441027
100010133978849
100006372214098
100004401619423
100002894457828
100000777868693
100027258270556
100027194074235
100027086553417
100026923729882
100026883708991
100026816955206
100026644247647
100026232852750
100025605697491
100023468400484
100023251599988
100022278083650
100021412610119
100018638856682
100017411676995
100014542625496
100005037156920
100000315851473
100032934633350
100032813807180
100032760425507
100032752300000
100032613052030
100032529640451
100031691333555
100030633754056
100030077170691
100027165904387
100027142027167
100027013665040
100026932725972
100026930482473
100026870976822
100026664679922
100026659510660
100026256453313
100025988952439
100025916173862
100025725907329
100025344332506
100025211737807
100025063055561
100025038314525
100025020364982
100023363297430
100022422513858
100022171175780
100021888004363
100021880422922
100021691032188
100016874228665
100016620511111
100015809538150
100015179149328
100015011052352
100014845816544
100014222675760
100014140035991
100013731978907
100012137590419
100011187396515
100010168001862
100009775623348
100009264407430
100008563037045
100008190373122
100007384890870
100006898904422
100006783931272
100006519841615
100004772105120
100004667976554
100004137273722
100004098517582
100004020474165
100003876706065
100003628110944
100003487924680
100003053297462
100003045930895
100002933226566
100002763439267
100001514646425
100001058874427
100000915482018
100000728906426
100000594653383
100000568611536
1630044736
100034841221836
100034776727662
100034726082578
100034716998590
100034646891304
100034635729262
100034630536997
100034549577819
100034542945675
100034441041042
100033864396564
100033574290456
100031894178655
100029412463051
100014995263180
100014767697099
100006235477109
100026418570796
100026345527968
100026336792985
100026263366134
100026261648546
100026251843736
100026168687480
100026046727886
100024795362104
100024000066510
100021832280858
100021750131626
100011360230059
100009553908118
100009429272113
100005097751507
100003643083967
100002669278165
100025070371741
100024997695829
100024965795867
100024886232351
100024629402309
100024594288375
100024272356161
100024139563828
100024013322297
100022438249886
100018826362690
100014887836572
100012442844500
100010146692787
100007359878035
100001115203684
100000553216533
100022503633960
100022475200900
100022253683073
100021977593746
100019755914782
100016625020299
100014957774017
100011484276256
100006971620601
100005061751867
100002130072410
100001660270016
100001123493999
100000725023179
100000709590315
100000424290996
100027589190911
100027277837081
100027225542746
100027156370387
100026258921987
100026088920499
100022098322420
100019817623416
100014676073875
100011517789903
100009676698032
100008889766967
100005827590859
100005436759673
100004912625136
100002179902898
100000563216943
100027555350680
100027553491317
100027421233433
100026453379587
100025475003025
100024098955317
100022480628964
100015377924963
100015333791014
100013703941269
100012501816326
100009316567141
100008304828141
100007765574753
100007698223894
100007439948311
100006894841252
100005197904515
100004019011620
100027019298020
100026848362570
100026837813432
100026739584947
100025350004403
100025191372856
100023233892146
100022210144829
100021930750335
100013804350544
100009645040765
100004798966128
100004658196903
100003704209747
100002173533005
100001296010907
100001253825119
1693528131
100029666972273
100029429206093
100029404182035
100029349335371
100029224792360
100028447388827
100028296855150
100027839130365
100027134739786
100027010629814
100024934039826
100016557692280
100016351835795
100013462487109
100007781410177
100005500818864
100003817310004
100024869444723
100024855637281
100024794612999
100024767506113
100024446885273
100024337877427
100024261855008
100022627722214
100021892193120
100021866360079
100017144059056
100016578254265
100015028926605
100014824411447
100012167747637
100006285330071
100005342707286
100000639091558
100000173963277
100031574018057
100031532954114
100030961726548
100030756914197
100030390794366
100030384434693
100030348883213
100030310905540
100030269598204
100029959230687
100029618471864
100029276298121
100028892648188
100025247585944
100024279439101
100022554081900
100019436550577
100016554093629
100014591018155
100014081553166
100013576501002
100012832121919
100012429188645
100012303849340
100012177337213
100010312091154
100009779385209
100008923384234
100008825838448
100008260894966
100001039569360
100029359124722
100029306450079
100027638591447
100027396795249
100027340729423
100027329442787
100027008539415
100026661510249
100026019424958
100025266941994
100025165058079
100025145828346
100025049571781
100025011882174
100024921543413
100024719712958
100024704534520
100024182296465
100024003405106
100023369431024
100023078322767
100022755819248
100022242771033
100022000623075
100021686958094
100018458924321
100017601404572
100015835803599
100015585285168
100014951352862
100013732022650
100013346078164
100012745338142
100012633347927
100012392252796
100012101341280
100011156616265
100010538149083
100010327124671
100008975820929
100008856850192
100008295842062
100008229070121
100007759566767
100007222247853
100006879132759
100006453052902
100002766326422
100001526511482
100001428987437
100001231802282
100000703307124
100000108892297
100023379121562
100023268616319
100023229617621
100023224809401
100023173251161
100023166946190
100023114558078
100022929700212
100022468192228
100019675801222
100017461573034
100016149514572
100015417120467
100014827530187
100013970281148
100013391984308
100005929592524
100003125936081
100002692562397
100000953176790
100027382902327
100027287529308
100027237935688
100027127432525
100026903230253
100026333115774
100025130767482
100024431933622
100024338645463
100010449720580
100005886940595
100004434315997
100003372394238
100003024663804
100002623687816
100000994192631
100027639614626
100027492003856
100027484862721
100027067057298
100026970782720
100026886921861
100026858351302
100026850042224
100026809890233
100026801285693
100026696120881
100026447238952
100026404932601
100026383282236
100026126910936
100025971884163
100025417463757
100025225626677
100025218860248
100024357406394
100023334004216
100021782650636
100019020932310
100016463851011
100015996281280
100015795106908
100015584833330
100013848575431
100013812998213
100011675268389
100011621588098
100009671054388
100009230099638
100009082499515
100008412546357
100008205978747
100007386723889
100006796234045
100006574456425
100004924305087
100004201383587
100002130666295
100002065816731
100001463200787
100001132967888
100000716559982
100000702669821
1783832007
100033619861218
100033606301363
100033462400754
100033303351354
100033269632124
100033152303959
100031926799538
100031066602064
100030510793736
100028445027673
100024485443733
100019784356512
100013461964793
100010317702015
100008159522298
100006752859206
100004167916543
100024926686916
100024873907652
100024585874371
100023560775789
100021273791475
100019900929034
100015439510275
100014081101323
100010474362521
100006574152456
100005200365760
100001905951661
100001833254265
100001616380498
100001553227665
100009333456976
100003394493579
100020045133508
100019709884886
100018985173710
100017908275394
100016103770061
100015928540514
100015857441336
100015423461398
100013560991205
100012338703719
100007345510664
100005974485318
100004081414307
100003531558320
100002577065776
100001577452860
100000517117435
100015313302860
100014270203072
100013811954343
100010049016709
100008064495248
100016223434522
100015919816900
100015453437006
100014621768087
100011358820605
100007282007969
100006485290126
100004004988523
100003967476766
100003471300307
100001136425331
100000157327319
100035062891444
100034741939158
100034708882205
100034670513405
100034507967206
100034491023960
100034308203991
100034274940300
100033541607900
100027903983058
100027413655483
100023629576768
100014823518532
100010137917418
100000524465373
100027297767276
100027270220700
100027107821428
100027016170872
100026980212151
100026960989076
100026663503293
100026623626704
100023352455449
100022526417833
100021628536916
100010650038289
100009631847099
100008142242740
100003982299584
100001225652041
1167352929
100030733771631
100030504562568
100030476992706
100030473783415
100030425239194
100029913527214
100029258209773
100029223824408
100029206874823
100028316885800
100028141823426
100025296931729
100024375030513
100023058245780
100008126172944
100004953131203
100000872140156
100028088468962
100027981932815
100027917061999
100027674028912
100026679060888
100026529937205
100026348685495
100025922958489
100025922451694
100024828459222
100022025760558
100021475981621
100020984943513
100018211334004
100016662729448
100015291755821
100013609358657
100013508437962
100012304506608
100012207875310
100010914367944
100010673768759
100009739176148
100009023063494
100006671085358
100006421505852
100004632016516
100002979402135
100002333109360
100000973225044
100000893483502
100000749515068
100000749499257
100000693644966
1192299685
100027198281436
100027106682027
100026890454319
100026845460867
100026611064921
100026354736046
100024832367211
100023031966286
100022954954369
100022472193016
100021765275096
100014242059936
100013916017366
100008554862127
100004754329449
100002438062551
100001905990816
100001683657974
100000105805880
100018893700834
100013436133038
100013067837398
100011377265956
100009407135275
100009282648806
100007488309910
100005991368969
100005290626505
100005153328437
100004658701528
100003526078185
100002144746627
100001692205244
100001258514284
100001043406738
100000719486652
100000371037908
1433236221
100026767724361
100026670259039
100026590577602
100026174261093
100025032203192
100024992839965
100024949773956
100024330584592
100024104226773
100023962682092
100023268533479
100023061846580
100022437592047
100021705622711
100021687073676
100021301024615
100021293055920
100020463373049
100019005210904
100018895937244
100015797320659
100015488440832
100013858600820
100011569233845
100010576725042
100010172131008
100009798557271
100009700835066
100009456850803
100009369757116
100009224086194
100008732880357
100006230824438
100003481157546
100028528775041
100028458877858
100028341135752
100028212766150
100027668476506
100027236169363
100026793610171
100026574970230
100026476652717
100025103928957
100024976874138
100024836251463
100024503736331
100023253652454
100022679973678
100016991281998
100015138585464
100013776007505
100013442291846
100012412489033
100010720205265
100010690810564
100009081723685
100008300766115
100005449745761
100004487227661
100004209364625
100002163040666
100000793620784
1749203536
100011719890071
100011697456688
100011556961586
100011330131971
100011195855276
100010764103666
100010598834979
100010236694412
100008667904817
100005205394864
100005094979225
100005042837985
1803946886
100030658387811
100030366662059
100029599655781
100028888340088
100028693899180
100027762032567
100027570369401
100027170387276
100027036293826
100025189096941
100025043880413
100025005581344
100024717922316
100024252350560
100024212844067
100024166817652
100024161301144
100024025290575
100023921170411
100023899088584
100023869418316
100023610310341
100023490068915
100022475603781
100021492291100
100020607602936
100019258111877
100018615157037
100014325243908
100013897248932
100013440571221
100013079161240
100011588041991
100010201185733
100009894048851
100009723005368
100009706930749
100009507245942
100008927192829
100008560816955
100007487292760
100006468791528
100004023317637
100003695554287
100003643473778
100002364342270
100001703343986
100001037463168
100000811960759
100031521871990
100031212810974
100031072147930
100031036869295
100030215873153
100028115049656
100027395250798
100027064028434
100026899181061
100026245793932
100025118835279
100025064920045
100025056819455
100024794299755
100023736854169
100023571302569
100022294244967
100022029754620
100021964927565
100021766877707
100021468623426
100020907534341
100018857352556
100017980068138
100012544188762
100010105482823
100009396125024
100009255548565
100007521573052
100006570999893
100003142339289
100002394529313
100000581523184
100000173711938
100022857638865
100022744785801
100022439120496
100021980915844
100015880328871
100015512411470
100013296613821
100011189766787
100010693058766
100010505207877
100010158912892
100007713319252
100005753836949
100005118603737
100004291308114
100004026672551
100001080212602
100000175738197
100033219690952
100032796287036
100030114009521
100030014304240
100027842927712
100025567304485
100025498913796
100025081770985
100025072507341
100025048111099
100024609743790
100024570577044
100024512617118
100024428550673
100024304332717
100024197951482
100023972839181
100023770580571
100023240920121
100023093010559
100022168066829
100016295385950
100016232585987
100015785144017
100015672367749
100015389316442
100014876535974
100014779441553
100014654563747
100014463277664
100013726189488
100013319645340
100013108628634
100012929135086
100012555481947
100012486600112
100012484470465
100011636479139
100010717449263
100009645788387
100009579034316
100009322728410
100008257750792
100006711852475
100006020719079
100005172331603
100003553917489
100003553901510
100003233546548
100002598626769
100002378337269
100001197967819
100000761753320
100000458302498
100030701423295
100030201122787
100029824884127
100027583777352
100026206034119
100025547431642
100023981678766
100023745669177
100022570444929
100016899107175
100016626249383
100015186842938
100013807866712
100013582981887
100004580733594
100000507762458
100028591478950
100028560761267
100028299310459
100024954373806
100024841701613
100022120024056
100014153983755
100014088678901
100013992131726
100013879149245
100012858514013
100011913048726
100011398754959
100011195053143
100010455152616
100010026942861
100009942826165
100009669527196
100008345139466
100006792851091
100006414941720
100006092225919
100004573923340
100003058823621
100002891907884
100001508842956
100000890589281
100000801351669
100013959814353
100010999414637
100010795998893
100010466741478
100009522643552
100009163272167
100006932597264
100006744727656
100004016151398
100003565644472
100003505970403
100003373024950
100002083591584
100001113520339
100000917978815
100000777134915
100000587050437
100027896074923
100027783451980
100027684858348
100027300920712
100027222216655
100026444228308
100026418003581
100024028110329
100023703858538
100023287083335
100011761898527
100008764151226
100008386656259
100005364610900
100000269764278
100000025687097
100026165162517
100026064971128
100026020283441
100025847349888
100025600731440
100024189691341
100023894714977
100023114620749
100021894372505
100017432266336
100013496532305
100012936301486
100012109090613
100011658920975
100011017006180
100010336182741
100005771163443
100003337505651
100001117303120
100000605176614
100020797144672
100018891169018
100015657163697
100011367737829
100008577665355
100005904514814
100000800601378
100029351410185
100029315352176
100029169700316
100028848556704
100028694198192
100028684274927
100028631760580
100028619250232
100024753186721
100024072075557
100023810625409
100022828092282
100022760682900
100020844814958
100020711212864
100019618007980
100018528427946
100017480734943
100017257327361
100015465693733
100015301052347
100013207087943
100012227116594
100010364621525
100009349128089
100007808982706
100004686706972
100002566659183
100002450441920
100001503464134
100025113930776
100025091645711
100025062091477
100025049641672
100025036507600
100025007110326
100024996228449
100024438811861
100021971591079
100015565123207
100014802665854
100014154555394
100013993690593
100012139277840
100010056216182
100008032274886
100007561110179
100006419705189
100002306174666
100025496071519
100025427616187
100025403471973
100025370566419
100025304979589
100024576975304
100024355847669
100024246337762
100021942820585
100021611360555
100016439437165
100013611124157
100011271211872
100006968052247
100005744464005
100003980211262
100003649612651
100000888274743
100027823680263
100027693583348
100027644385932
100027515833221
100027471093681
100027121504482
100026882842185
100025624067130
100025338821686
100021899791050
100020008809461
100018489093347
100012214416422
100009751451482
100008700904233
100001705380323
100001496006130
100001215947957
100000480990931
100030893465022
100030698393192
100028745889255
100024574335564
100024116611471
100023140784173
100014590174108
100009905114320
100005514078170
100003994788347
100002100917287
100001634384576
100029762078344
100029704062540
100029576616289
100029507693976
100029417170109
100029218868489
100028140361114
100027112666627
100026382963203
100023812503626
100015736231959
100014171372123
100004538075290
100003912324286
100003170695672
100002594798573
100000596725679
100033026829028
100032689001184
100032026389119
100031024666690
100029652773466
100029457401888
100028793116902
100028274117053
100027568337345
100027196492025
100025506883759
100025324807867
100024913575927
100023614283055
100021906843365
100017332960923
100009501776137
100007734033682
100006613472236
100005663770029
100024797281454
100024727111130
100024634682673
100024582712539
100024499365974
100024481163417
100024136853622
100023905643227
100023777123664
100023263517513
100022535508334
100022423263631
100022188800613
100021833565349
100021677520279
100018920522742
100018399767001
100018213189310
100017756504567
100016888598888
100012382509787
100010379595802
100009537670131
100009113885447
100008952256018
100008392294410
100006579403735
100005510830681
100002509457968
100001176900562
100001106773901
100001102768379
100000232491803
100000123554351
100024583807212
100024574246543
100024431460639
100023869493022
100023296835214
100023296823267
100023065791326
100022552667109
100022347136384
100021515770944
100016209371036
100013515971689
100012951978701
100011262403692
100010995222330
100008555913145
100004301645982
100002656128911
100002397801080
1819069696
100021949003924
100021408246566
100020585745744
100018912032952
100018899411419
100015467553754
100014768205995
100014065725827
100012976605905
100012959533528
100009673455275
100009656915690
100004999456311
100004779070168
100003704992414
100001504697086
100026597106863
100026528714405
100025964987620
100024766443736
100024733750504
100023163439953
100017999970287
100016903174052
100015592788734
100014944008287
100014024524100
100008676182147
100005625904816
100005142339856
100004653521453
100001586223503
100001115906481
100000867490609
100028399770394
100027318870491
100026871932565
100026549150127
100025270703698
100024993231042
100024960904491
100024883277751
100024880549136
100024778490384
100022575708789
100022116843101
100021771041538
100018532419630
100017543676794
100016745947901
100011559540258
100010616532798
100010537637395
100007947104668
100007503038022
100006881012752
100006626888565
100006457192518
100006450660803
100006067836318
100004486270768
100004267627952
100003179047259
100002188301693
100001019454339
100000851087083
100000165407861
1643798763
100025245707534
100025170824633
100025024593996
100023241841326
100021194431958
100014909251760
100013413217592
100012353824195
100012243753060
100012143684656
100010917752863
100010581422013
100007590427349
100006429340383
100004684630444
100001994331511
100000766703577
1687003385
100015665466951
100015460894132
100015110508738
100013636935252
100003243472636
100000879051384
100015191794624
100014943784616
100013828099011
100012835176792
100010360658432
100009340018894
100009181369413
100009162158940
100002647997019
100002226037291
100000398186638
100033415700888
100033276142158
100033246052163
100032290473536
100030928311823
100030653047996
100025380399161
100015281232230
100012312033057
100011948896145
100003619870380
100002645684564
100028595821935
100028252235693
100028218665424
100028026852083
100028007711809
100027712582288
100027712564852
100026056669929
100024421686369
100022931363934
100022464233876
100009921852350
100006132220910
100004256503539
100001644841168
100000115293233
100032708844109
100032685541756
100032657451366
100028018702298
100027861515942
100027707796882
100027014958562
100024971700502
100023424244395
100016718447276
100009986703540
100008159253455
100006717972252
100004704458417
100003109080208
100001765957105
100034614243049
100034606594738
100034573651358
100034572876081
100034463804487
100034433773727
100034320262208
100033912728658
100030545850308
100029056501928
100027081197335
100025797765583
100025593195071
100017591499403
100000386219160
100022022733214
100022018683957
100021175241549
100016653855866
100014788664364
100014651984252
100014185967913
100014101039090
100008545596318
100004497068804
100004119275911
100004057656226
100001210794116
100001049763247
100000830782641
100029167681568
100029035334926
100028346442828
100028249717141
100028132635381
100024643840601
100024082301629
100015904504849
100013102069506
100005512837700
100005055877509
100003639306510
100002549721526
100002014818880
100000699035358
100000103801996
100031117082835
100029211249336
100028129213803
100023785453106
100023762746580
100023243191126
100022036928196
100021813441271
100020980126020
100016082983523
100011405433735
100010432058845
100009004045788
100000145191189
100031076154238
100027984121346
100027829995481
100027776970193
100027657290377
100027530898400
100027115296622
100027089132961
100027008195557
100025760146753
100025102403195
100024763699106
100024721122154
100024678724481
100024667848347
100024626023483
100024625121894
100024507103848
100024480519004
100023899159469
100023876658269
100023750568900
100023538315177
100023002117775
100022884155253
100022654234757
100022160722385
100022002942015
100020406843975
100019413018953
100018697357665
100017709421379
100017317447531
100017236112831
100017063101280
100016530216235
100015375845292
100014934064515
100014134836057
100013765831094
100013360129449
100012296885755
100008353266230
100007725240373
100007389846148
100006943293943
100006592320245
100006088805022
100005941804592
100005927707248
100003737175118
100002755732449
100001411576655
1756511627
100025930804416
100025875643990
100025746108951
100025723368821
100025706861930
100024859420641
100023119711319
100014712782396
100012360336437
100011031932366
100010449661576
100009395203995
100009298656984
100005698368595
100003915549209
100000868886419
100000641918964
1567024230
100029131179167
100029070548618
100028964018915
100028806588935
100028286652283
100024159284894
100023573349980
100023560125428
100023531141718
100023468112956
100023451803393
100022561011460
100022458531096
100022314311930
100018279162115
100015005624657
100014912432058
100014421579850
100011500080493
100011106841690
100010574924907
100010092286007
100009851987476
100009394702459
100009272203628
100007347451269
100006473796751
100004065037950
100002602483864
100001661614104
100001546028994
100000660011750
100000363831856
1807867766
100023775392984
100023764115011
100023759850098
100023576149705
100023574795570
100023566145124
100022509241254
100021553813816
100020202482708
100016546814658
100013708571365
100012299320593
100011067075600
100008617144479
100008209244577
100004738540404
100001891432170
100000312344522
100035261494500
100035177862887
100035079823315
100034960789559
100034919393036
100034881263656
100034717218285
100034678239171
100034409981173
100033667635360
100031826836887
100031762969064
100030750030112
100025437144074
100014919759050
100013777354695
100013667082062
100013521558218
100012979363780
100012977565775
100010288329340
100010246869198
100006847366446
100006290926705
100003902071640
100002339153302
100002136968143
100026325842847
100026281980224
100026221922112
100026200508945
100026145500312
100026138685086
100025858715361
100025855154049
100025738849697
100024939381722
100024675223562
100023102953882
100023032202571
100022846023745
100022473940324
100022141454564
100021506414781
100015561603602
100014631049004
100014592450614
100013978771723
100013356540520
100010248852195
100010112504817
100010069906374
100010003214627
100009474175606
100009336418844
100008682105937
100007656821760
100006475257960
100005534166298
100004619857561
100004053078392
100003776303238
100003380741029
100002017804970
100001899694572
100000963522713
100000708200442
100000498871861
100000007274986
100032618914522
100032321466464
100030906369586
100030039077600
100029021702751
100028923248351
100027254620602
100026966060851
100023957285302
100021550630694
100013723389275
100013008720424
100011921730814
100008151638161
100003340248012
100001620871465
100001178973764
100025068482118
100025034942215
100025029410724
100025027400399
100025014292237
100024955744092
100024928703522
100023376580331
100022043534450
100022040033342
100015542790959
100012059867097
100008362327966
100005232187310
100004137908527
100001153138546
100000696596602
100000665707697
100022714923522
100022684248035
100022640842515
100022587274286
100022544402821
100022361165306
100021233370212
100019642868244
100017960954887
100013831633513
100013286253739
100003679952403
100002042112686
100001438391323
100000739118655
100000109922551
100012600640581
100012519698047
100012513487096
100012424623217
100012362773510
100011246147681
100011227234889
100010866492721
100010340585906
100010046807503
100008795621885
100007373793245
100005384434340
100005003621948
100004251513931
100003083202781
100002844147175
100011761508173
100022832883219
100022787140335
100022771843608
100022534748503
100022208642079
100021990300299
100021815420060
100017006431059
100015254686012
100013614962455
100012252600842
100011783590695
100009838090387
