100026980573866
100037634201496
100037552460674
100035608963071
100032207567931
100010407918415
100001467418699
100011718813650
100029761956955
100037335633725
100035884683431
100031990698101
100028984297242
100023864293143
100005523226362
100032589440446
100031105847629
100032424123364
100035489854164
100024059153734
100010764219284
100027797542158
100038134801542
100038058909507
100038013721237
100037967342583
100037906388137
100037875369273
100037840512212
100037737136737
100037520947968
100037430862390
100037080230362
100037077906986
100036744155806
100036491531820
100036271369482
100036241294240
100036105284486
100035807481276
100035259131414
100035156412099
100034550970248
100034435752393
100033750202701
100033473232936
100029524233074
100029408328334
100029273891016
100029077087780
100028329547681
100026936670862
100025152759922
100025102254317
100024602984112
100022962394759
100015170854193
100014937918543
100036337731505
100035258930173
100038126820039
100038002357971
100037998457114
100037895250631
100037440825853
100037048762742
100036916693148
100036648125634
100036127672834
100034389004394
100034223720013
100034146758949
100034037656190
100031918266358
100031062422513
100027405966347
100015903361932
100004016895610
100037555972621
100037547322594
100036785594164
100036494408212
100034674112459
100031132934062
100030167310274
100027423578479
100024151103755
100022309911119
100038073282230
100037845546291
100037833593850
100037549447750
100036234522425
100036221418331
100036221332812
100035378512431
100035107473144
100034273803312
100033065143012
100031437169867
100031397642572
100031304642436
100029454969319
100029160791263
100028060867278
100022414097735
100015243152291
100038092442110
100037928611853
100037908672894
100037373354101
100036264908037
100035802462374
100035800550446
100035620845784
100035439426587
100035408391799
100034965312373
100034811041964
100034460652079
100034282714829
100033825073048
100032857485721
100031960605817
100031458623802
100027626142755
100025715111615
100024905437598
100023786441752
100023601251884
100023100620949
100022276860020
100015652275005
100013317706060
100000753543398
100037802734787
100037742441486
100037723655571
100036555610684
100036148516763
100034640990729
100034160192678
100028794843578
100026781729738
100025999339751
100014697488318
100008445878176
100037954861949
100037821912261
100037786148340
100037646811970
100037575803815
100037549276106
100035813520141
100034410614941
100034385912357
100034313503534
100032838679653
100032614177599
100030024735646
100029442814945
100029070133363
100025005380948
100024556638229
100017860087072
100037970440175
100037937177167
100037838017600
100036258044463
100036252705102
100036250733019
100035296462805
100035270045048
100034758258742
100030033891826
100028974258181
100024117041291
100022068785583
100018736509057
100016676745603
100008431239782
100007507625761
100037821008882
100037817110655
100037773903519
100037738035333
100037401948906
100037361791991
100036657609434
100036491267303
100036353238858
100035811840255
100035439383299
100035251061408
100031705457542
100026148465812
100025603066336
100025316617452
100017788380657
100014991271048
100026118964416
100023403159446
100033643643850
100034962134632
100037650346698
100037548112773
100037260931904
100037242915283
100037146682298
100036484664578
100035926907068
100035744694123
100033932616060
100033866806136
100032013643224
100030533777581
100029137867290
100037593435632
100037558100704
100037405957746
100037314905000
100036902180719
100036805623311
100036779026696
100036471541917
100035960651030
100035287982780
100034563753141
100033646605239
100032811334937
100023291419067
100010813721568
100010576666999
100000954494467
100037109236310
100036339944318
100036153404236
100035325483277
100034758696463
100033842512000
100031403802443
100014410456078
100036133458351
100037707818087
100037160404514
100036945464234
100034740277616
100030690192878
100029140784161
100028137010012
100026436220525
100024966133816
100020924553112
100025463270370
100026175589040
100036114647699
100035195683861
100031185735374
100030656292141
100030184817165
100033154371714
100021858664581
100037500241358
100037088461729
100037079192462
100034522091365
100023754571225
100037708382131
100037325947423
100037264183218
100036085183535
100033513911780
100032864089258
100032423715756
100031483175000
100031046798045
100029309362116
100027718544403
100025500163135
100023512879553
100019290009344
100037509431881
100037405471396
100037395291938
100036281024333
100036239497677
100036020823120
100035699711589
100035532674242
100035380533751
100034771102824
100033289926266
100028613871886
100028297039321
100028034942181
100009549252324
100008231345004
100027954405221
100035339777760
100036774474072
100037606054024
100037317270440
100037171702141
100037045753193
100036962340583
100036869440188
100036666092057
100036489464002
100035712120321
100035599989780
100034255126343
100032923873300
100032189593652
100025892883943
100023835217514
100037368303505
100037265472331
100037243427584
100036539104799
100035965096642
100035352245825
100034741171717
100030780605096
100029242298995
100015384005883
100005622825518
100037419731816
100037318995272
100037152574387
100036390934092
100035883406964
100035055172025
100033681066053
100031459805723
100029542632840
100013552923280
100011798392209
100035688034310
100028176891825
100021785619656
100012963611605
100006579251996
100037411059495
100037334821670
100037297032430
100036920982844
100036714816747
100034826586189
100032246871952
100030757642750
100029839660732
100026288551100
100015109784009
100022709946679
100037470513870
100036941856273
100036739785353
100036706390131
100035694159557
100034029549796
100033999766978
100033587469811
100030079851142
100030042511762
100028625394353
100025200456012
100024277112711
100024116552805
100023682487092
100022221862716
100011627955306
100004426981923
100031702578796
100027005002491
100037179861107
100024764083546
100024136125668
100037213117338
100037120534713
100037049058338
100036886069696
100036830767411
100036374716940
100035788248834
100035306823614
100034662870007
100033083641400
100031103476252
100029626560433
100026589913638
100026471016989
100023186075497
100020475780687
100012551738171
100000720850165
100034401451875
100016093755312
100007336710942
100037018535536
100026777145467
100025731075070
100021806568429
100017178737015
100032349280046
100037183832496
100036737930107
100015332133430
100016245124189
100027943183736
100037327025241
100037077502690
100037050484113
100036798734901
100036189604398
100035213222604
100031456722031
100027176320485
100023511336873
100016868358723
100037434541817
100037109987734
100035349500099
100035033891940
100033369393201
100032782353022
100028656063550
100021887752011
100021621075918
100019275195174
100015332670757
100012260013214
100009260007635
100004518340060
100001417789010
100019197798830
100034155349651
100037371994188
100037016580854
100036779385160
100035871759212
100035506002092
100035328181187
100034484745885
100031190361205
100030641893312
100037135007198
100036200747219
100028045261493
100022057442520
100010845311533
100009523114575
100005172075420
100035994860132
100036720488803
100034876035407
100036105218857
100036747311542
100035083364585
100032104834035
100030832726704
100024314272538
100013686273453
100036903923365
100033604448739
100032006150915
100028949183235
100028493101471
100027193357091
100007295912942
100036051766504
100033739266444
100036980752825
100036879441472
100036820330004
100036458255069
100036431341234
100034161080420
100031487675383
100031105072307
100027802068267
100025262941483
100023324953139
100013319100363
100036894915124
100035959084147
100035212121843
100017027804362
100012895693270
100029127924210
100025844898946
100037101520002
100037090478397
100036883547523
100036270304558
100035796605019
100035702829256
100035404536394
100034656678073
100033897150736
100033301213906
100032594135682
100027808084360
100024114151221
100023319154094
100036011738420
100037251032372
100036971956824
100036926448861
100036863535970
100036832719304
100036763170202
100036757596061
100035916676873
100035888744767
100034815781787
100034675458169
100034217720075
100033696111166
100033578796744
100033558772359
100032256362746
100032215265150
100031439584397
100030496270422
100029731641976
100029307623851
100029040558169
100028553024795
100028117635591
100026850153721
100025553956562
100024748206110
100023465498988
100022988950575
100022230679168
100015134776741
100012420495380
100010716880462
100032401689907
100022512562038
100036735976398
100036125704484
100035731203421
100028437586929
100022994566152
100013314301303
100015677706530
100036821958934
100036768336535
100036421500397
100035481769051
100035321887373
100034208182519
100031463928104
100031005433910
100030808731032
100027520943134
100026698693965
100024156677184
100024131117176
100023911755551
100023683724187
100022988532421
100022082010244
100031963292388
100037181011411
100036078277947
100036057107473
100035238502015
100033941221171
100029496126697
100027093704000
100036679756524
100035328399577
100025228623394
100021940698153
100037120234732
100036071255336
100035520338816
100035010853320
100031085524640
100028228522102
100027935293090
100027310964149
100027082725348
100023807974848
100037056004861
100035195749626
100034949716943
100031996958691
100024029585316
100018727307680
100014648521495
100003527899727
100024168630290
100034563672075
100036986440618
100033607261202
100032746215976
100024706927262
100019142837068
100018196364201
100003471893199
100036788212231
100035844913519
100035779428618
100022583707951
100013735398327
100013469022564
100013175741793
100008991363089
100007477112448
100021781065556
100036855077963
100036836989243
100027147095183
100017925035434
100011768431207
100003613801779
100031212221077
100035969356203
100033603790831
100032940349647
100031559803845
100030637752813
100026764832757
100025303804858
100004634314637
100037038573638
100034684778605
100034118809682
100034624448247
100036995287405
100035611554256
100035425884081
100032335359521
100031026399765
100029032572515
100035357574036
100030681044169
100026603142902
100024386078457
100036940920302
100033747571676
100026282014017
100030438944991
100014507233607
100032317215327
100022158570052
100021898538251
100036866294067
100035897747448
100035643371438
100035544345936
100031584169001
100036619122915
100036060097845
100035063675797
100034490687258
100033594152595
100031257480565
100026929671554
100023166078502
100016522635039
100036952657741
100036369262250
100036066548411
100035056516066
100031537743994
100031294492950
100031073263757
100029506722002
100028265132415
100027665721368
100026224360610
100019212934498
100013948893571
100012619239014
100009515120725
100001060529196
100035825640815
100029190131341
100027002658625
100028688016923
100036450372690
100033015139521
100029497002142
100027192690438
100025814650782
100035197000604
100033798903385
100010585022321
100028820829373
100030057225813
100036385866568
100036139537104
100034609923197
100032425572860
100032190225433
100030972180816
100030645525294
100012864060074
100009927846461
100005657836225
100023335831750
100031245007514
100029346811984
100025572510470
100036797803038
100036353733270
100035808072045
100034445296419
100033937752427
100029567529228
100023851276262
100017086770815
100011257785840
100036966330964
100036505092355
100034173273904
100028554241370
100022813230427
100016774981696
100005002771937
100036306154599
100033851890539
100035482637380
100035182421725
100035173129433
100034563191788
100034462214666
100034148840051
100027467273250
100023823767778
100022564971717
100012066317464
100033320164127
100036736213713
100036395143858
100036089444505
100035949817007
100035892503169
100035781003632
100035251719441
100033840691791
100033725376257
100033295334255
100030430544972
100027742595779
100026537601053
100025484803645
100002075493447
100036146310070
100035884155704
100035708392517
100035404752898
100035377694904
100035376136534
100034960414784
100032635909540
100029682227789
100018312672746
100017891979610
100004521127765
100036308447365
100036059614245
100035622526663
100018022656806
100012311613889
100034549729183
100034722947932
100030214445054
100035439019926
100034885746330
100033083679580
100032892252993
100028434074039
100026413211408
100017841244052
100010165774803
100036874711953
100036585650525
100036502280115
100036336667773
100036234456550
100036191433063
100035884420189
100035691721690
100035614120332
100035374838740
100034933522517
100034358611781
100033578682845
100033459948690
100032334789921
100031180095752
100029884928736
100027477498575
100025128741169
100023552346643
100022827878599
100020830639089
100013557063122
100013513087721
100008260472941
100004243486535
100027159341661
100013371693688
100029419671133
100036186079448
100034261220041
100011421538073
100036628632565
100036304067938
100036195796530
100036183155052
100029557323460
100012671043571
100035148802769
100033111630586
100031809427533
100023135135468
100031729846019
100025783484296
100036248890888
100036043332392
100035977510384
100035922706420
100035861359410
100035531856891
100035508384050
100035345053653
100035105623743
100034798637324
100033827179467
100032097454699
100031251305822
100031244450776
100029523856480
100028345067281
100024907341625
100024621343840
100019640552460
100018896468871
100014596689801
100035626451712
100036633126043
100036549428501
100035985157957
100035655488075
100035651024375
100035578703613
100035342382102
100034250064188
100034029853161
100026937974415
100016923739001
100014936583834
100036367080507
100036339722105
100035303630746
100027780829465
100032768350255
100036669212040
100036575556287
100036546396507
100036096397485
100036014569280
100035610426998
100035404322747
100033951047820
100032969841559
100032174956817
100030335525587
100030040903828
100027368255428
100024219255669
100015842920769
100014251544717
100013588665641
100003170937886
100022573655419
100034391123087
100036251888073
100036035805787
100035311154173
100035130110632
100033917662414
100031485788739
100028746594372
100035143004046
100034608038185
100033792652007
100036644590428
100036483454770
100036260892945
100035791090170
100035711681681
100035669131989
100034972013470
100034820089190
100034102745979
100033307819665
100033199734196
100024464392089
100012390696911
100010053214559
100027278045743
100022291354902
100034851604575
100035445661517
100035072175865
100031932970071
100031132983041
100030966309963
100027040430452
100017143744325
100011900266119
100004212300867
100036581403428
100029716724892
100022642324409
100035899904649
100035858711054
100035667140525
100033711443680
100029293470513
100024462673831
100015862876309
100021714554969
100036444705966
100036277208598
100036181090482
100035367022044
100035323754073
100034549424597
100033675861799
100029999961654
100026292937818
100023277285450
100016355502229
100034938230437
100034644048716
100033314504298
100033699970733
100009329638625
100034523766267
100003707077345
100035535431549
100034017523273
100036575289439
100035964313870
100035912601431
100035499930629
100034986070253
100033971418332
100033698961710
100030160549073
100027971224250
100026576658398
100025065609739
100022144863291
100018215623621
100016384539016
100015797925229
100012940504602
100000360595311
100036595446002
100035807588385
100035704264556
100035634671225
100034717423580
100028474543196
100015445177525
100021325824029
100028390112058
100021674572822
100035472241632
100034628539716
100025178362591
100035324859362
100030227327605
100025363302067
100016668820296
100028741395210
100024185859371
100035607527812
100028526540055
100025514556326
100027859757538
100027084453098
100026339283019
100022171718014
100028709763929
100031978056021
100023294721011
100013821284962
100034890512558
100027249972634
100026149897187
100034841915747
100035718623413
100034634760136
100035482868717
100034797030167
100036139189816
100009383484301
100028584816741
100016193956441
100032790060769
100009413486010
100027852831981
100035697722843
100033393127577
100019071280195
100036225282074
100031316988673
100033779739853
100036102139003
100036020723872
100035926620503
100035786323769
100035026939626
100031770570678
100035688789827
100036104225109
100035587639004
100034406111834
100033249290352
100023042971715
100005521757923
100036335642776
100036144584765
100003281637654
100001435573950
100023535063437
100013818632193
100028087940421
100013492991371
100031208010007
100035712068317
100035193997646
100034791443608
100034656617704
100032394743246
100029835915296
100027671022593
100027603318449
100024759261471
100015160176956
100002587240353
100001771774698
100036064718589
100036012519348
100035882482472
100034978481406
100031903643435
100030752197750
100033785225049
100035952399936
100012627902192
100033682758592
100030498034695
100025529594890
100026399573040
100021691842859
100034921002427
100020810974119
100016299185997
100034589585824
100034319107999
100029869393486
100032658916257
100028760084121
100030274091447
100028632091647
100026674821169
100035032756448
100030874030484
100027473280292
100026392403934
100006924518158
100036192333264
100036216126158
100036026478597
100035388405485
100033896264293
100022070111991
100023814113360
1777669654
100030898582551
100013448621485
100033694582577
100033336215687
100011884308425
100035724768862
100006004934884
100034213880503
100034136522624
100011473266780
100034523561873
100036246061690
100018583088775
100036231632712
100035906227473
100035580287368
100035557354431
100035312812038
100035140240732
100033893374923
100032144292508
100031012987780
100026261113024
100025280058166
100012743046851
100033280211906
100035508034548
100029180772807
100035754830126
100035420581328
100034946991156
100034448591918
100029561632284
100025723398868
100015062010903
100014498686159
100008664754892
100004606772094
100034966925597
100033105587164
100035671870708
100022321213537
100009791436985
100023535560628
100035901200583
100034754115846
100034387339563
100033782949651
100032590692186
100028162476137
100027680950370
100024042260441
100018609400432
100015305883989
100010083791344
100004066058973
100003773978701
100031061302346
100033273333436
100028855448588
100027519320634
100027221737174
100028653292784
100026829343713
100034634522975
100034251572944
100035926967315
100028761083996
100026880803658
100000413995061
100035131665964
100036135120412
100035175520612
100033210019066
100030610237209
100027978331320
100023103547995
100022495175388
100018707347571
100015445245920
100014436496439
100013844829127
100024900578913
100028236999775
100034442991305
100035169070896
100035410970531
100035316783362
100026434291485
100020318344411
100034782501293
100035316450809
100021911213192
100017877726284
100035482639484
100034449225923
100034092274989
100033697971880
100031645098342
100024728241249
100035351373219
100032319467275
100035204790381
100033599693397
100030591184006
100029160995399
100022886087229
100022608533668
100020919561981
100030805986764
100034548016620
100036031386154
100033262456139
100031020013185
100027782060591
100023060707937
100009565011541
100023995509236
100030847246181
100034045840227
100024879621647
100014571909044
100022103419083
100013191450090
100034052047024
100032054950989
100029769649273
100029104965837
100027406701618
100025506438064
100014599445884
1562027791
100013839753102
100035864537922
100035134025734
100035055095996
100034724435409
100033857918414
100030958895864
100029575474011
100026553559304
100021259621773
100015103590207
100035587132192
100029096870451
100028497216344
100024696706631
100034792609454
100032367332509
100026135104032
100035768000641
100035758723627
100035070697277
100035068939060
100034418354424
100032962142382
100028377195096
100026467080258
100026431584053
100025209742028
100023880549690
100022694683237
100020850782139
100005054111937
100001561087458
100027152774773
100021903960916
100034010760048
100015996273511
100014125833654
100033490968318
100015364154128
100035218540898
100035911714215
100035740401252
100028930471652
100034996155092
100031940438820
100033491241952
100034166238458
100029146424740
100034782242236
100017927537582
100033457478244
100028540460977
100029930424363
100035601052534
100031822214843
100029279087752
100035297920471
100035085950251
100033399066792
100032590506580
100029634075910
100026521702166
100028133738895
100028327632107
100009856621910
100031316476836
100035621619623
100027880942644
100028307672051
100035766195452
100035051810607
100030417996013
100023387773321
100035777685066
100035736947611
100034419270349
100033816819970
100011130360380
100033867855710
100034115602101
100035827841127
100035635340482
100035520817546
100028070434634
100014249018907
100035572731519
100030373506618
100033668120514
100029252024882
100032686987856
100029316966396
100028466602147
100027075040745
100029625579988
100034145670979
100015165720948
100034880628692
100026262123172
100035385079286
100025361209289
100031539541524
100030102083372
100034297251264
100028939476110
100017535466095
100035752327684
100024070373159
100035688046838
100030258616003
100034673081157
100033294167883
100025748808903
100035367612733
100034541241060
100027557886326
100035776232682
100033494644632
100030064005972
100014231220229
100021744109390
100031303970726
100024632830521
100035779681544
100035647056869
100019296438643
100034883947454
100035535468311
100027754453924
100035783470615
100035436037014
100033945784659
100032487736559
100025689363702
100029686577234
100035749122684
100035870404321
100035590417752
100035630589404
100032917854031
100031475830480
100032646803896
100028068603774
100022993399196
100032681865291
100031506234068
100035540002187
100034123997430
100030477278678
100031909262706
100029146814464
100035835000107
100035820275668
100035405047104
100035080638521
100034724654504
100034560969470
100022822757799
100015486576988
100034542308340
100025833006650
100035552389600
100026497703221
100031514730233
100031218401681
100027150293071
100016289807659
100035774404910
100035629601912
100035488344331
100035312656294
100035304975363
100034174906360
100027942081708
100023909321392
100022414687226
100016884435458
100016714658026
100015941415522
100010299421994
100023726942378
100035190182515
100032626309371
100030971691709
100024993521355
100035587065066
100035179866965
100033573810453
100026678376187
100026664795485
100022106931208
100024146433572
100010767938846
100035075237201
100035662028225
100033918913543
100030751087959
100026533920499
100030574753705
100021743070880
100035670009451
100034517314796
100034184167500
100022812303847
100030810315874
100032712602807
100022652733434
100012789003688
100013510180869
100035198285383
100029449656938
100027051246424
100034536375362
100027968973360
100028146921150
100035370942416
100032955486706
100034863074053
100023534143476
100025733528817
100012654546347
100014144711837
100033134003861
100026767823218
100029421250197
100031148688122
100029012632387
100026655822595
100028481295325
100004285396160
100035442664790
100030218929255
100029757582612
100027738639352
100035348926763
100029346216679
100027096885422
100024962730337
100033892626362
100027712417152
100026617612924
100028075934814
100034993749837
100034578227383
100032064450375
100028463832328
100025494916927
100030667576629
100035679335196
100035352571652
100032512794109
100027390601045
100024023402316
100024019397072
100018868513076
100003040606987
100022140006542
100035252873595
100031397292439
100026952343627
100025269335842
100025191696126
100024217853079
100031015958761
100030692861763
100024646727535
100035520968977
100034813839563
100034559133465
100032992416579
100030057440472
100025718506473
100035625516676
100034383606740
100034163465878
100033619824196
100031259143713
100013063480060
100008143386308
100009763301334
100035346111728
100035293909579
100030618200384
100029144902497
100032397016576
100021256440323
100026291805185
100024891641686
100034976792130
100033233334280
100035699160837
100035261841575
100031440907123
100028582803090
100027598337950
100027556512123
100026975776878
100025650130126
100024096613122
100015454927581
100029574172534
100035212012798
100027913956944
100028175854031
100034706714380
100033675073045
100024441649092
100034821608799
100034414753240
100033515791940
100024090706367
100033510635239
100026046802990
100033923833056
100034687537319
100023809819730
100014694164418
100035350939951
100035575471328
100035093313280
100034654146731
100031900323706
100030448800035
100018189395115
100018506463007
100017678046427
100031383045964
100012664360790
100034601682678
100028731694124
100028061797504
100035217639248
100034954031892
100035384790135
100033066182184
100022849187148
100033297255714
100000597592870
100016580282729
100010160823853
100019552904806
100018052234070
100034462400477
100030491942559
100035278640211
100028522878289
100015045917263
100017224565497
100030378280702
100028783544612
100035346990746
100026035172302
100032189372375
100033960464273
100028217070656
100035034062273
100029006225718
100035135798867
100016128570135
100035291988094
100007583410334
100034689645540
100032172079265
100034285541178
100033962678765
100029005027605
100029479628701
100022071938674
100024082042714
100033963421069
100023992814385
100027449264090
100034858668240
100022769976293
100009587558940
100012684335765
100033592961179
100035127220269
100029114355422
100031717187391
100028466524615
100034079514139
100021901803178
100028377945069
100023983951665
100023860921093
100034209407538
100030886719298
100034396443913
100004274837362
100024222498667
100022765268630
100023607703134
100028454834954
100030605180720
100018077857868
100034032436691
100033144783389
100022841471408
100032883425788
100026154278641
100034485285921
100032723093378
100033776958824
100001634088086
100034897843945
100026291329315
100027141303291
100035369822479
100032323432675
100031016410018
100033643600436
100026884261544
100035188934054
100034402980744
100028950074387
100017767471237
100010833588796
100010684595671
100027172869793
100034366846215
100019080973513
100024419951147
100034328499997
100023623509969
100032226200817
100016525547616
100013466372002
100024667278474
100032950432185
100024324634011
100024000619811
100030867390026
100031966092408
100034443973277
100035243493723
100029133636777
100031456269728
100034497562888
100031257526936
100035034518230
100024854004309
100016600627353
100010957027660
100029817528153
100025247332102
100033816814581
100023245068391
100014650083385
100013659856545
100033032014190
100034836649194
100028044038977
100025582543185
100034213601374
100028446917275
100035131123538
100029720925953
100015245250826
100034677699494
100024735314876
100029237032646
100029653061961
100034987791979
100031770084060
100015093540822
100034672901240
100023894824082
100029711795405
100028581653816
100028772203859
100023873173374
100019324860238
100034131274880
100021917910776
100025676625194
100024652120524
100032658409520
100031331137858
100028554820467
100034523119002
100024852420325
100033730454676
100031206572338
100021159335989
100026068205158
100030489221807
100032123540062
100033669367227
100027987250160
100006928124894
100027039121420
100034260760388
100032857463648
100029915378304
100009989414654
100021634763026
100025871461103
100034306806887
100034452101211
100027741707654
100030210413570
100013791436206
100022052089296
100024732531067
100015547144838
100029733399430
100028884932989
100033059177432
100026788245369
100021789382877
100033758079263
100026048089731
100033086703469
100029130594338
100004095618516
100004603085054
100030870891025
100031061162906
100028415191482
100009745635899
100027513910025
100033636729296
100027244062363
100016139712432
100027544475835
100014909197931
100033637862394
100030397100874
100034922371409
100006754336241
100017876294101
100015254059374
100034385084621
100031322524487
100015035919300
100031375143447
100024587884499
100029845398928
100028987781107
100031810720221
100033714643559
100002439175868
100032503545451
100033347691406
100031082104793
100034201248410
100028404943122
100009639290525
100034629276481
100034162740573
100033564432210
100020547523141
100023855283803
100007684546671
100027711832113
100032696326952
100034937610087
100028065736640
100012223034948
100030729082770
100030803135165
100034500581777
100030891464957
100024705377636
100025936422955
100024373837321
100015173040990
100012412037509
100021415485070
100014788481165
100026557471600
100028884678966
100034406315526
100028177142260
100027486603319
100030706644010
100024224468542
100006444378428
100034740374098
100033231432134
100022981991454
100024496963126
100031458431872
100032578190037
100026410592396
100025352436504
100022344498981
100022441602625
100034081310092
100030341594746
100024689283735
100032365458638
100026776608877
100031993852803
100025928059553
100031644352547
100022900008784
100023008664549
100030157898393
100029515352024
100028752678524
100028068486341
100029834832718
100023326969146
100027877940403
100026560179887
100031443413322
100028166475154
100010643642492
100033420914640
100034107231579
100025540260098
100034110760617
100023373013375
100029248369503
100032688497404
100027754201378
100022313836465
100034340357556
100026845483029
100033623769560
100023646633730
100007107255967
100033213346159
100014921520475
100005648599421
100024409341175
100025347185318
100032733850122
100033565388923
100034490836729
100009700801410
100016096273215
100034740960261
100029098033730
100026722103223
100025040813481
100029723030120
100034503105365
100011281659998
100030527769542
100026040171533
100034047791654
100012046657806
100029047024337
100006356567539
100022985383983
100033164290947
100030958612659
100024570344849
100026405230834
100034854522696
100021007582170
100025779518864
100023255631437
100034012553330
100029002486248
100028646000278
100030567699176
100022332214620
100013758850931
100034377214192
100034387960927
100030705576336
100024582132271
100034844833850
100011703009646
100033908314060
100026608788204
100023457796202
100025507463305
100011556341107
100027331927834
100034795483162
100030587565310
100033791897955
100031781794509
100034074098031
100024976306218
100028735444816
100011583822386
100026455815686
100026869175985
100034055345923
100023286290149
100026032791378
100034877378718
100022732571622
100025130239097
100033151337648
100028418349019
100015820893495
100028347010259
100023651957386
100021500113171
100034096969415
100032358023021
100009425065828
100018499893386
100024429487108
100019865644723
100033571119744
100018554464010
100029423292991
100033593917247
100030978261571
100028722044802
100027736393449
100012110445906
100008142963399
100012021363040
100033702072650
100029948870638
100032366736649
100004546425535
100033938450957
100018655861314
100021952487784
100013256824200
100017001691140
100008213015405
100027707164152
100034762540255
100034672983649
100026713262593
100026459854612
100013453417518
100030181935806
100028511115216
100034352152549
100005937690268
100033028398919
100033834990851
100016296285390
100024467559531
100031488127269
100033531709586
100022429699487
100012792197947
100030400031508
100029018655373
100030607943931
100015407884306
100028987429068
100010078260141
100012792340057
100018342364256
100033318893517
100016264355550
100026559859431
100031356330687
100020970670127
100032078674733
100033580520990
100031243516671
100027581610473
100011818634795
100033755899280
100031055023697
100034642505683
100033220726664
100016374964298
100034330454638
100028445146993
100013503090843
100028012051010
100029684331100
100032025198276
100031497992473
100027626314497
100032432438378
100017063101280
100013860039448
100026617995743
100024305020724
100024479891909
100033788552088
100028675515686
100026168103769
100033681362094
100021863887960
100026752629548
100023153737466
100034687330169
100034772552496
