100013832478039
100013478561217
100029166856447
100034998919573
100035230189627
100032568273892
100033466129764
100034162515800
100009658245871
100038036389957
100034917947507
100012672065870
100030337639283
100037011919856
100037355467866
100024907570684
100026315290455
100022362270717
100035592732110
100033875561290
100029250563191
100035771804032
100036232847538
100038124870387
100038095172143
100038065291587
100038031753359
100037841104073
100037813687102
100037750913805
100037718932263
100037608052591
100037603217938
100037272740524
100037087056567
100036998181647
100036761960709
100036655356960
100036596255386
100036541052181
100036320029609
100036186126008
100035548036804
100035522453158
100035413280447
100035191149930
100035057438113
100034917305381
100032679032082
100032274978912
100031499946371
100031219269362
100028867033027
100027909217310
100024260256421
100023033049819
100022600898676
100012153197738
100009203502806
100008293389774
100006284656528
1211139668
100037975206809
100037934885876
100037782793262
100037755406713
100037649124217
100036454100730
100036321440651
100036192221489
100035083223981
100033388791219
100033373537484
100032153011637
100031625059900
100031209701916
100029787964956
100027658193313
100023037021785
100009359861818
100004325441371
100037754359683
100037700820099
100037646920881
100037370497390
100037369340004
100037297399990
100037136958720
100036795251265
100036773265326
100036323565405
100035578507111
100034807680080
100033303555917
100033277491982
100032845446754
100023480838407
100023119968951
100023080560347
100017397726845
100036071761103
100035998871958
100035968351903
100028310678700
100026449839685
100028900579865
100014125802153
100034830870935
100037791644771
100021071293387
100034418264806
100035635241312
100022124420742
100037376581740
100031739135679
100036989476363
100036223787904
100035322755214
100033937989609
100031330800278
100029110817220
100027826665856
100008061766444
100004058977504
100003128706573
100027814614098
100037747876324
100037646573489
100037542528022
100037542130385
100037487716635
100037456217977
100037259260654
100036339642702
100036137661042
100035124514772
100034939924156
100034633384357
100030878586331
100028263921302
100027244002183
100022984756501
100015563462664
100010763071820
100006697751923
100037874103493
100037776816497
100037695963695
100037591702784
100037581674739
100037460865082
100037123850943
100037025434205
100036946489512
100035815853200
100035628875659
100035482962954
100035348353845
100035018972993
100034338332974
100033425078874
100030048459550
100029589653341
100028884186676
100028223211185
100027801667978
100027410927429
100027073523283
100026964917980
100023892334594
100022936013082
100022446855238
100021305011461
100017747988033
100015223560967
100014275682183
100010270772736
100009784995967
100009370430762
100009097614469
100004060875287
100000593794908
100000505423235
100037266339310
100035832620528
100034863006941
100034734761955
100029835663522
100025857338920
100023374920435
100020269082061
100037851189313
100037655812595
100037452992024
100037419909454
100037312394424
100036241848116
100036227687114
100035972947751
100035942442143
100035645925300
100035391311405
100032277283924
100031467254447
100030158748415
100029731209681
100028723248752
100028176938601
100026441682670
100037415594243
100037353073377
100036915904528
100037771772606
100029259391505
100008092029709
100025310472240
100037118479069
100017524843021
100028907963037
100008656063565
100037800875556
100037639509080
100037434741311
100037430856406
100037319346461
100037177460000
100037102657351
100037087760102
100036857266257
100036761144077
100036632701272
100036193194334
100035310832331
100034524722653
100034404741102
100033359446393
100033003032853
100032425552761
100031809262448
100027378245977
100027241181150
100027182195328
100026339363768
100024657892269
100024163300939
100024034987708
100023314540947
100017787857696
100016829021877
100016077401263
100013796481898
100012268710807
100005492177814
100004969005149
100037717925183
100036652122867
100036490144009
100036332843640
100036261363977
100035830876451
100032122672297
100018961217963
100013105482951
100037620278163
100037366514817
100037152472670
100036947791990
100036601208149
100036575843295
100036427722144
100036108833291
100035839778973
100033758812686
100029783708408
100029481375978
100024840405832
100023914750443
100021300225079
100017229666083
100013817197358
100012350790630
100004297960879
100037911150495
100037744240894
100037419232355
100037413169955
100037247583735
100037213960817
100036814818943
100036678832516
100036268489054
100035811556884
100033455920709
100025959787240
100023377266472
100023093701971
100022712658926
100022709287169
100009500743808
100028897992773
100018830192869
100029544811306
100034985859651
100023178105744
100028525446879
100034821669233
100036978339133
100037685522480
100037465920585
100037421862444
100037413335295
100037396161591
100037352152406
100037300133272
100037293180152
100037261644025
100037230880003
100037216158253
100037146601639
100037044135932
100036925182215
100036832370134
100036812622714
100036582413405
100036391161198
100035854390703
100035348805989
100034862591946
100034746900047
100034550409989
100032840285049
100028796833488
100027906672253
100027055545473
100025761194434
100024665410321
100024554078113
100019246683192
100018694720586
100013541118077
100008255134590
100005495167461
100037686393778
100037644213346
100037639505996
100037381822028
100037301792095
100037298382156
100037185591129
100035964461015
100032615835156
100027544582101
100027096946021
100026883786705
100024364113113
100014394451255
100037710990453
100037693321682
100037664103445
100037563816861
100037541020663
100037332201969
100037244735481
100037018640330
100036841455277
100035058591063
100034411821915
100033985964236
100032165284539
100031176851462
100030165054348
100026253637357
100024856120674
100023905174528
100005020204074
100037485670682
100037472085566
100037461671373
100037446556179
100037431271755
100037392677993
100037343242072
100037082749982
100035978483078
100034797606011
100034787257492
100031177604123
100029133464244
100026037528252
100024529871393
100013977032143
100012321762136
100009329510946
100005750348129
100000986359769
100036382380062
100014259668401
100031288927073
100037562412568
100025454104415
100037263285133
100035512423052
100027035405905
100034232564118
100032236132752
100037445233160
100010415344235
100035116567014
100026733533143
100037688371687
100037533310689
100036615727946
100036584914391
100036273591400
100035588962434
100035586190821
100035039843320
100034517689502
100028224493483
100026340699345
100021933802571
100019693930357
100015360752961
100014733099240
100000030013217
100037626634192
100037583313622
100037369580529
100036232823187
100035828749907
100035776003609
100035649322597
100034874451714
100034307055149
100034035768941
100030619664490
100027983085092
100023900356527
100020967615905
100019226925504
100017153400848
100015042015184
100037510741968
100037502641939
100037446633231
100037436646236
100037397918990
100037352951356
100036860208398
100036534795776
100035327520115
100035106141499
100034719108595
100034501245073
100024489020652
100024087576052
100014538012172
100012470530121
100011100221236
100000932011169
100037477020948
100037428484487
100037306600053
100037256535479
100036872476139
100036685843442
100035684930195
100035556494580
100035356309293
100035086992796
100035085113846
100034800518318
100031867893689
100015179236608
100013155943494
100009667750823
100005579070875
100004225981189
100004000128214
100033942397725
100034396248834
100037701810017
100037695750412
100037689540902
100037542966550
100037542069820
100037329801673
100037319800639
100037298140749
100037099460628
100036012966040
100035354631306
100035308213198
100035271543358
100033918846790
100033844341799
100033447443188
100033444134126
100032726462896
100032645971236
100031443368203
100031155607862
100028993393185
100028036463114
100026839971962
100026482537554
100025916797328
100024992601284
100024786435899
100023749983870
100022916482201
100022521006253
100021441038836
100013709417514
100011279078691
100009792408464
100008231345004
100007111393101
100005075837146
100037461459756
100037461454418
100037380882476
100037378182632
100037359555408
100037325894006
100037161555576
100037055693087
100036979483742
100036452500739
100036372853027
100035926907068
100029236208707
100027905629611
100027749224983
100026756677632
100023736904972
100022081778200
100019371843571
100037587780197
100037458877729
100037420959773
100037346894054
100037268086646
100037254826730
100036582500143
100035994397473
100035956337326
100035173813554
100026680245204
100025621629332
100023713310129
100014713933766
100014043949055
100010892500347
100004854630119
100037529346654
100037327038164
100037311609325
100037257075351
100036760791900
100036580780488
100036383061434
100036067027524
100035927491025
100034823420818
100033742598568
100032287906873
100031177221950
100028521399488
100028038771960
100021976275243
100008953396782
100007426954656
100037492261672
100037362696364
100037337252280
100037307804545
100036861886872
100036859212475
100036532444899
100036463297890
100036459698276
100035638117326
100034147023456
100031743211093
100026479174992
100026136452365
100015496845941
100009458660114
100009157513494
100037478014993
100037260484714
100037244240071
100037231940609
100037155935068
100035828508275
100035519381357
100035019368774
100034664963155
100032466407723
100029338293954
100027550372710
100024991335814
100017072554278
100012836168450
100007395406458
100037579082852
100037546595039
100037476422773
100037321397386
100037281711789
100037277463689
100037172004109
100036948673258
100035401279233
100035159772751
100035110501926
100031871832354
100026402080561
100024212899991
100024038197010
100013602391932
100013562559585
100009041756283
100037536780300
100037533270287
100037440786075
100037186909619
100037154418993
100037151470665
100037141899652
100036817598172
100036578222867
100035535578986
100035324552993
100035190759073
100034538191683
100033847718819
100012141852581
100011498890328
100010413369757
100004440317809
100002743887648
100037572307915
100037545428552
100037495357138
100037412717281
100037269010235
100035661257423
100035562906642
100029758876338
100028715182334
100026989483038
100024034430699
100011961672537
100004894244460
100003683182027
100037543832505
100037465776948
100037329183997
100037269379163
100037260890088
100037233078446
100037215532791
100036918464921
100036909096476
100036631002727
100036342496420
100036128113109
100036043925531
100034524582209
100033538061522
100032531857136
100032246408716
100031672610034
100031270881870
100030694911014
100029912627509
100029360151245
100028525810371
100027651857634
100027582110126
100025901328527
100012389446227
100011841272369
100009355625972
100008849589802
100007996450458
100006313148882
100000177560408
100037541252306
100037436531232
100037431848159
100037254975867
100037224083596
100037221671801
100037078050210
100036448271764
100036342194871
100036012212097
100035765866955
100035571313494
100034916418554
100027713921746
100025831297454
100023843945705
100014148100392
100013481013852
100037464782517
100037440124356
100037306382283
100036995933764
100036613760628
100035941552124
100035519920815
100034474752675
100034473667952
100034053681723
100033813339524
100033592659332
100030019358675
100029532363418
100029076290221
100027640743278
100027425030424
100022377001310
100016357909237
100037345809298
100037142272107
100037117553818
100037114914267
100036966340926
100036318320402
100036155520246
100035730221970
100035483647321
100035031278501
100034597956697
100033677243658
100032438179590
100028333082629
100027210150917
100027114624001
100025664610698
100025221217401
100037383247235
100037355647498
100037332313511
100037302609787
100037243456406
100037180089704
100037132752200
100036978697671
100036967417460
100036802641021
100036591458764
100036000527393
100035954149669
100035582661027
100035521422774
100035335038379
100034486034445
100034471582492
100034392556761
100034216343556
100033274359644
100031105500878
100030875108574
100029699086871
100029540723478
100028882784275
100027344254190
100026468766000
100025051331600
100024787473300
100024257060163
100014491662731
100013079911601
100012666909096
100004711332906
100001243502265
100037445231423
100037131074531
100037040413418
100036763162277
100036489859735
100035386184342
100035058541030
100034106106623
100033901214603
100033541175222
100028424947261
100028316860938
100026442680570
100023449039135
100011591834395
100009321505668
100007617750627
100003205915212
100037462473069
100037443694788
100037428275797
100037227167009
100037174791043
100036872886038
100036805451073
100036402420833
100036342441162
100036184872165
100036061441395
100036039200349
100035866897760
100034249772914
100033927367388
100033557202578
100032205051735
100026325303676
100021993181553
100037487941897
100037431993794
100037350483434
100037327570970
100037306841319
100037222818645
100037194975765
100037194258141
100037167725544
100037070433300
100036770822168
100036700785801
100036638042517
100036226812234
100035816868397
100035628020047
100035580486360
100035331961264
100035298019942
100035175110035
100035134680441
100034931400349
100034360054512
100034035433090
100033889262618
100031145445362
100030939264314
100028601712959
100027959702313
100027414699133
100025754388418
100011750611208
100011306551274
100004045779068
100003735143230
100037450536503
100037351720555
100037340922963
100037270093980
100037135035973
100036458318436
100036271113994
100034884090289
100032480310755
100031523861272
100029543689340
100029454203964
100023321713035
100022449553363
100017233692595
100007819396846
100006561224678
100005934961620
100037527694428
100037460558368
100037379982240
100037350404620
100037198723450
100037196748806
100037069204856
100036903248525
100036643023509
100035582440934
100035158689684
100034736446513
100034637975857
100033659211984
100032566400382
100031320094483
100030011563000
100028337373620
100013311520751
100037628041988
100037457503005
100037391202455
100037305800750
100035702212966
100035155663879
100034794502850
100034671662254
100033352659629
100033110680444
100032703254818
100031761733343
100029888353767
100026249736465
100026001647874
100006943513458
100002888355764
100002706764508
100002653190667
100037581754147
100037542307049
100037512183731
100037372661498
100037332370375
100037205807129
100037167144021
100037143616732
100037071075976
100037036401021
100036929410185
100036875904305
100036821234465
100036433359331
100036085360155
100036072709941
100035809328544
100035529886580
100035066326142
100034584697935
100033843699975
100033645438423
100032356654430
100031255269158
100030705398904
100029118285121
100028016373638
100027605221235
100026593970667
100024248760588
100022683003228
100017793154494
100016475708442
100014329667844
100008333310933
100008316016158
100003316151186
100037514791343
100037462234346
100037372989919
100037296131034
100037257437496
100037232718816
100036751591517
100036298906872
100035561588047
100035347442165
100035261540768
100035145352857
100034192140411
100033844462449
100031197772524
100028248003807
100028055051665
100012547530283
100037548517290
100037541767359
100037450690514
100037400595860
100037385506829
100037382051592
100037374017803
100037199810382
100036763544340
100036343034868
100036340086710
100036333486289
100036242678447
100036194982186
100034522091365
100033851885020
100030355416327
100013343440865
100037512751135
100037427556268
100037335462960
100037302934694
100037297842414
100037198841606
100037198582298
100037186221614
100037065263924
100036714671527
100036661441581
100036458894154
100036022848876
100035947672136
100035912822214
100035652670347
100035480559348
100035360199065
100034658261657
100034539795332
100034263032115
100033550572305
100033113032044
100030654421147
100028872352009
100028863906446
100028411176315
100026183866992
100025963833848
100025560288802
100025386619511
100024283517247
100023560818646
100015634057614
100037677600558
100037548156214
100037440330872
100037386018111
100037370178760
100037352779746
100037310614235
100037304001512
100037193932982
100037119713295
100037086261047
100037036974025
100036227862929
100036062654168
100036011435929
100035883334996
100035711207717
100035706274660
100035440787302
100034350495797
100034339817825
100034039631681
100030384797268
100030117573270
100029855993196
100029727210368
100027764851603
100027042455734
100026139436364
100021541155166
100017866383727
100004038976656
100037544013169
100037500871800
100037480921120
100037470030272
100037462413889
100037417146488
100037406136694
100037371851557
100037308671978
100037202064194
100036977269859
100036915767606
100036810521130
100036805519802
100036609018878
100036076069566
100035607323935
100035604341351
100035539784160
100034573381630
100034411024697
100031919061124
100031047003338
100029784243761
100027109399256
100026913742591
100026192061828
100025714368688
100022827969752
100021165214101
100020605265819
100012334573939
100009750879562
100006592354984
100002943133298
100002605940133
100037535316862
100037503788659
100037500276311
100037477629029
100037444632325
100037416846109
100037415082742
100037391013688
100037324390749
100037308814669
100037299158799
100037298719485
100037199330170
100036338402830
100036294678066
100035833234517
100035638612660
100034557350230
100029548665215
100028244922409
100027051229342
100025259349122
100024992469677
100023299096237
100022159404323
100022114039813
100015080976259
100011799378465
100010631416180
100006087458980
100005969866687
100003082487167
100002154240159
100001558139099
100037577610553
100037492352007
100037437993453
100037332221201
100037272192249
100037155923153
100037086143461
100037086141692
100036587491553
100036475430028
100036157808409
100035836844809
100035729956797
100035601081928
100035564385758
100034876535049
100034793506679
100033933932952
100033081394728
100032861022508
100031964672927
100028981751778
100028359919595
100027883480364
100027865156220
100020600654555
100019762297023
100018896446468
100016195112811
100014224865082
100012759274569
100009081915125
100037552625302
100037451113216
100037444927193
100037442168552
100037002456169
100036082029712
100035197325431
100034818187029
100028379730470
100026350233832
100025219670341
100024408723054
100013493828487
100011719171484
100011662334850
100008280455485
100037657232242
100037439891159
100037431225778
100037378484348
100037346625325
100037328931257
100037295181213
100037252101740
100037155016238
100036988904039
100036904034421
100035677402932
100034463384468
100033715726031
100033546669819
100029375553168
100028973838448
100028198952306
100027626807560
100024785497215
100037421552663
100037417178305
100037309903432
100037180521915
100036385461594
100036291107939
100035808410523
100035346470049
100035163910213
100034945244938
100033836232682
100033645820169
100033641571642
100033449384193
100030905464398
100030015800630
100013673628044
100012200012353
100037516261396
100037337290316
100037272343764
100037265352909
100037238326929
100037138036350
100036993962344
100036943674336
100036587561329
100036542032314
100035117585947
100031724972193
100030280931043
100027512052854
100026292542096
100022147030142
100012614585001
100006970090624
100003641674956
100037460702136
100037429864468
100037364078198
100037155080820
100037029525576
100036937602359
100036328503544
100036102572874
100036082447281
100036056373485
100034591201854
100033433260543
100033414041172
100025354740380
100023654960672
100022966790726
100021960319865
100014137560715
100011765583543
100009694908191
100037475164620
100037460886117
100037364796924
100037285966705
100037285966101
100037126313534
100037126303159
100037013802725
100036824564803
100036814905503
100036481294556
100036186737176
100036012101987
100035582374767
100034520927868
100033391003362
100031979081788
100031776470309
100031110283504
100031046943269
100030827018900
100029561055927
100029051774465
100028973797058
100028663122304
100028170381713
100027916653344
100023627554187
100017913604328
100015085273760
100013741243137
100013399560894
100009967956171
100009505102029
100003515046925
100000910924345
100037626451919
100037581665548
100037561026517
100037545150684
100037486713693
100037298300936
100037241447358
100037199119120
100037194920369
100037183641522
100037156719654
100037156402962
100037109033196
100037100894913
100037031348422
100037018254188
100036986932607
100036855334790
100036533663697
100036481095754
100036398415941
100036212165960
100036030188100
100036014747900
100035795349165
100035775917559
100035655144386
100035404186271
100035376890273
100034846536947
100034695634516
100034416900760
100034412685893
100034301894010
100033784987548
100033422536210
100032327738932
100031425305219
100029779535688
100028241213547
100027074821037
100026752951352
100026631471900
100026607575741
100026422029581
100025802535421
100023991796164
100021758689412
100021658536182
100019244557645
100012814547800
100004153412945
100002207053583
100037527787602
100037477420408
100037295270426
100037194823168
100036249714007
100035739016682
100035730849450
100035468225588
100035008570871
100033652401433
100032098261950
100030148511155
100027093711646
100025919030902
100022762545318
100013350067108
100037415259606
100037415229161
100037364262648
100037359312682
100037310894398
100037308070349
100037292294253
100037169813560
100037149053636
100037083194040
100036811899422
100036678910618
100036604770602
100036187337509
100035618640326
100035418630246
100034491104601
100031344880091
100027523721288
100037471110532
100037364912810
100037275937543
100037271072427
100037262626268
100037199720027
100037178211407
100037151542924
100037081223680
100036576841904
100036422731438
100036410057755
100036092715544
100035541664179
100034567760973
100026409307323
100022556959145
100016597800393
100003927447219
100037607730590
100037514940930
100037453264827
100037439290360
100037431880104
100037431877986
100037382893790
100037370853410
100037185410970
100037158857370
100037143669424
100037093134308
100037087463638
100036714165866
100036663724084
100036554555983
100036423923314
100036369847817
100036161015403
100035845330138
100035620834478
100035463614677
100035457316173
100033438199599
100033148553696
100033128047846
100032716493077
100030538156143
100027938300829
100024846921126
100023454914260
100022135836301
100014516345595
100010551498216
100007168179125
100004739834916
100003548772382
100037635061913
100037527908937
100037524335643
100037410583183
100037253123208
100037014863954
100036922180918
100036817821648
100036411461025
100036397336410
100036145083475
100035776791573
100033791980482
100032784844592
100030274871653
100027597909726
100027505013586
100016609474309
100003262802535
100037355353488
100037272979894
100037231523267
100037224163784
100036704732656
100036702772618
100036407747707
100036284411287
100035972885677
100035965574026
100035824452218
100035788749966
100035087074738
100026394804189
100025309425305
100022101032462
100018647888989
100013269270651
100001429459094
100037464303118
100037294446416
100036987754548
100036600313903
100036285649036
100035586916048
100035277262400
100035248058469
100035051032584
100034787777672
100034584678617
100026140818910
100024986226809
100023999911426
100023301504315
100022581408549
100019656918396
100014148130817
100009622084215
100037571490028
100037516025831
100037417359923
100037294697993
100037206681987
100037202451918
100037138973407
100036712297118
100036519734900
100035835312857
100035220812547
100034578796885
100033679454011
100033633561026
100027416467538
100013274142439
100037549653957
100037530605277
100037443130438
100037426271300
100037413461641
100037268690772
100036367327737
100036200072170
100035565512254
100031168622202
100028951141929
100025643270705
100025555896065
100022192390954
100022182043462
100009158321952
100001235027706
100037444383732
100037438804423
100037313770366
100037306720438
100037215738132
100037215077991
100037103602282
100036743754360
100035922870630
100035101415454
100034615483088
100034384831804
100034238680592
100033134520471
100032525364129
100031359108198
100028306522220
100028235453246
100024620391219
100037443933125
100037259447370
100037258635742
100037121421404
100037114233891
100036709324667
100036570825656
100036332623958
100036047236856
100035364495262
100035364493214
100035044451396
100033796874636
100032671613476
100030473196280
100030134955042
100029687402760
100027508312174
100024364160463
100001097636196
100037664490004
100037603563301
100037428188430
100037373624403
100037351445638
100037186394149
100036749314324
100032635923363
100028035799041
100027820704026
100022423264451
100013208254974
100005812030808
100004631825846
100037474171224
100037431096524
100037377610563
100037318603604
100037074249531
100036909135159
100036668390000
100035969105977
100035914161863
100035136854455
100034750471315
100032078631391
100028548636881
100026644580431
100026095693647
100025487267777
100024006136749
100017677144661
100017491958356
100037630410565
100037494819108
100037478916888
100037465121201
100037419704071
100037294400141
100037252606139
100037217946743
100037180642050
100035667673502
100035280078898
100033815550975
100033588052385
100026014201901
100022201770635
100005183191745
100005136243018
100037416826962
100037342086999
100037218082181
100037218071333
100037118831801
100036922790721
100036816741159
100036397878659
100035805313595
100035776628580
100032276135892
100028680199207
100022020620078
100014133735255
100006657346472
100037584092190
100037546083737
100037504326637
100037242890653
100037113904849
100037111339419
100037097453743
100036544817429
100036135663673
100035551489704
100033384241676
100027037208888
100025338750272
100025321812625
100019903548633
100019377154069
100037503061727
100037487642601
100037437335971
100037411597504
100037328771760
100037296312772
100037248077931
100037232898613
100037141274813
100036313599460
100033507713366
100018755227671
100016605888032
100015715712429
100010140270575
100037613133068
100037533577243
100037308365038
100037299080131
100037128402748
100036886011216
100036789453459
100036726084379
100036124942691
100035960454130
100035527182796
100035381123251
100032522766559
100021974780184
100015800374551
100013482160226
100012813030108
100011826154576
100037573174640
100037340265276
100037262333675
100037259393826
100037168702751
100036688492925
100036376002827
100034222157084
100034048163396
100033407151691
100032318505890
100026979524651
100024507018903
100015060287261
100006420431298
100006007894046
100037471771015
100037308002691
100036465789126
100036211237707
100036076402898
100032822417275
100028834670079
100027579362301
100027365041502
100021401148673
100015192287848
100008408440380
100006901953887
100037426536233
100037414721315
100037232387952
100036833343189
100036428808169
100036260324676
100036018129057
100035368414503
100035064771297
100034747036623
100028735367040
100022248524617
100015389710367
100008778515591
100037429775955
100037269495303
100037209319853
100037160422397
100036525364496
100035563489841
100035466579969
100035461746074
100034386140582
100033941874181
100030220089676
100029063598804
100024319281340
100023967914204
100017538452181
100014187369645
100009783062492
100036348610097
100035992204664
100035035338210
100034417340053
100033774203824
100033115927382
100032642610693
100030317482939
100030250245434
100025964166682
100019312450964
100017552201796
100016030058156
100015114167000
100014567652459
100008408371223
100037645353519
100037436923039
100037304120944
100037283406523
100037028811695
100036862640389
100036564858438
100034627239696
100034588180369
100032571876372
100023687450520
100014332623736
100006369334422
100003380975124
100037641932948
100037590426399
100036970183285
100036914082247
100036475563204
100035802766382
100035777924205
100035462390971
100033319542093
100033298444769
100032689607272
100032599146355
100031993650428
100028425864033
100027566440769
100023181152932
100015337633027
100006142998977
100037355858547
100037228232973
100037212078018
100037045651681
100036462069722
100036457192966
100036419465791
100035721640412
100035251813748
100034951007152
100034918023221
100033280140783
100032465628775
100032135961853
100030988621697
100029761511154
100023791507737
100007488403201
100037376559212
100037280053213
100037267996039
100037185720424
100037170441688
100036256662534
100036220033368
100036007191168
100035635962379
100035215896448
100034181295322
100029700996007
100029211814172
100013805416843
100013474217007
100006504502661
100005130705032
100037341189636
100037327778376
100037327720004
100037204968739
100036829373843
100036635529188
100036334252889
100036091515809
100035492346222
100035358002100
100035230025777
100035217053153
100035150420694
100020908366924
100015041056802
100012387819515
100004836647621
100004349853602
100003102971816
100029936094243
100035635083542
100014055739062
100035764331929
100037411059495
100023888520961
100024098868336
100032202411756
100013846746653
100031917510077
100028339924165
100035756439230
100036183923707
100003383182815
100037078456471
100028827377177
100014280547186
100037369867308
100037338038764
100037315119348
100037305606705
100037298167706
100037243239154
100037242975494
100037177369323
100037172539899
100037172149808
100037126312168
100037071215422
100037066742851
100036706034595
100036629451370
100036603068441
100036295070017
100036221778852
100035906302917
100035549329081
100034843905617
100034806316331
100034761456878
100032051646388
100031214414371
100029940918846
100029711831682
100028471329251
100024953449261
100024480294110
100022617007906
100017341481190
100015576282898
100008380067579
100008074422404
100004593870707
100037448432632
100037416694634
100037368247591
100037308217745
100036868626961
100036793921028
100036615422214
100036424534641
100036108348385
100035387017134
100034422764424
100030919703234
100028337738538
100026096443125
100017357821116
100016148507971
100004443065342
100000595181856
100037484430011
100037434363540
100037329308782
100037198187705
100036743975078
100036463458660
100036421514498
100036083131436
100036045952775
100035407308525
100034936808444
100034872360971
100034752885817
100034481162409
100028302604273
100025092366814
100013562058410
100012291009478
100037446482190
100037310557663
100037065339712
100037055584759
100037014144276
100036947584995
100036712221071
100036001359934
100035967334838
100035442379013
100034445813145
100034302946655
100032777183120
100032693117618
100027012850749
100022058050821
100010985941774
100037422002433
100037346193845
100037343138666
100037320577570
100037295460413
100037203697205
100037155738990
100037150456243
100036955577537
100036727010160
100036444583369
100035947093038
100035828286816
100035508883302
100035508881642
100034585876864
100034215270340
100034044573428
100030947888342
100030260390977
100029514335413
100028960178981
100028536106199
100028454742481
100028035681257
100026891353150
100025436085426
100023238650867
100019528655315
100016316985838
100008349151593
100007598356277
100004593061999
100037443452613
100037419723858
100037284277777
100037161739903
100036838787401
100036829653275
100036732323729
100036457176539
100036286093514
100035609730967
100035503249319
100035282014792
100033935568836
100033232879745
100031023165258
100030657854985
100027038500945
100020849026907
100037411202077
100037325408543
100037239933134
100037132491643
100037091273964
100036796012455
100036773649172
100036533568155
100035689778333
100034363865740
100026635862392
100025543147598
100015413136840
100006079935184
100003098645006
100002686391933
100037443061603
100037132332075
100037088513505
100036612933186
100036465142622
100036079477496
100036020593537
100034651594736
100033334290341
100029034039383
100028503434516
100027685278595
100022920082761
100008733243562
100007976175565
100007513350849
100002984006076
100002952314894
1031173561
100037357446580
100037348866804
100037259172943
100037206253701
100035515835922
100035486438328
100035463738776
100034546777293
100033309916078
100028287645782
100027102488752
100015087094653
100014861613326
100012979861521
100009386239066
100037359426491
100037270422077
100037260102994
100037252453773
100037171908356
100034900455914
100033842281714
100032390940194
100031936342360
100031872064035
100031086375661
100029336763856
100027953528606
100022473005970
100014206871081
100037434571779
100037315808670
100037201331252
100037178686325
100037145840621
100036925694254
100036642032339
100036418740274
100036344109208
100036315518530
100036014880242
100035998757530
100035870561621
100035603621094
100035181526751
100035007290992
100034843210485
100034738457053
100034517572681
100033318555196
100033188333295
100029940999085
100029845682203
100029078771861
100028147222571
100027132252040
100023824536251
100018585304714
100014964667836
100013159098191
100009651154620
100007381591795
100003647362713
100033279101835
100037442581099
100036970232986
100036916836530
100036896645073
100036806843844
100036206887733
100036026345383
100035309299679
100033462399217
100030284775393
100028982135008
100028013091483
100024353363911
100022351110273
100037409252542
100037395900344
100037346553724
100037312146265
100037267721501
100037257042175
100037232232534
100037227552039
100037185555919
100037183335915
100037183335901
100036937397370
100036844265131
100036829814323
100036532148000
100036369014004
100035971328772
100035735280705
100035182910647
100033524184062
100033421877540
100033354022633
100033176437361
100032773760940
100032116505315
100031900212446
100030997400878
100030729583775
100030588824666
100026801117853
100025630206282
100023908835807
100014101235305
100005160693782
100004871929598
100004306394037
100037200794998
100036991433113
100036831557751
100036812870761
100036418870017
100036150113148
100035982392137
100034438850052
100034163102575
100033251271538
100032884475553
100031930176089
100030908614609
100027583630085
100026481002455
100022175238064
100022090471434
100021266208049
100036819743080
100036639996094
100036502445181
100036420642428
100035831029292
100008097136034
100005627010072
100004967505843
100037383574106
100037363414835
100037298617756
100037294087996
100037099401749
100037073868544
100037066883785
100036181762997
100035750052885
100035484952676
100028575692154
100024906434718
100019782917511
100018811546667
100013313443057
100010986332838
100008781332196
100037293607109
100037251071667
100037143796537
100037055809088
100037026113240
100036691702584
100036460581438
100036441967359
100036404616605
100036098150646
100035822105391
100034915073338
100034771510398
100024758333035
100022409062566
100011102104659
100010872076298
100006100177440
100004849968646
100037304765682
100037281789131
100037225231717
100037193833513
100037163267732
100036936221337
100036920920364
100036056223797
100036049491435
100036025158211
100035318130737
100035112788852
100034690298640
100034644431014
100034481170840
100034235504336
100034035366819
100033916295311
100033721835429
100033717061255
100033316756956
100033014972334
100032885176589
100032097682519
100028408762463
100023003403619
100022960751474
100022618689958
100022426963820
100017700047646
100015835717635
100015546076224
100008742949042
100008696641094
100003124855868
100037436820597
100037366921451
100037360923570
100037329094983
100037239521612
100037238051817
100037223100325
100037205563518
100037200635419
100037193954365
100037168775897
100037113530586
100037097841617
100037093641577
100037037295736
100037029143568
100036986802647
100036900678909
100036869146602
100036839708813
100036837281777
100036561936872
100036015165038
100035792281655
100035738676150
100035506967552
100034729926730
100034622792288
100034547418153
100033007456526
100030487879940
100030388823799
100024107535518
100023148690843
100022465209218
100019951721170
100013282806956
100003154972158
100037427700305
100037427221801
100037366655289
100037351535519
100037285180563
100037276091111
100037175446280
100035400426485
100035399208441
100035359425219
100031423620529
100029473384531
100025718563221
100023880343466
100015191528293
100008643582812
100007774449900
100037394132169
100037370912735
100037311183791
100037297650815
100037260551195
100037256321229
100037230823032
100037229112522
100037183814932
100037162260595
100037157402414
100037129547951
100037117370132
100037101710335
100037098860403
100037038647504
100036926045734
100036891353119
100036768048621
100036575963074
100036439758279
100036072618402
100036042694956
100035394011448
100035259396014
100034933372655
100034495691258
100034484173365
100033887024185
100033395047307
100033213278191
100032792587216
100032093272629
100029892644188
100029175541139
100027826930926
100027613806298
100026073166710
100025150934031
100023762603117
100022018006383
100018763631505
100016572542588
100015044264952
100012619291829
100007547490466
1797685618
100037373610079
100037331436235
100037316616616
100037259712046
100037061769835
100037019778598
100036507648984
100035071040707
100032827000100
100032390775891
100030362203717
100029308791876
100028489607342
100027098833998
100024706793302
100021784608004
100008717628869
100037243423009
100037239733038
100037200675137
100037088147965
100037083982586
100037067745735
100036897169461
100036349656534
100036346392643
100035807778360
100033932554147
100032829110595
100031314936755
100030465018280
100030114639292
100029623450287
100025121642297
100014055274824
100012332734739
100037426230061
100037252452982
100037120220661
100037072703362
100036457368076
100036231712881
100036103520795
100035693076534
100035395565464
100034428679205
100033991396214
100032730720647
100032717543114
100031699710164
100031122757235
100029343102904
100028085597551
100027393668144
100026951044346
100022522156862
100034036091837
100028263030103
100037225599458
100037169681726
100037043870389
100037020171987
100036844907942
100036500829514
100036462155199
100036416092817
100036285140735
100036036991047
100036000668085
100035640611559
100035540807785
100034798482951
100034729212931
100034541091447
100031094440590
100027943987628
100037380482113
100037355133068
100037135637330
100037094177043
100036902641295
100036528970184
100036344121568
100036307322345
100035546320955
100033927427891
100033517482861
100033439530745
100028768322800
100011874732824
100011295785489
100002166841494
100037298402856
100037278606505
100037223292192
100037222029536
100037162503834
100037104888722
100037016362220
100036632403005
100036531794966
100036465810528
100036248790919
100036138184750
100036138124486
100036102331130
100035925036660
100035828919952
100035514770022
100035431402847
100035351862090
100035183942896
100035045345840
100034500473800
100033943278558
100033936832862
100032679294220
100031299730955
100029913391213
100029520679128
100029515232503
100027736396705
100026276284051
100025435629255
100023575787405
100022707737404
100011016180356
100009509618339
100009191808676
100007714245562
100037381320021
100037292615384
100037206252498
100037204212713
100037201871238
100037152603987
100036950265596
100036887091224
100036194621657
100035998500396
100035346612287
100035295915408
100035279390503
100034822021358
100034518461981
100034483653053
100034449240783
100033492783429
100032488102586
100029645119390
100029214705909
100029146633865
100029049792825
100028357022408
100027993592734
100025728309747
100024362298151
100023917606131
100023325960686
100021308226463
100019019403640
100017117445240
100012140700210
100010218271279
100009288512487
100007574172730
100007132781284
100003108250835
100037310254209
100037216961937
100036916565797
100036210940893
100036081514328
100035530412283
100034927881860
100034277855122
100033353080248
100032440413471
100031603216622
100030148656293
100029586570032
100028608549357
100022054732463
100012029236119
100011196787881
100009981753766
100009977584821
100001926984501
100037402890426
100037395060917
100037296485025
100037222660268
100037222657212
100037166745082
100037142506485
100037114957476
100037079373907
100036053053238
100035324520669
100035057872781
100034901671515
100031777538387
100030826985407
100027854078284
100025692092205
100025167075907
100015847004247
100015242263001
100037410930525
100037158975999
100037091045407
100036124307573
100035636254399
100035616339024
100035047950302
100034905132054
100034312303485
100032138561023
100028923135927
100025951291286
100024804150818
100018821358642
100013143995171
100007179852149
100002398561430
100037023053349
100036840468718
100036373275065
100035675182690
100035490918987
100035083637319
100034820611646
100034812403909
100034144185386
100032804779027
100030265575493
100027270200216
100027186758823
100026127607266
100015414003069
100008709514484
100037283226059
100037277077217
100036920288775
100036874911792
100036758224175
100036201885116
100036075652893
100035035729702
100035016765108
100034792364014
100030990053663
100030920632446
100030223339161
100029781375794
100021484807541
100008232373275
100006648553363
100037323842425
100037309322851
100037291593910
100037269217406
100037256495955
100037195451547
100037118404900
100036916790542
100036874002329
100036781726567
100035471400684
100035359533621
100033834860466
100028636117958
100025446140942
100024635857710
100014127091034
100013262622041
100007488840599
100037270176899
100037227909639
100037009342956
100036719991058
100036663395978
100036387173054
100036142421491
100036030840351
100035905404141
100035732353376
100035480253027
100035074217018
100034675822813
100031127229840
100030107911713
100029563500687
100027599296122
100023906622563
100037160743769
100037125637021
100036962992616
100036793902360
100036600662571
100036419390820
100035055402290
100034807813186
100034792124781
100032911971654
100032390948726
100032121455775
100028437796394
100027737585738
100024785045790
100023853339635
100022036140552
100021434139659
100013408368030
100037297593600
100037233785740
100037185852836
100037078339392
100037037462509
100037034332499
100036336772762
100036103033850
100035694373595
100035133643499
100034999024050
100034381096016
100034099725141
100034085392356
100032786214055
100026346788570
100022312806844
100016708203903
100037162961753
100037119256268
100037030460819
100037001943065
100036836573709
100036400974034
100035680605524
100035671686757
100035475487376
100034745802253
100034723035370
100033591851097
100027995600954
100026664162455
100022227731127
100021728555109
100019266760124
100006458309254
100002801917583
100037284154824
100037161852819
100037119073960
100037118503087
100037022285644
100036957992053
100036348993750
100036347270744
100036284221812
100034125797350
100032864612026
100031548092233
100027323760250
100026786352127
100016869857707
100014764846479
100013632997726
100037239579434
100037149134818
100037091238039
100037084548701
100037010071164
100036883733498
100036860296453
100036638593792
100036291667875
100035973041217
100035830090279
100035813241981
100035811280052
100035735179443
100035317771681
100034776203861
100034546626940
100034167616218
100034140859784
100034002318501
100033770441044
100033559089126
100033201256742
100029123013806
100028712137842
100027580819020
100026325728792
100026113093167
100024862187469
100022929037316
100021628659953
100018246675691
100014896031842
100012803658713
100010732923830
100008735715426
100007489691408
100005725605117
100004660327202
100037332753456
100037319042017
100037302842495
100037275362839
100037269097919
100037141022302
100037109416138
100037090967996
100037039010770
100037012942289
100036994973320
100036985794190
100036941021541
100036905895722
100036865131985
100036750708536
100036329954353
100036224572199
100036205870736
100035964453767
100035295321863
100034616461860
100034547296187
100034300252882
100033849771519
100028585911909
100028385754122
100027039341064
100024853140295
100024317620365
100022182250344
100020266837686
100017407203259
100009571415920
100007994707605
100006650889311
100006598991103
100037347751536
100037206337715
100037149463309
100037059140612
100037048753391
100037015758108
100035814012182
100035701683936
100035235066634
100034792952147
100033275700278
100032832620360
100032099017851
100029118216987
100028259105830
100028138849410
100027665796414
100025076414856
100023804360128
100023405290976
100019112014831
100015074824423
100014244253517
100037052032357
100036969273696
100036832503552
100036608071908
100035801324004
100035486961042
100034916857171
100033452823152
100029602728106
100029141410251
100028432920578
100024292053834
100012483828709
100012483368304
100011531859957
100033438381253
100035241893601
100033611830958
100034322435297
100036750726709
100036927407390
100036915440750
100036834818425
100036739673255
100036303493227
100035052451913
100034567935980
100033291755665
100032778587753
100025960126034
100021827209548
100037212129864
100037136474465
100037120635312
100037089257183
100037021789731
100037006852299
100036988580314
100035655030040
100035472545711
100035168883164
100035119171229
100035041866470
100034858986887
100033179565461
100022446661214
100004979297534
100037193341789
100037017793148
100036947347221
100036946718563
100036839869695
100035914053829
100035789120762
100034917558768
100031024224363
100030496341252
100027822464915
100024116073460
100024073486612
100022497450454
100018960997140
100037336710336
100037212099057
100037168992090
100037103974135
100037052193911
100037003912386
100036974964119
100036693439063
100036690191448
100036626719683
100036447414118
100034904993683
100034848133467
100034682251483
100034350217547
100034342727622
100034081424122
100033657624126
100031532584412
100031139296243
100030993218468
100030197235388
100029114049850
100028959851407
100028590541533
100028103896554
100026766782602
100025761120483
100025284096072
100025082372384
100023544344583
100012647596905
100010932738416
100004689670166
100003816125603
100037182010019
100036966354067
100036887550283
100036853883552
100036151403220
100035773819124
100035459295716
100034912153961
100034739990323
100033319986601
100033135824292
100032504903444
100031644242391
100028500863288
100026198443297
100026139261568
100025099506766
100021970333848
100013517500781
100037134463661
100036969825627
100036162323974
100034926214368
100023718047813
100037196372717
100037196319311
100037017640184
100036790243788
100036539988271
100036463207126
100036457101656
100036351789744
100036204041266
100035251723742
100034927244633
100034806226049
100034339863159
100033367720211
100029110809019
100028264659170
100026772376606
100022254485094
100016837337243
100016512090914
100011898019673
100008080036990
100005370183168
100003356119059
100014188596724
100037142111076
100033081342522
100022705312486
100029170898576
100037255560549
100029822387943
100023676640818
100036211357797
100019071073957
100037169103587
100037101785828
100037088048236
100037071490061
100037030837395
100037003778624
100036517779998
100036133363571
100036024630771
100035630677441
100035472425244
100035355137950
100035269000807
100035222978553
100035042612529
100034557787372
100034152722563
100032970432247
100028580778270
100026665519924
100025613324544
100025483781941
100025164815158
100018233414701
100013564359300
100007540838207
100037055320208
100037012213387
100036993337807
100036671621731
100036543482022
100036145725553
100036041287249
100035930124154
100035851058838
100035332145042
100035034602369
100035018225523
100034321761693
100032736966535
100029390024500
100028129581937
100027883995315
100025496316413
100022384880127
100037010173270
100036959326450
100036893926319
100036886011982
100036838313703
100036814551996
100036711051608
100036592493057
100036499356197
100036467922824
100036348132108
100036258731759
100035917073064
100035543557048
100035251111767
100034803732104
100034097294963
100032481168239
100031860731664
100031690042868
100029834648299
100029438538890
100029051410342
100028560664735
100025462003289
100024166116930
100022703971042
100022440879053
100017066381167
100015690666959
100013992400804
100011813018778
100004025440001
100001000944185
100037134815586
100036915977889
100036852503158
100036837592655
100036461169206
100036305928587
100036186781594
100035820320134
100035109403906
100034419561071
100034241266291
100033187150062
100029052528300
100027664418288
100025241390811
100020467154031
100014593450940
100037073525643
100036475789670
100036377580614
100036345344230
100035830757062
100033945140975
100032955961255
100031873208545
100030069030074
100027010324445
100025470053560
100021998775660
100015986560161
100015674224471
100015222676855
100010525693892
100007634223896
100001486464548
100037162744085
100037022922668
100037017223219
100036996009712
100036985965243
100036917869553
100036908150380
100036854663288
100036848661300
100036802850257
100036781536386
100036762234370
100036728043788
100036336939549
100036187387664
100035754491561
100035289913500
100035021688967
100034994773681
100034862536508
100034750503802
100034260074958
100034226212779
100033596709919
100029477210380
100028313899840
100027042316564
100025457475178
100023802949399
100023535978741
100019638160323
100017349966551
100016606267931
100005008621794
100004997401185
100037169402823
100037168442538
100037087598414
100036952844388
100036945488673
100036764626407
100036503082772
100036240733406
100035651870660
100034515668932
100033320686618
100031946954418
100029085155317
100028443888361
100023370242343
100014603684154
100008101991058
100006826454283
100003091353318
100037156052093
100037116876362
100036977550302
100036946095481
100036812560318
100036601714858
100036386599186
100035916644330
100035292935464
100035158816255
100034955625771
100034558147405
100034205422776
100029544616414
100026776024065
100023029274238
100022896562685
100015484908560
100009755118151
100006469871606
100037149694090
100036745071309
100036667581984
100036375862162
100036190355329
100033754523144
100031824067516
100021752659814
100016755668858
100012329681276
100008872216487
100008414071686
100037010643716
100036862034004
100036746706241
100035358872646
100035279711619
100034981250056
100034047422938
100032474920423
100031415380261
100029575484887
100029451469844
100027513639922
100021564983872
100020531531045
100017131533894
100013612355968
100011908427031
100006599293757
100036929409948
100036864103445
100036834308665
100036779926699
100035870598685
100035835082153
100035763451149
100033898396284
100033834875116
100031532602586
100029313843911
100028782071169
100028054396176
100026726145659
100025487661849
100023659890638
100037037132768
100037036502550
100037022792010
100036916809125
100036825644773
100036825194847
100036819285373
100036769631301
100036712523304
100036452093454
100036360165779
100036025580834
100035996692961
100035465078379
100034740452959
100034717413456
100034186644270
100033852427252
100033269025242
100032966360781
100027761563187
100023693983680
100036807917426
100036419412769
100036217067648
100036155296968
100035697172003
100035655709432
100035544992866
100035496516620
100034914641138
100034705334403
100034655330831
100034520419369
100034064923986
100033582602315
100031789505577
100031061103685
100028697748917
100003770875724
100036874423575
100036859710824
100036836835936
100036717409490
100036667547021
100036407538595
100036303420010
100036096240568
100036051654237
100035948760729
100035840117180
100032641291708
100030646746386
100030405134499
100017540137079
100009337500421
100008066282401
100005064125423
100037035363484
100036988026411
100036970507668
100036967418152
100036910841570
100036794178693
100036763310814
100036752991327
100035889615324
100035531329868
100034781059916
100034188342687
100025131301683
100023486590582
100021985654751
100018780973536
100010640116775
100037001825523
100036868663599
100036814157069
100036784128818
100036702444331
100036282463920
100035892120396
100035842013728
100035287117145
100035260941212
100034363782974
100033383737475
100032258541601
100029937023767
100029460701483
100013588448453
100010039724562
100000211271184
100030322358363
100037080516243
100025804308795
100037054260938
100036915699615
100036748893557
100036713592316
100036663765825
100036557506617
100035454048627
100034105849911
100033192073945
100031015594300
100028729846740
100017719572495
100014588323811
100012772362648
100001662735207
100036850843153
100036778608464
100036735470961
100036713932795
100036552294384
100036505115050
100036389597428
100036066353751
100035929363141
100035918663552
100035871919797
100034541438151
100034223432275
100033085206345
100028423246217
100028191544645
100017331702192
100014619489316
100012532627772
100037014602254
100036750134129
100036741500825
100036713260811
100036701513442
100036571511796
100036478304332
100035940285833
100035530280588
100032829643855
100032005543198
100027323433737
100026446050834
100022929461515
100014143243029
100013241717368
100006888573045
100004008684273
100003256290676
100012853181392
100037056690338
100037019042617
100036994503904
100036921428358
100036864120813
100036798162165
100036796456504
100036730603210
100036397429727
100036368131762
100036015170660
100035570766145
100035456912867
100034124200428
100034018340957
100034008589330
100032722390891
100030170595897
100028987302860
100028201478842
100027023537763
100025957668661
100021724935536
100019216034808
100016847492349
100037018082601
100036998284424
100036875081992
100036810638541
100036796636492
100036765438830
100036738799405
100036720381603
100036700822925
100036686213334
100036583838321
100036481672094
100036465203630
100036457299625
100036448809870
100036429965606
100036068956398
100036045782621
100035680761006
100035549615468
100034705354467
100034513751487
100031259685990
100029924400474
100028350647781
100026230031225
100026058602201
100025667357859
100022690832744
100014483085431
100011722572026
100008641483805
100005647693115
100002897312535
100001623857984
100036938286041
100036851741198
100036794924549
100036713870031
100036702440942
100035463412372
100035034579449
100031567746856
100031244323858
100029667733542
100028736092347
100025666355081
100022776274598
100018469414214
100010354322660
100006886152034
100002308102023
100001658683871
100036965854919
100036914254100
100036892839289
100036874930638
100036865567709
100036727429711
100036726017796
100036640236747
100036457278853
100035946857726
100035878535979
100032901503291
100032314038665
100028678020212
100024423038411
100017626091121
100014657285399
100036886563457
100036728862506
100036655283223
100036644454034
100036170420868
100036037089879
100035922613810
100035907586716
100035859375929
100035745707885
100035620932472
100035553593458
100035493044713
100035010222118
100034633030809
100034472084341
100034277091623
100033931923825
100032591507173
100031947106504
100031519985900
100028465834965
100027741381420
100027644717297
100027534797229
100025545246524
100007854151605
100036967471565
100036883510784
100036736729655
100036476359239
100036433447882
100036412777799
100034943749895
100034631490647
100034120742921
100033767266232
100033475776372
100031813908758
100028190801334
100024272562517
100023569755383
100010496711579
100010405427802
100007085655402
100036975061108
100036956495869
100036907476485
100036779444940
100036771461178
100036674782832
100036580901798
100036374974849
100036353949209
100036258289925
100036225842955
100036008272196
100035107110759
100034332377648
100034173710739
100033973844234
100033607966347
100032907759181
100032282121402
100031242514614
100030506413142
100028851291065
100028521512184
100024865043371
100024612789873
100013778617784
100012430338463
100010189336092
100006681363612
100006221236368
100002682960526
100001487948799
100037027410987
100037015831683
100036994111650
100036890768593
100036813944707
100036791745609
100036762647372
100036757247604
100036736775926
100036719299312
100036322177741
100036271842569
100036049295180
100036022455995
100035870252953
100035111029914
100034913934138
100034831163268
100034761501080
100034637703127
100034003985268
100032767355338
100032526610882
100030339081316
100028746852904
100028340761407
100028249125055
100027871164043
100025220963759
100025005593241
100022178859806
100021585203164
100021309078522
100018364965377
100036980224489
100036966244047
100036957515991
100036909789288
100036785206165
100036715578756
100036702981810
100036635844049
100036463331873
100036240574512
100034978718819
100034960981792
100034481392251
100029534228985
100026791293197
100018239852497
100016869706326
100014461203178
100037012951490
100036949714998
100036902708520
100036861190798
100036772243244
100036730129119
100036638881263
100036528795456
100036499761208
100036496877872
100035777354124
100035663527912
100035172801574
100034938820790
100027257273584
100019233486694
100014318560523
100002402813386
100036960034226
100036883328880
100036685491905
100036639653853
100036531614705
100036317283397
100035945420109
100035624418374
100033552472171
100031197931827
100028338410197
100027029118542
100026837084093
100026542881151
100025673332692
100023823977215
100019791004701
100012227617978
100001370103667
100037005722928
100036843372940
100036749224031
100036721309373
100036693682943
100036557566700
100036280599421
100036225364778
100036156300250
100036034926907
100035810854984
100035717086937
100031925738630
100031893233781
100030065105760
100029011566827
100028682619224
100025046709829
100011256341174
100036741197347
100036558797611
100036208934089
100036091071753
100035979263882
100035804461854
100035787492198
100035029221339
100034931742497
100033273382135
100032803394575
100023645828463
100018678705267
100016116276665
100013625984246
100002947212579
100030131370788
100012260465410
100036935915074
100036913326613
100036909606754
100036814781034
100036571904563
100035818210358
100035691031242
100035097050225
100035036025905
100031061120710
100031026231663
100029596841572
100029212833353
100026403434645
100026394142973
100025905994626
100020458474107
100006894782488
100037010460272
100036923100911
100036875133504
100036833771373
100036794138613
100036752476082
100036377850161
100036375548558
100036334903828
100036189464298
100035867311725
100035296061572
100035069524164
100034406292135
100033958727746
100033629655375
100033481565662
100033027947087
100030877330107
100029398367195
100028321209430
100028244702658
100028123098024
100028071606960
100027558949138
100026574978935
100026283703202
100024917713311
100024804311259
100024625597745
100021964903284
100005481966939
100004415221190
100003925695050
100036839739629
100036832600187
100036802032155
100036757634951
100036688668570
100036631733437
100036581663636
100036425921022
100036370793052
100036239623529
100035770673878
100035310713868
100034614062429
100024599554990
100022190073988
100016378068968
100006875505440
100003068739661
100036866131541
100036633587840
100036377238818
100036245738877
100036130054046
100033628808812
100028755887772
100036944552901
100036843879696
100036790447615
100036455794228
100036399363271
100036319007072
100036272119871
100036115291045
100035883843426
100035677578151
100035441945518
100035207177212
100035119940995
100035019426907
100035013884914
100034899787138
100034797558574
100034677263601
100034657774072
100034145102980
100033150812222
100030937431665
100029952340657
100027767117298
100027051134249
100026312407388
100025657530542
100024114709284
100022656827740
100018730537195
100014219193374
100012202022801
100009092321937
100001936135842
100037006920561
100036849038923
100036829629792
100036774584144
100036767353588
100036717492258
100036701269929
100036638692872
100036582256794
100036424395494
100036389421485
100035562413211
100035532376706
100035183824457
100034963833995
100034820979242
100034391261322
100034304842136
100032838019175
100032398441047
100032136047100
100031843231539
100031401184102
100031071974667
100030205722674
100029797871493
100029035182862
100027261074352
100027249382696
100025193510927
100023835802427
100022667949593
100021866980589
100017928187039
100036736516035
100036640582211
100036639922087
100036637777535
100036154277949
100036121534663
100036012128308
100035840623412
100034594363183
100030552884144
100030126909164
100029404158532
100028370419548
100027536139168
100020389726187
100013719887196
100024002111847
100033033422354
100036515031051
100020346875186
100036764491020
100036647289754
100036643123680
100036489045183
100036433460992
100036322807552
100036288291384
100035103491780
100033764800741
100033747525117
100033097800704
100031148195874
100029077441169
100026388700346
100024323346423
100010436168767
100002731012880
100036883710494
100036811502124
100036754086496
100036706151970
100036700780006
100036674532235
100036657795216
100036642793214
100036620161148
100036601006607
100036574902328
100036554464129
100036521946327
100036425652425
100035963294314
100035857732447
100035777106388
100035495534758
100035254201542
100034853169796
100034408663749
100034360144748
100033632381337
100031327004886
100030955023564
100030267727916
100030216997573
100029260974206
100028816844664
100028816080932
100028414192891
100028380666928
100023331021133
100005546868643
100036861571469
100036695712034
100036563000910
100036497393886
100036349640088
100035744076220
100035661586833
100035526980048
100033385193654
100031729846019
100030379808780
100024720274510
100021874809823
100012939734396
100004496047426
100036464388803
100036384459168
100036341622368
100036243908869
100035885061322
100035207649661
100034652130567
100033889217984
100033539538940
100031909633681
100030076412549
100029426765420
100025427744629
100022606574852
100021880733904
100011134544341
100006686895736
100036740587101
100036598066738
100036531920674
100036515171920
100036424849281
100035862259219
100035723118953
100035496228940
100034880116734
100034515497154
100034467292279
100032201720295
100029072152291
100028730894440
100027468128463
100023757309922
100022288901805
100001541851559
100036842641842
100036785523792
100036719650087
100036676003111
100036644890467
100036633285451
100036518662710
100036505643212
100036451133196
100036441683491
100036436824179
100036039970044
100035915213558
100035856167709
100035460649778
100034558686419
100033745877682
100033036007293
100032664709996
100031881841440
100031779947239
100031324124646
100029897113296
100026566818318
100022206483495
100022182394418
100021169803769
100017580640533
100014599714566
100014461656826
100013048541841
100013048518973
100012720787786
100012402960025
100009868036075
100008856722909
100005909915209
100036830310269
100036773706777
100036757322910
100036695442296
100036595060544
100036567107387
100036543892098
100036521242880
100036016865937
100035992656755
100035850861840
100035724377178
100035511543187
100035495844231
100033580998075
100027892170445
100007454894577
100001604701168
100036810935006
100036631901663
100036623717957
100036098780973
100035020578893
100034588416225
100032573358162
100032228864164
100032007019975
100031541632514
100029537382661
100028368517236
100026632473763
100025967093750
100024945562601
100024027257706
100023923569102
100013138839757
100010354746840
100025147131037
100035774522102
100029791176676
100032935185939
100036598564335
100036587806043
100036490941008
100036479721464
100036478941572
100036294407591
100036274245048
100036211760697
100034618654529
100033423528505
100032829893684
100030858731855
100030108406228
100029600734389
100027114844696
100025898553642
100024284389064
100011895497370
100036703207137
100036586694435
100036583094628
100036189702318
100035962133837
100035806097540
100035236128798
100035205141700
100034797602125
100034287228142
100033384975984
100031419547696
100030042648286
100027506656059
100024655432973
100024539783056
100011453902616
100011418650232
100036739985309
100036560862804
100036514759964
100036436612797
100035973150791
100035694671794
100035682492232
100031136297932
100026635924415
100024858587558
100021955523131
100020058002110
100017616368553
100015732132646
100014062599273
100004907461294
100000155885122
100036714333334
100036692619628
100036505341011
100036455170030
100036452568909
100036451334544
100036255514679
100036218735514
100036078585588
100035839361555
100035695981177
100035656261478
100035501088272
100035456101981
100035405580975
100035249380392
100034733795048
100034444763668
100032523301340
100031682269378
100029905620958
100029870979694
100029190591931
100028238381438
100028007704316
100027549070555
100026346486599
100022976981443
100018112443168
100015331416879
100010023571676
100009935896224
100009501313617
100003210316855
100036327433198
100035812260179
100035715557584
100034473977209
100029339630162
100029111893302
100026885901236
100036772322352
100036727385762
100036667509880
100036650770702
100036641740955
100036612492487
100036605224501
100036579224813
100036496547097
100036490219597
100036449480797
100036447921055
100036439791023
100036386136876
100036166849342
100035816562981
100035727363499
100035714139189
100035569143649
100035550962828
100035250963644
100035180087061
100035142857578
100035117928780
100034984042019
100034860977924
100034748893621
100034611923307
100034393396652
100034126183316
100033377873174
100032899985004
100032898951595
100031998939170
100030469022713
100030425467854
100028868765197
100027512902629
100027443106936
100026771378484
100026023417413
100023001668704
100021827176309
100016844319672
100014728271434
100010317931767
100010242766114
100009460624128
100007923313504
100036800281374
100036748264651
100036715297141
100036707947455
100036502745503
100036349158917
100036043329505
100034887858752
100034526061680
100034422441960
100033434901159
100030352540398
100028623573602
100027342854646
100008492621847
100036807391610
100036569686889
100036486409385
100036224889805
100035476515432
100035058233127
100034832430073
100034714205199
100034419452680
100033559203899
100032797053805
100029910110264
100028276010725
100025384696134
100022900183907
100010379593805
100001708899839
100000465679394
100032209385853
100035026569866
100036548717212
100030864281688
100036108910698
100035228859444
100034317333060
100033976388264
100030858631128
100030279047620
100014706066501
100013155078935
100008557157082
100001252413747
100036657184085
100036592062469
100036150647054
100035661840650
100035549433062
100035268289432
100035173640008
100034458374874
100034190323663
100030052673323
100025582173289
100018570275538
100004680917110
100036629049484
100036482627286
100036474013795
100036410079853
100036347264868
100035937338191
100035907802600
100035786615915
100035568647509
100035355221061
100035198717289
100033979272069
100033543616023
100033392165239
100033250967827
100031999163877
100028547342822
100028136289991
100026690513489
100024035177417
100023889039087
100023550036360
100016901885205
100012551223691
100012080806926
100009551135711
100009343468864
100009171865064
100007864569562
100005717956853
100002269759339
100036667234998
100036635738352
100036556531677
100036503860502
100036498363339
100035959802270
100035570491504
100035284598930
100034164190916
100031725910074
100029127335246
100027978981738
100027049536817
100024289550889
100019294157497
100001004520548
100036703501627
100036662494096
100036600157873
100036594455719
100036591637710
100036573844199
100036570524525
100036554951600
100036534793180
100036490994901
100036429681591
100036423439997
100036371633744
100036351103591
100036245362655
100036145244843
100036106032957
100036005011693
100035621239485
100035352813452
100035034975883
100034585332269
100033903858321
100033572148865
100031601717063
100030900660484
100030852233194
100030459033140
100030339380829
100029654263238
100027491325295
100022226252315
100012631500609
100036797160181
100036701706088
100036594101618
100036476989043
100036344613847
100035957884475
100035822925442
100035713401998
100035685562116
100035309044048
100034551907430
100032351114968
100029916998778
100027944320158
100014894320446
100014701936846
100014563277680
100007455402229
100036714481409
100036694473627
100036385824085
100036211117128
100036028757196
100035889450684
100035747957694
100035451063609
100034968465097
100034564520167
100034312206922
100028647229368
100022571051112
100016466887175
100014432356655
100009274677945
100006359281521
100001859581755
100036706471242
100036657544946
100036643385697
100036579549447
100036565240620
100036491084553
100036459014430
100036345635142
100035263032954
100034888727505
100034805917386
100029077581726
100028517033824
100028220151599
100019277792941
100018857734292
100018391965127
100007684216475
100036767490715
100036625263447
100036615160472
100036540135477
100036432828117
100035388721369
100034840866778
100034402877727
100030291188473
100030142635384
100027495882574
100025954580366
100023904338226
100012395561122
100009667052192
100009255184157
100036569194030
100036465068981
100036132408135
100036009169410
100035843001004
100035833342187
100035700203736
100035573611742
100034700582618
100034533755739
100034334860321
100034260431053
100032089089618
100031668080316
100030416716255
100015087849019
100011380691246
100009799293524
100007864037574
100005333645884
100036581641535
100036352816940
100036350717545
100036083612541
100035354214234
100033389327618
100030272838554
100028929607670
100026637302030
100025834702970
100004264125847
100010607981863
100036541115538
100036506013640
100036487116921
100036346540038
100036312619462
100036132113908
100036087756611
100035982648717
100035845354247
100035677740664
100035651778343
100035485309096
100035455967112
100035355863640
100034728816573
100034692458276
100034575111098
100034540997162
100034213130558
100033980270532
100033886927092
100033745099371
100033404743443
100030892519065
100029678585754
100029499735609
100027178726322
100026512331572
100026493398191
100024419660949
100023758502098
100022054580974
100018191852261
100017434154861
100015622089185
100014654194413
100012283994943
100011607126972
100005227486496
100003991028792
100036591362810
100036460144769
100036369407538
100036179071192
100036033563465
100035849633583
100035689773505
100035611560959
100035288797791
100034692790799
100034542976244
100034115286511
100027629768667
100003189005678
100020248333273
100036346247010
100036293030225
100036276770604
100036205611694
100036145623207
100036090682013
100034531548774
100032715983117
100031521045458
100030948428721
100028268497447
100028109120858
100027949656139
100027691073534
100026405177494
100024877380797
100024361935945
100023794024382
100013045775105
100001082013595
100036539913879
100036346576504
100036327617912
100036226343909
100028420234294
100026287720407
100025788334945
100025760443388
100036600150669
100036477486814
100036394990047
100036348077310
100036298310338
100036157907369
100036052660108
100035204534194
100030677020599
100028898732470
100027868192657
100024786849499
100015773538455
100012861884795
100036559322499
100036558002485
100036194707846
100035173070063
100028921550683
100036500162957
100036453096537
100036422859632
100036346544819
100036294289661
100036208403564
100036089866615
100036042887517
100035956741746
100035223607314
100034995378978
100034798006813
100034118509498
100033327761387
100033312375090
100033097275956
100030949622385
100027925961467
100026696258474
100026484587965
100025400107291
100023652450936
100022461605280
100019438149836
100019265343141
100011068419215
100005560485360
100036560251106
100036525633267
100035996205695
100034705994421
100033885908521
100033264160755
100028194093904
100025768144508
100024544863168
100014176180341
100009912572522
100009879307944
100003120344164
100036461134571
100036454291925
100036435485919
100036324345756
100036254660223
100036233482097
100036062538427
100035774228462
100035077155533
100034343913381
100034048749349
100033657017149
100032564591441
100030757713205
100029340289321
100029237210332
100028463856295
100026472397848
100025683134174
100023466584889
100017537591984
100009212797493
100002719609789
100001398039921
100000165877451
100036502532898
100036479103509
100036336222718
100036324405752
100036296497558
100036177892335
100035860843206
100035331845170
100035091499684
100033622089848
100032235369864
100029305881644
100029077470630
100026650267968
100023987085709
100023268338805
100022248886655
100015355057254
100014169630156
100012636402350
100036274157340
100036255108820
100036251416223
100036090624038
100035502412126
100033661072604
100032657270409
100032140205797
100029627493133
100028444202709
100026237348156
100024085996702
100036456544254
100036298756092
100036260116792
100036213441672
100036130508036
100035823660728
100035780562620
100035774478167
100034954131771
100034432640005
100033457283018
100033199312665
100032772695203
100030404093687
100028364681237
100025346283040
100024071684908
100013255657013
100033728734848
100036471902184
100036407288999
100036348429398
100036295780387
100036280443675
100036274487270
100036255345287
100036185402366
100035405536612
100033768439500
100030321113807
100027906291577
100026930080442
100026759031659
100025404840846
100024352997226
100013219424002
100023521568408
100036154341748
100036148788396
100032115884081
100028688266168
100024529673794
100017576178829
100036307660950
100036274003252
100036182869537
100036129791872
100035779532691
100035652144258
100034292705845
100024898423179
100015535028008
100036122182535
100036041714897
100035478769272
100035331133153
100034391511427
100033570815377
100032003715289
100028614580973
100036393993899
100036269080993
100036233773753
100036220275219
100036146119835
100035874771975
100035810430037
100035717918608
100035693866611
100035051602144
100034970359697
100010667340587
100036072982464
100019087471993
100035583143848
100003536524756
100027171645836
100009294210688
100036252550949
100036159940593
100035333478557
100035194284175
100034968644110
100034782104521
100008422268046
100001175437568
100009971203258
100036295716838
100036283537813
100036147550621
100036095921775
100036045084162
100035974782647
100034541752936
100032731146805
100031527458767
100031272198074
100024613114508
100009625146486
100008742092711
100004586086970
100036386520708
100036355861768
100036301952011
100036278880904
100036242885475
100036145868001
100035607504143
100035305809215
100024844069726
100023272230860
100036270180496
100035918061936
100035785480153
100035644571562
100035630259709
100034433119422
100025335571445
100016970887499
100023562438772
100035897911883
100026128035451
100025575552244
100025456039665
100021396135627
100005191870861
100036161765322
100035890161094
100035151724026
100035973973420
100035915975717
100035750479731
100035734580182
100035607560215
100035464248656
100035278933701
100035064826706
100028561290135
100023847371015
100023410545391
100027611233277
100035596941833
100030407651913
100035623865876
100035228182441
100035018469153
100034890404848
100034725526244
100030004990190
100016396120006
100036186453016
100036177182248
100036164224579
100036102666698
100036078454814
100036028873421
100036020504356
100036011383965
100035900764439
100035809974280
100035611561553
100034951313245
100034811687940
100027517749330
100011352195697
100035151544299
100035713450753
100031023593643
100035048053511
100032960925835
100035418306223
100035240603261
100035175624085
100034897179208
100034647943558
100035396739345
100034115237694
100011984206569
100002935365495
100035260725306
100011085096956
100005581684580
100023569247984
100022974348018
100009282220992
100012218194253
100027676507002
100027672422167
100027188022485
100026628559493
100026551991065
100026078614104
100024856403890
100024799592307
100024373357195
100023506364742
100022815067186
100022186604341
100015797912093
100014455961449
100012546223125
100012165811613
100011546085905
100011115881446
100003575953137
100000118235667
100021641724100
100021397566896
100020790941874
100020521213518
100016773811803
100016050250094
100015233730074
100014480013157
100014282866520
100013053007741
100012389671491
100011428774686
100010473107721
100008242292798
100007725815318
100005100339419
100004212169064
100000491555387
100005676288297
100019974554803
100019907799978
100017613256357
100017526078080
100016520854308
100015828270005
100014873075765
100013966129193
100013876065135
100012772482657
100011628673902
100011313365102
100009517936113
100009421451692
100005911608911
100002575026530
100027244175799
100027122850290
100026921239086
100026284543300
100025355446510
100025035903779
100024478821364
100024031307301
100023555046280
100023451438766
100019128961611
100016839432757
100015150755758
100013823651856
100011543648994
100010267841602
100002931711946
100014111557409
100021199594810
100021097363003
100020911907402
100020141687764
100019702561378
100019261788824
100019219410544
100010500934348
100008302340633
100007644826908
100007264301291
100004927209323
100003939226036
100003367659829
100003215635925
100000787592396
100000381508060
100000178049064
100020185656221
100019235944437
100019044848659
100018994233885
100018362835601
100017697430894
100017459501505
100016912480940
100016363477479
100015551475137
100014431578640
100014226221998
100013750538324
100013372092074
100012817748243
100012245508423
100011320470187
100011226454645
100010793503423
100010361179025
100010235314847
100009757170678
100009593088129
100009471494470
100008334019120
100007770373122
100007138157888
100006531152128
100006525854513
100006454158582
100005961100031
100005685348343
100004065739436
100003397694420
100002181052741
100021983714073
100021901810764
100021886833246
100016036094027
100015919388466
100015004054798
100014515067160
100013894304399
100012704552038
100010744277696
100009514422155
100009315329450
100005180199972
100004667653997
100001853531066
100008176000817
100026774140707
100016799356535
100013966874780
100011465749561
100020672529556
100020403542850
100016847829494
100014299682136
100014067870626
100013638374686
100012574418489
100011095127289
100010702544926
100010444296783
100009496281146
100008757284287
100008589097376
100004409565603
100001358434485
100022053930881
100021939076313
100021898963469
100021881362545
100021163427973
100018611868722
100016192965185
100015349722623
100014897073812
100014724783577
100013180663601
100013150894844
100011696733713
100011555468410
100010732549260
100010493984667
100010296126760
100009418457918
100009060336624
100022106461340
100021749920273
100018894212501
100017601048284
100017153779031
100016735037597
100016446346442
100016412614428
100016404183454
100015789375227
100015489842507
100015383386185
100015169338029
100014913465897
100014823945079
100014274908520
100013490524710
100013444033789
100012531158647
100012431103383
100012085688286
100012085687110
100011343622925
100011176686461
100011065903966
100010763354243
100010313891231
100010055745804
100004617314058
100004405123783
100004032135998
100003570312408
100003120485308
100001688263212
100021071640770
100020841069611
100020613876376
100019471324835
100018620835134
100018051302776
100017907640579
100016027061190
100014766930741
100013839436139
100012761199457
100012604337226
100011951533923
100009456865078
100007352192707
100006255518865
100001506312647
100021721580334
100020988523655
100020339102350
100018668222770
100016009724033
100014764842799
100013551845979
100012508308308
100012053778234
100011321439050
100010656843833
100010137134068
100009427127716
100006231094883
100005842443199
100005817665475
100005582551411
100004273472831
