100030439657309
100028619092382
100035443802293
100029414801327
100037695711267
100038104998739
100008156648950
100038238820536
100031879176421
100000613284824
100033917868082
100027683011779
100036729158796
100037278193594
100038107732998
100038182755649
100038404682808
100000620805745
100007836427319
100010493706687
100010914426602
100024523788372
100025177353608
100028198847928
100031644999150
100037002409684
100037014792050
100037147635579
100037714637756
100037452952403
100038120290010
100038396853161
100038132663843
100038450190230
100008458876547
100012388516542
100014821473788
100024943594086
100036518772554
100037900519733
100038427060853
100029322353662
100033517200957
100038184613294
100038194621277
100038396461754
100038301818722
100038408401349
100033583394446
100026229232239
100036750308964
100036552605905
100037279845915
100037296102632
100038252470252
100005865371972
100036168913843
100038376933319
100010619408420
100029163610375
100030516461659
100033196592163
100035181967117
100038081183400
100038263838396
100038278328301
100027900280314
100034930433419
100038140969840
100032282200493
100034384838143
100035909403334
100026071534430
100038347713227
100036584284399
100034460053469
100027700834073
100005391870395
100038077112904
100037597174949
100035235020882
100029405820001
100027909493268
100038220157615
100033266208091
100031815472559
100029959399521
100032236747495
100038370540169
100038016984215
100023839883421
100037193630887
100025580324788
100009731656122
100035915200264
100038081615584
100038116487927
100033605088931
100000006533740
100035567643685
100038108621932
100038174827435
100030196696653
100009501393935
100018818281144
100034830881378
100017217347349
100031124917836
100035352888150
100038002373443
100007494049276
100025965690588
100002792862585
100011133091915
100034935876390
100037619747131
100017405719438
100035359429361
100038055349773
100038136884925
100027990591642
100023755687136
100035342716323
100025621372661
100027398673117
100032416955855
100004081669076
100037849223379
100036445580871
100002730617871
100037980533954
100038030870360
100038190965273
100038076915288
100034048819347
100004690638158
100028523881714
100014045436513
100023450886043
100038231191218
100036996191132
100026807974915
100035083903687
100022998672635
100035750712839
100030854919656
100030690758478
100038031709235
100038175334742
100038219643135
100038242052081
100035764422556
100037720277423
100027283065403
100023002777161
100038266950899
100038249431868
100038222342696
100038213373098
100038293800022
100038112194122
100038225222521
100033888378772
100035506366274
100038210253057
100030816915204
100037707574574
100013635168786
100022512345194
100024853446016
100035975890812
100038247840909
100007789273085
100037882217130
100037828182725
100035760513035
100037492470294
100037967087058
100006492364618
100035978920289
100036028026209
100001755207556
100024409124199
100025299212966
100037233437802
100006669672806
100024328712800
100037864838013
100037938683416
100014028138337
100004061078738
100038132372954
100028123772652
100037402488256
100016332151630
100035700413201
100022544109538
100025380064347
100038159402060
100037957191997
100025861036652
100007456146249
100037830340010
100037092075182
100038122811777
100020171267162
100038077001118
100038152594006
100034033757296
100033673610962
100033594307541
100037598480210
100009818680094
100037089677833
100036078286901
100029976510267
100038136728397
100000369000764
100034713545458
100009414463539
100029372285696
100037455915597
100030577480692
100033416133421
100025246821058
100021524552609
100037455978381
100037898165171
100027366251544
100031065095859
100027538790541
100032922513193
100037970205885
100038058933088
100008098574157
100034356395493
100037984238147
100038038934957
100030627126417
100034210132868
100034584973763
100028481898063
100034798895521
100036250251288
100030200928356
100027795054340
100035029712735
100025033624672
100033018631418
100030085245212
100005140847964
100019886525730
100036300075611
100036417036389
100025377757537
100010893816358
100011112045576
100005718642838
100038050632819
100038088250463
100038129588276
100003614128805
100036863984656
100002561567216
100038041362355
100006841665555
100017566662592
100029576110967
100035464402133
100033398581860
100025560406808
100018791085062
100014022639294
100021843013047
100037989584862
100027752286325
100027814089408
100034710680418
100015994832354
100016747145801
100036296820507
100017330774605
100031392902232
100037835534782
100038099042642
100035810834909
100035831047686
100011213134000
100037376468552
100037913148745
100037958174006
100006203880427
100025094924787
100028773683643
100006584042796
100025859812397
100037587140813
100001652185484
100012613605705
100037777425787
100029617792036
100037968163149
100033948227629
100038065028321
100016403084663
100006937719405
100005412494761
100035117520086
100007445226168
100038139723939
100037300421092
100037416136004
100013351244447
100012970651893
100029059519012
100015540550813
100030301339982
100028183891425
100031981599348
100003204643221
100002162131182
100013246234105
100012663006029
100010978815041
100010696894465
100009034982566
100035795237104
100005722024284
100030954275529
100034655442119
100025084301930
100035297531137
100026167264015
100010501476141
100037906336015
100029273210005
100029898645928
100025964778492
100037473707448
100037778298617
100006009519729
100033718847330
100007029972008
100037866017984
100037909005705
100034130352961
100037969746695
100034526773576
100035838863514
100000062385177
100005492649285
100037930392611
100002689036999
100028325147608
100026135170194
100033712607962
100023263868316
100010361885128
100037211953271
100037546207434
100034575257049
100027891291508
100037383351708
100024833920775
100032980331766
100016938073517
100037838383928
100032035985971
100033043463834
100007906123381
100037485402626
100037521551210
100036585142779
100037959960692
100031310448487
100037566575301
100026398954368
100032132563228
100036836211831
100037794110089
100003079763269
100032135361277
100037843216618
100023788786784
100023380291524
100037674676297
100021458889802
100036270751694
100029345385762
100037279181888
100022014504248
100035857360327
100035237271661
100016224844247
100037930388942
100037959129402
100038064451000
100037292629392
100031605669034
100009587226193
100035121571395
100037640812373
100006363490217
100026704933251
100032548822501
100015599730565
100026989791448
100034121464370
100035474028148
100033979339862
100037884792097
100021474039248
100024726963065
100004788937296
100014941865286
100036074708171
100035982694144
100037688196812
100032333693241
100034565711881
100026587973459
100029549865249
100013916688218
100037923579463
100037963207013
100024334632641
100027619920520
100007287785377
100000097252788
100034678410517
100037930748503
100002304387125
100012846764567
100028126263727
100026529791633
100037968875102
100036897553542
100024619869796
100034482040395
100027856699898
100034586299800
100035363655830
100037760385550
100037937316869
100037221772830
100036055536867
100024853583071
100036286534693
100036419421563
100023842834409
100037670123978
100035540899831
100037161583268
100037372776589
100000923787501
100017267862178
100035744596531
100036053443938
100036111332066
100037796083566
100028358331280
100031411210672
100026922933409
100037740708280
100009468371238
100037846720673
100032776623604
100032339923355
100035381625023
100030167310274
100034972960453
100034313503534
100028222206530
100015203470262
100037231996408
100014845629692
100037821912261
100037881158298
100026681040872
100033121501987
100033258902811
100037625513683
100037630943305
100037793173715
100037849839534
100037927895220
100037919912957
100029919044630
100035947206026
100037247809997
100021923924543
100009081812216
100035982551372
100033713851787
100010956278933
100006042780741
100007261724414
100033889359768
100028121922093
100037628482838
100013842733337
100030238422293
100004069173117
100036970403430
100034162391091
100034988362687
100001660989034
100037035408578
100037779999818
100037822750638
100037954861949
100025005380948
100031035796964
100012222915205
100003827620801
100014991271048
100035209148452
100037170130433
100014971637469
100012957455991
100022262513296
100022467274658
100035520486662
100006545324086
100012015315593
100005760436537
100036753709182
100013726327839
100024746370059
100027137110480
100023205864055
100016574927267
100037802734787
100035982307680
100022767191522
100028541765232
100027560526530
100005257981663
100034544979201
100024784272374
100032096341254
100032380606554
100037178449725
100024600451985
100036212898838
100031768341660
100037603282807
100010119872003
100037788790357
100025280250454
100032724962249
100037682627437
100008452262441
100004838233043
100011550092328
100009293892697
100011417985760
100010496470116
100036148516763
100004611859494
100037634257903
100027019131700
100037681335901
100032720280903
100036555610684
100015079876917
100028362140478
100034396954086
100036166071968
100037355571716
100012277713660
100036980722804
100022600410824
100024099994858
100037721172698
100023011609554
100013595793559
100034700114475
100027521166262
100022282084254
100032933226296
100027609047167
100037635789758
100000775486200
100004990689380
100037735211529
100012790742524
100027656910316
100011407090440
100037548112773
100025747908775
100012484488403
100035985252076
100035926907068
100006906192793
100005427978433
100037167962000
100034077292467
100036887954255
100015375526503
100033217773141
100010746588763
100037705361706
100037732600872
100034938211040
100033866806136
100035627149552
100003007738315
100014283528449
100028828991656
100010956631096
100026587942900
100006592429345
100037558100704
100029149934960
100024769242763
100037593435632
100036471541917
100028398333972
100037498222247
100037806664480
100036607813247
100017373369284
100022426486449
100037793734469
100037852740593
100037527392573
100024332970198
100002519024400
100034952684844
100033877625756
100037717928853
100036242888979
100025849155624
100022539832316
100033576533492
100033546172466
100037457663846
100028094721830
100005071249381
100029140784161
100026179838647
100014793967970
100035236472264
100034474599084
100024066308309
100026860794236
100036597589220
100037505115883
100037579184192
100029467687310
100002184644243
100008197145161
100006466794169
100008200242515
100030665255568
100011326605900
100003716170186
100030732679462
100029465346478
100028488312297
100035147290036
100035469070115
100025256177821
100003814114512
100001942206947
100036199493072
100037226751509
100037496704436
100037611129380
100007303805005
100034205883707
100004282803971
100033527887645
100013535414761
100034514466985
100026753228009
100022443834351
100036008422039
100007050822053
100031449871090
100002654540516
100022654055052
100034273053335
100030969674593
100034569473907
100007391589045
100031666101312
100037258844000
100036495067273
100030523938507
100027326628372
100035220383022
100025670490423
100009493238575
100034285202452
100031504785623
100037405471396
100006872945839
100026527309648
100037535650934
100002852724945
100010761996685
100032859880400
100037410226370
100037630685426
100037611276299
100037654774007
100034609625313
100007378083288
100009549252324
100035532674242
100008231345004
100022454781078
100027421613021
100030111000803
100015192072831
100032985194013
100015474487210
100034522091365
100037377001742
100037336222279
100028710106627
100015992112507
100019122220251
100036288241784
100030157954224
100029000808869
100036446822845
100026455037837
100023474460464
100037599720877
100028969950909
100034508015585
100035869432856
100037292273278
100011260835617
100012166924344
100037171702141
100029774800675
100036396456331
100032923873300
100009577997969
100034719851946
100027272990168
100019078753857
100036962340583
100037606054024
100009171870810
100019387546063
100025643321699
100037480632362
100002569663955
100011030551216
100012510245244
100004388748742
100036476002423
100037045753193
100013453267535
100031448280594
100037439504545
100037337900538
100037517255186
100030793414012
100037317270440
100032189593652
100033634309377
100026363080712
100015332133430
100009505102029
100009974770385
100003164888601
100034255126343
100033730980836
100009593052897
100029561686156
100037581212608
100028516776161
100036192875913
100022677071763
100015384005883
100030780605096
100037299740099
100037514498943
100034287892534
100005622825518
100033165949257
100037501809831
100023826273494
100006452079140
100015372368693
100018058367533
100037214993785
100024530106414
100015008170899
100032974621976
100014680724016
100018852252321
100023496783275
100022244625528
100016927654956
100036453690509
100037363779808
100022916506993
100037243427584
100035944650303
100018884805505
100006425850900
100022935408889
100033301340091
100035352245825
100005760825436
100008195773837
100037319597920
100037447780844
100037562374387
100013083841645
100036416981041
100037419731816
100028239670433
100011788008092
100037310867264
100035649562122
100009432205198
100027438786228
100035205846740
100030399193540
100024982081469
100028993039297
100022146052463
100031669973834
100037354205838
100025823989067
100029375113388
100037066843933
100017693023940
100036126483258
100036352308301
100034757677903
100033768272492
100036108752875
100032845369117
100035606201813
100035162221653
100034644224391
100037294875689
100022621863169
100034982934305
100023475395265
100036483575986
100025926527146
100037488515861
100037561381837
100022711232224
100008333730003
100002493559607
100036844482105
100011288719078
100011798392209
100007048741382
100006579251996
100024493745345
100027280328542
100036198850854
100028459518142
100036421881593
100006654815268
100037013957452
100037341280485
100037411059495
100036265092617
100009838568528
100013230878144
100035563664273
100035030552273
100035402011668
100037363332315
100029839660732
100037148084004
100025848194977
100033518502247
100030553283394
100024824983749
100025162419857
100036865575774
100025368470029
100012153439319
100026746932918
100031804534621
100036739785353
100023561204789
100008641396977
100007791485202
100035245963958
100033587469811
100002497154443
100035231312782
100026860221379
100027292906281
100036376210431
100036919861565
100021942713115
100037115513350
100037320731873
100037515631121
100036005076613
100022414462161
100029784243761
100036941856273
100004426981923
100011586398760
100032479380105
100023752132086
100032674898674
100024116552805
100028095616993
100036490488572
100030819403407
100031881584848
100025068347528
100037512300602
100031044893748
100035528229115
100026006629683
100036323900165
100015907746231
100033697771450
100017161394459
100028236199094
100037049058338
100011553842992
100034124689689
100030841128073
100037016360424
100000720850165
100016683045379
100037120534713
100032492841795
100035284727682
100026471016989
100034662870007
100006022563800
100027416569946
100021867999406
100037323819441
100037018535536
100012260013214
100034525573639
100037212765759
100037370707577
100027292951776
100025023011542
100003785177685
100035485212119
100026985573847
100035645902933
100037159220242
100036737930107
100035841785744
100016737403360
100037362697456
100037389455170
100037027620038
100004513547963
100033280128183
100034508798779
100025154074745
100037378536304
100010249321594
100036892113016
100015580908773
100004518340060
100000636429365
100015256091727
100035622557911
100030265543249
100028615664673
100037434541817
100037131470308
100025330860639
100015500771981
100024222230621
100026834685443
100035809727911
100033006605469
100036912827274
100009260007635
100034897701682
100037327025241
100034400176696
100019275195174
100011784020182
100008267464237
100036914534156
100001710637484
100016868358723
100035213222604
100024590130920
100015294518316
100029184405674
100037101320935
100037371994188
100031892942379
100037300296235
100031680993671
100017906866363
100036075603391
100026143177803
100030641893312
100036631687553
100037135598747
100023485243312
100005172075420
100027035560353
100027629781724
100015293528163
100024100554177
100037018261703
100037203223042
100023465743780
100036895418155
100007962579145
100036105218857
100023813116062
100022590751356
100035648572196
100035738670617
100029136608514
100012330162252
100029721582603
100036055712333
100004784388603
100037143344478
100037098227053
100035118287588
100035988460110
100034322797883
100036458255069
100033680060170
100036980752825
100004790113177
100028639879972
100037023906245
100036479466122
100034774324367
100036365357065
100015385056821
100034478051003
100029651626163
100037218547403
100006176952862
100009563716058
100030700846804
100035504232736
100035477351301
100037090478397
100011194781752
100030273110233
100033154269117
100035888744767
100027417824204
100035916676873
100024171321275
100010808079939
100034622634075
100034366430063
100000610985719
100023881146408
100036595244843
100036906173705
100037251032372
100032570952546
100037224243767
100031878740433
100018522374714
100006698989360
100035552140754
100036221312600
100034709768661
100027238628869
100035005590256
100027520748688
100034816141353
100028514717186
100036863535970
100037036993540
100032343164339
100036926448861
100036971956824
100011465962969
100029262458404
100036011738420
100030833959633
100024750810231
100030512149753
100019566211777
100013896584324
100009545237321
100007601264960
100022994566152
100036919910438
100037142226020
100037154375150
100030546188413
100005060585266
100015677706530
100036064293830
100026932982830
100022082010244
100036819443873
100031463928104
100028290671986
100024376260759
100034184378860
100011053903620
100037070649530
100030808731032
100023747357014
100023145403981
100034208182519
100032046923119
100025503845910
100027520943134
100031675297927
100031082955006
100023964451251
100035589221969
100028891065535
100033192135204
100017206206945
100010611972958
100030310890480
100034498354053
100033941221171
100036057107473
100036941985583
100037039990130
100037093297073
100037138653601
100037196250167
100034831932079
100034404950907
100034674293067
100035915797542
100026277494415
100035283009813
100035672227489
100035398453895
100029450079551
100010224642211
100026771353501
100006262534859
100034435124583
100025044640190
100036742260541
100003964985080
100026124888609
100018193482587
100024495710720
100035687444347
100031458333232
100014866800046
100026672852868
100032969273937
100035591837154
100036122922105
100036907665727
100036986440618
100037009178958
100037022558089
100037066295758
100037154220032
100013817931620
100024539862845
100025969279838
100036223128869
100004454027464
100034719630607
100016238281289
100027365145541
100031996958691
100009468965280
100008991363089
100033607261202
100036580133068
100003471893199
100035949754279
100019142837068
100012896080399
100026358606101
100025991470009
100021451973269
100022924580959
100023958572779
100005385256369
100033359802769
100031326256780
100036521745067
100011001528712
100011592977435
100032854971580
100036767002365
100036788212231
100036855077963
100037035813687
100037138290032
100018350071253
100036417512761
100012416149593
100016946177035
100034509885276
100023480494285
100003613801779
100026652313694
100028757779623
100025884726134
100017873260921
100034118809682
100032940349647
100036463580096
100034640283599
100036995287405
100014655526464
100031955837741
100036615219817
100035069424332
100035496102800
100036833417819
100035861973581
100021898538251
100031026399765
100012285376345
100012984369408
100028273362348
100036217210886
100036866294067
100022158570052
100030438944991
100036918847267
100029248454725
100006787083150
100015530431606
100005769559378
100000121497882
100004624051827
100036742731903
100037028434304
100034491352429
100036498861425
100035643371438
100008140592105
100023409852206
100031584169001
100028889981586
100034411784538
100029836021873
100006966396326
100036619122915
100036829545866
100023986103743
100035395211394
100011653922457
100006507980156
100034986082715
100036857890808
100004303988425
100034066830089
100036663617208
100033309503350
100036911170434
100031423451669
100024208162127
100036060097845
100003650244354
100013578782718
100037036681771
100001060529196
100027665721368
100029227449037
100036899977672
100031073263757
100029506722002
100032376400494
100036616270111
100031797765444
100029698965987
100023907366688
100012619239014
100004784447120
100027864999802
100025344978626
100010433679217
100026792552130
100008375205064
100000806723881
100020643252670
100027022879551
100036821951909
100036860739801
100036343877631
100035857974265
100016387148752
100035284753495
100035258555687
100015623837763
100035333704593
100037015292409
100008875150038
100035888105174
100034287398958
100014359450562
100036661160942
100030559282068
100026603716317
100033369393201
100034565685621
100036862090427
100000064416799
100030352065786
100033653213456
100036478063396
100036705500202
100006477631967
100036192757387
100036044351385
100012967291913
100036385866568
100036640824088
100008149997360
100033874913362
100036612770346
100006434520349
100031245007514
100028662053106
100035718828018
100036614984319
100030687948096
100005932926388
100001649676338
100029375498890
100014507233607
100029042112191
100036065597670
100028606742186
100036253756133
100009376608175
100036640071726
100036329310507
100024528855104
100028349500711
100036641091196
100036671681434
100036966330964
100025364027096
100036634442814
100025090452691
100036245600986
100035066808548
100031036841752
100016972090803
100021824280536
100004521127765
100036059614245
100023277166844
100019158466086
100023493647379
100032219655752
100036502280115
100036719382532
100036772954866
100007311817369
100009567863723
100008252951825
100036555140170
100036874711953
100036191433063
100004115412631
100005571647064
100031241562826
100031729846019
100036474382883
100026102388737
100024362439432
100028177418716
100034798637324
100035154972301
100009323532595
100023659517308
100025147131037
100033674681099
100036339722105
100009269833925
100021746160790
100022442592432
100003256290676
100035278662351
100023473729546
100027254170504
100025612760221
100007446191058
100036382968842
100036014569280
100031757749203
100028939476110
100034102745979
100036003881877
100036078882860
100035651107997
100015658637518
100017143744325
100026967753770
100036527499331
100036541597089
100036555044799
100036671794361
100007336303888
100016499532923
100035713478172
100022892562405
100034195901123
100036232422062
100027094634148
100033910053505
100036502545395
100036540492082
100035531610871
100009201555566
100021935810862
100035883518699
100009649521322
100001938060928
100035499930629
100036444705966
100012087762217
100036277208598
100031576503710
100031711652267
100019350761531
100028257923143
100029999961654
100002466872938
100036181090482
100006441257141
100023139132812
100036273524346
100034973583904
100029696694199
100004172376347
100025197411857
100033376894321
100036542019728
100014639234922
100026164091882
100034907801946
100030591609782
100025410157693
100015279934815
100036094762253
100036301399825
100036512620255
100033097716126
100033863462857
100032694041229
100036497678828
100030485614537
100036205342247
100036473289273
100025850266738
100015857917965
100035548780053
100028530383519
100036328880024
100034280587217
100035452630796
100028555594882
100036263963525
100033550535937
100030473017118
100034649136101
100036322068579
100036387584247
100036497825543
100002124856606
100035905174085
100035840093372
100035459708717
100034404850313
100036440976320
100028583893311
100003376570196
1162122444
100025008785045
100035981026722
100004730297504
100026436066030
100029845235185
100033587981572
100025595832289
100021823842248
100032210887266
100036122223541
100036298172661
100000180423926
100015717973264
100032857571147
100006896648397
100009418724240
100036240619816
100036301875282
100036188493342
1708348651
100035824397819
100035823918463
100036464430564
100035555018201
100000766138807
100024116720829
100006008085676
100035492664006
100036265329886
100021750189610
100000872783371
100035358280777
100007519327178
100034543398538
100002055987410
100035740576325
100001086731556
100004565371881
100035237042944
100036140179595
100036367321574
100005425689835
100012731588463
100035485906501
100036090772304
100013804412750
100014226661281
100019087471993
100001647221269
100002569128499
100001893727831
100028293890534
100027175125145
100004089605977
100005620449627
100035155441924
100015846814970
100025563683784
100035918078292
100036043488215
100036181183352
100036270578326
100036280898452
100011372924098
100029141131488
100004745792188
100036053691608
100036074689489
100009561141572
100016875873977
100034043240373
100035998310248
100035168208223
100004754521324
100014183824703
100035956722170
100036082351343
100035784250302
100035911835569
100034664590396
100029210983385
100036285962803
100012013953510
100035610850514
100015253849023
100034122679113
100035767520021
100007886495797
100009913607355
100035574472301
100034646645153
100032066076848
100002792420171
100036096943735
100022022205688
100026509432473
100024141727500
100010488942661
100024333702690
100034455500551
100034122852931
100035921901289
100009256616902
100034968534129
100000448640708
100022904923067
100034858613068
100025771835577
100035592458315
100035221493256
100015773312653
100003001822718
100025198620038
100035910673541
100029596522692
100036083137566
100036113735915
100031598536758
100028485172674
100027683772836
100007344435758
100036028860966
100024589933752
100035817503445
100035995030398
100025427706760
100022898182069
100025350642610
100002116718056
100032294544149
100035585556443
100023089056772
100027337750980
100014843853083
100026189948251
100032214971650
100026685965846
100022354806918
100035790619859
100035860968359
100036027996981
100026106229828
100015815324747
100035093102025
100013408624458
100025757769032
100027238908475
100012699285570
100020164632414
100033902143116
100035414174317
100022630950352
100029131276652
100023694071710
100032554620806
100035731278084
100029529437575
100029749174839
100025454314197
1405402502
100034866799606
100027961613764
100025408333741
100035433831430
100030465402351
100026863694958
100005733468655
100034273961364
100035619305878
100023749114821
100035114686442
100034141459645
100032303971390
100014505996857
100025751448588
100011578271543
100005891141219
100004176678449
100035609631457
100035665400190
100035765324302
100035797723038
100035915404078
100012362195297
100024506934112
100033728778433
100033183080388
100033482893128
100033452780207
100035431905436
100033084581817
100014218540506
100035395397129
100028301593245
100033465997383
100035769424877
100032708074038
100021719254499
100000537300141
100033464404814
100012045911790
100034622911315
100022236602407
100035674001673
100030782254755
100034064646142
100030839711328
100035183881887
100031751827428
100014088343870
100006128926156
100035646582597
100035613315205
100035489870577
100001910623885
100032843512288
100031550986256
100035466830175
100031762066048
100035283968720
100013278125480
100031742049112
100022345626153
100000846999664
100015615458868
100024339610053
100029572204221
100022562237144
100034610765084
100020045376230
100028555244045
100034030562170
100029995221301
100026901023255
100025416944002
100034451740301
100031266245810
100028423402488
100030829685863
100031319885180
100026683324228
100032968212193
100013184327774
100023489742924
100012235270834
100028376734025
100034371461608
100023090642828
100028470639057
100020602627500
100032135685309
100023323127014
100031636398184
100023610272686
100028060755832
100024612602098
100021907358296
100028088886660
100029470681105
100003403147580
100011409671578
100034060530271
100027733594847
100016822567701
100018688237010
100033842930910
100034122051408
100034554963816
100027283490685
100011583966387
100004081535325
100014232075085
100012573305373
100013661551442
100031091860615
100029175647141
100018878082369
100012835235496
100022858775266
100030518303218
100012378646110
100020408415359
100000601332489
100031046837785
100003933767930
100024973631672
100033189443504
100027573902403
100022365915500
100013641195395
100022464424411
100024759141080
100015536197021
100026417378838
100014507135707
100012164644449
100017981882384
100013039835032
100014969192660
100026593530896
100024425220444
100033762042559
100025223136442
100023622964316
100024599557987
100033145523738
100030690429176
100027646537302
100023088070156
100017209596565
100015305551264
100032622303910
100013289072988
100029019575280
100031164019891
100003562461316
100012544724170
100027131970421
100015615610064
100026976401741
100025507339717
100025260699222
100031766208901
100026813184327
100023640351861
100034402239679
100034055040224
100026804083211
100028605372811
100006441535086
100005348179221
100006570880577
100023713753843
100024747583500
100028324643716
100014823120439
100025535615533
100031211679535
100005969264338
100006016603840
100032743103401
100024425316319
100024209956254
100024980062753
100025343597736
100027748493081
100021970789979
100030470613042
100000977816996
100004434100266
100024612851211
100011524628589
100029372628262
100023167545988
100033527707498
100030774853689
100022679210421
100023372203149
100012493501821
100023640427037
100023181338704
100010027272961
100031725604505
100007305553347
100029361653912
100034779459263
100023203821564
100010910356785
100034415121689
100006455453517
100028413971741
100026916937155
100032940642959
100019201810061
100029154425783
100004466317317
100003820666768
100009680192036
100005827032610
100029458776044
100022229682812
100023433484287
100021814517297
100008857957310
100024586206476
100029095212269
100021982907741
100027971795578
100019265553160
100026680810867
100007447815022
100026995794255
100022287043028
100020825373663
100029149420364
100015018903190
100021588642205
100029416623680
100024953531769
100022291832526
100034004952996
100004484584703
100026710122857
100033522912393
100029937564048
100027694622484
100023909622779
100033965213512
100029563470187
100004718076111
100028555514490
100012358984443
100012620862860
100028776549381
100028489772028
100012506466533
100018463745770
100014462947500
100010731608810
100024475835967
100028603320174
100019315699392
100021887963573
100010788374795
100022522569923
100028133202750
100020868795076
100027957127731
100017475695402
100033156754762
100027959300299
100031646144015
100033134332905
100029289276000
100025689933118
100002215453660
100006660934906
100027755211247
100028518407400
100026172460001
100032828573201
100003378340278
100013662638562
100005493765071
100029873891668
100009072350121
100006426537646
100024507006710
100025176374431
100031228864771
100002501545411
100004045154680
100028117276058
100024336274414
100013481233804
100011271428254
100006007150697
100023192820913
100033262160383
100010292760953
100024843812407
100015103536554
100028224825646
100000926773910
100015844987410
100012611147805
100006412726212
100008102584241
100007405118209
100010908007246
100029798539399
100024445275087
100000070939011
100021696470051
100005834018526
100012776463331
100014101093093
100030941954060
100002168848377
100007914605090
100004683516821
100003479883511
100000152548382
100007644678779
100028094899044
100014879498060
100034735890174
100025746799351
100003570189502
100025943025252
100006788139963
100012255559242
100022089583067
100012193621570
100009819585417
100016322860442
100006132401014
100013280055040
100015657249255
100009672255342
100006778388290
100021456812818
100019685054520
100021902850756
100004998889195
100009235294780
100022082505450
100015777840197
100021614752837
100018525618175
100013427920962
100013956160655
100010132664118
100022093520071
100015586423777
100021803812083
100010523025963
100013555232700
100009104414128
100021517178793
100009958232207
100015369164722
100021139872408
100022297836329
100015228222793
100014061168885
100018055140685
100000008065019
100016307743467
100005888431894
100015772895769
100002613745834
100005258710640
100009296813784
100012678284137
100013766851010
100004279112736
100007884374490
100011332686324
100004059246541
100013907791679
100006780040178
100015464859658
100015073664423
100014019909067
100002515420597
100016403598379
100015732885869
100015794043991
100011398244531
100015571689397
100015523023026
100006511205005
100011302147463
100001058692416
100004533990952
100005613279854
100006072405033
100007198869193
100004682917020
100010050463484
100013246477645
100005425090861
100014442914806
100014365426008
100011655710338
100014133313614
100011899544753
100005874826635
100008054986190
100007240147716
100014079344412
100013725465986
100012144694777
100009265305952
100010169353814
100007571676047
100005737248884
100012371794538
100003647352631
100013971158006
100013497007144
100010493470435
100013512963815
100013842361262
100000072344566
100004774847645
100003379431912
100011386675184
100013724837702
100013709958602
100012505634132
100001720776072
100013779811537
100005529104515
100007422797185
100005251877321
100013526117483
100010245168093
100013491575270
100013471003740
100011766512278
100013505437225
100004724681514
100007586016766
100008641459369
100010283524996
100010475680605
100010219296201
100009895607280
100009566891719
100013156815468
100008186254421
100006658893849
100012405007965
100006388320784
100012411977776
100012047626170
100013072537823
100011765029976
100013139222258
100012698024743
100012665253389
100012633603968
100012974441930
100010473512043
100013029646683
100012688863151
100013130176620
100013223130728
100007251526493
100012791431877
100012587262133
100013140885062
100012109110912
100012191766931
100012902230698
100012467043246
100012027167825
100013213742452
100013234530536
100012078670006
100012266473269
100011074355528
100011773630737
100012297797547
100013024656164
100013050798071
100008507161187
100011744269536
100010508890103
100009086515517
100012356619976
100010577747772
100012910027437
100011054565322
100012291610135
100012704406055
100012880151856
100012853908888
100011611339022
100012807963403
100005897164434
100012824203549
100012481171121
100013294505953
100013196431275
100010403839667
100008960345080
100010457853571
100005777048659
100013062454974
100011798446743
100013182965611
100012817350775
100011783686943
100013025108809
100012040215060
100010641247851
100012452709952
100008268160449
100012411498197
100012127308234
100012658145633
100009343099653
100012754658482
100011284686964
100011611867202
100012707552066
100011960207069
100011719547581
100008295871906
100010079223670
100012590711939
100012899702406
100008462803979
100013289042277
100010118836470
100011734309577
100013320930871
100010296930703
100013021006620
100010807095909
100010367618955
100012823841652
100009036629759
100009847232189
100011423004410
100012530977790
100012896974410
100012827538927
100012369510763
100004804691241
100012277392137
100012811694496
100012355638544
100012687737293
100006831154531
100012320439949
100012513039389
100012292962918
100009934503916
100010662432656
100011499695316
100007939295241
100004248377374
100012184262356
100012844544918
100012837017112
100009023091913
100010917606927
100010611186411
100013134570065
100008939404628
100011490135927
100011655180484
100009668869387
100011462500280
100012901038238
100010728604861
100013187074616
100009156674131
100012674525028
100012799118802
100010919403617
100008607558513
100012812652866
100012570527694
100010613237888
100011782841064
100012634922100
100009563420204
100007464134886
100010414516111
100012726992998
100010332940808
100011764567150
100009262947865
100009002206599
100010694083085
100007742949119
100012703690299
100005068635679
100011413520512
100006867765007
100009019304024
100011446880958
100012463057947
100005907004302
100006466994386
100009370361929
100007437134256
100006771311632
100012941647182
100010165394655
100011890518063
100008114113853
100011095968917
100012480286246
100010358410303
100009608507181
100008236724254
100009836073853
100012709721921
100005935680908
100010216592375
100012084004685
100009473777726
100012068027841
100012993581602
100005337660184
100011631690363
100012628656362
100012335643596
100009829424230
100005615835572
100013024201624
100012221744035
100010425669332
100012798737761
100008136190610
100011429374442
100011644488409
100012942821803
100010715387787
100010054564259
100009612823906
100011199151054
100010058616357
100010198809472
100012929862305
100011018827840
100010268263992
100012521839296
100013013100776
100010728003422
100010522035926
100010675603980
100007869343431
100009073216232
100012938491255
100010041823985
100013023002740
100012102790053
100010669998533
100012936367132
100011253040213
100006768879966
100008437026765
100013067853633
100007855963648
100011940407536
100006149340931
100012326713928
100005677186390
100010197937150
100013039712127
100012623205787
100012601784332
100005628438927
100007881788759
100009922329575
100006149958881
100012118148544
100012190896306
100011391408653
100012901570698
100007844675347
100012521160066
100006306947713
100012702366930
100009470575730
100007249876556
100013033294165
100010907672413
100007883205623
100012911322594
100007180668091
100012757098437
100010889892535
100009862392138
100011326184440
100012253513972
100012764290797
100010117027629
100011435207511
100012577421244
100007983937348
100012286803736
100012270790861
100011802691017
100013124287657
100012521953276
100008099356756
100012377644637
100010687186484
100008976460656
100012836472782
100005967212188
100005557757180
100006049905624
100011580221253
100010883174156
100012992831327
100004844820343
100005704336291
100006197975431
100012774347043
100012788235812
100010304113315
100005860480477
100010347785664
100006900799310
100009520999548
100005479968838
100009332880822
100009029534249
100005042981468
100010860092313
100011704648234
100006944679815
100010899815043
100012465154998
100010329520127
100011053664497
100012898095859
100007078159252
100009464616448
100004106622584
100010182632134
100010575422245
100012577242910
100012813335640
100009745605455
100008337162701
100010417878696
100011563534731
100006194670144
100011153745141
100008836805351
100011243893730
100009704111836
100012840693988
100006205667245
100012392435818
100008064848849
100004165157253
100006410627361
100005535152776
100012690556166
100008205738975
100006268308040
100006433083706
100006161806147
100010322447739
100006636466263
100012080682654
100012132030022
100008183443396
100009533325507
100012745574362
100010360661594
100012872327048
100007640929448
100010938855278
100009667160715
100009144808763
100012716222486
100012765753200
100011235613879
100011934618514
100012822125353
100009280626919
100010027950941
100008972101402
100005261055122
100007792065511
100007393035099
100009549228859
100011699640509
100010984634297
100011691372941
100012810579949
100009459851597
100009506877357
100012854236805
100011233985276
100005087599407
100012997177365
100010015727990
100012181127433
100012111555383
100012353804720
100012317323924
100010126625919
100012228875599
100012882331045
100004455011431
100010666784485
100012524104353
100010298264293
100011244555424
100009330750307
100006592623032
100011559854882
100012767523737
100010481051141
100011748233378
100010092882116
100009988449372
100011697061357
100009500897642
100011443454886
100010034686721
100012879818727
100004526626429
100009108015367
100012917642092
100011097302747
100011311869868
100006129001210
100011710359958
100010609981865
100012017922414
100009733832746
100010615692475
100010847656376
100008500562561
100003270967856
100005603444469
100005004468672
100012654965033
100010469379729
100010488812919
100010806438404
100012018033189
100010203610584
100009719112865
100012712878107
100007217739685
100012660584412
100012143802147
100010178708440
100009676982533
100012274922569
100010646201835
100010306450170
100012673446203
100012711016526
100009296917821
100005398117338
100010993818990
100012874306034
100012888878644
100012889716962
100012934921792
100011077577681
100012252224480
100012932520713
100010365939777
100012214156586
100011160783615
100012946771736
100012842161759
100009098829815
100009128050779
100010740195820
100011662149604
100008856307636
100011690348548
100011537656289
100011042793184
100009586042148
100012122379901
100012149927568
100011589309817
100010307593528
100004798576437
100009410857156
100009211825991
100012548948584
100010189715626
100002039483168
100012723812078
100011671714803
100010197284238
100010705801916
100011332760980
100009490755116
100012479952098
100004735959572
100006908237405
100012629478125
100012209748777
100011806864124
100011659455853
100012523562199
100010191574381
100002903561071
100012472983315
100005937903515
100012490623476
100009526399571
100009277137918
100009445327530
100012662071548
100009273126477
100008536300115
100011750345015
100004068054685
100010644249859
100010408668671
100012514327341
100012909722651
100012511639330
100009412943208
100012960180129
100011346025040
100012194978801
100012160234520
100010397047237
100009596108439
100011742881226
100004847175805
100010382431425
100012285916628
100007161285272
100006108135786
100003623846441
100010520944887
100010409916168
100012678916331
100004250926836
100009760590890
100009994450549
100012606450137
100008124754637
100011252861743
100008720103822
100012655291628
100011361940347
100011106337454
100007631328443
100012191074986
100012436095939
100012752106946
100010934340480
100012668795506
100009452745420
100012774402072
100010430854992
100009678277444
100009870480217
100009604162899
100012789031965
100007885549046
100010131962175
100012489943146
100012898322102
100012099277130
100011029998851
100010794126305
100011500996804
100009883629357
100010010881779
100008131562128
100009209209440
100012135033259
100012874324912
100012108763709
100010047183655
100012208904694
100007288065167
100012166928799
100010378085380
100009693735910
100012718214180
100010469798980
100010411625102
100012229337088
100009891100841
100009333890117
100011475949711
100011764401102
100012779145491
100011901645071
100008624250726
100009329318812
100008445036575
100010495924359
100010214565232
100006705319203
100012716493747
100012519724472
100012552254226
100012588333072
100011258408696
100007726094008
100010648387632
100012201242803
100012674229884
100012907178486
100012709928309
100012617923414
100011541610120
100009594191479
100010240230509
100012855542647
100011230727500
100010852141237
100011498943139
100012034447240
100012511727658
100011956033907
100009453886016
100012632058784
100005094226972
100012610547482
100011248124518
100011543686650
100012819425763
100011530836567
100012864693641
100009283236612
100005622403026
100005936233191
100010734916104
100012126091935
100004419428182
100009104665773
100012020620990
100009891071640
100007408335913
100007656274675
100010590074126
100012621978958
100012292571705
100010495088372
100009233279195
100010069505681
100009455854948
100009797718753
100012834330120
100010769953712
100012507883919
100012767554760
100008156323332
100010100088682
100011336678617
100009802026499
100012370368116
100010032219373
100007274405891
100012555547717
100012846454298
100009711634960
100010718250828
100012642182329
100005686714173
100010844775775
100012859621544
100009359505386
100011506126250
100010094115021
100011764184578
100007385857332
100011230981090
100012687197191
100009578538167
100012781562147
100012171606715
100010599906726
100011891522133
100010608888010
100009664761416
100004942505561
100006175597583
100012672244343
100012873750892
100010332852067
100010344709267
100012756318996
100012627127369
100010368301621
100009937605359
100007835766939
100006788500035
100012730570489
100012792129823
100008778828150
100012307743108
100012621154072
100011475833241
100012556272880
100004193162599
100006255585696
100007950529009
100012057315518
100010466853808
100012200401909
100008027114344
100011742962010
100011323952299
100012431200230
100009972857961
100010612691595
100012556786430
100003978713244
100010755633262
100010676230346
100004915860263
100012359741016
100011185277621
100009330932491
100011980961795
100009748205816
100010033364877
100012566414122
100011780092879
100010114844155
100012085261898
100009280076712
100011189295429
100009304863230
100005848960170
100011992065224
100010824489027
100010972574712
100009636640115
100011381897623
100011880755029
100012313654120
100008448906283
100008290114598
100012541235395
100010183814222
100011240052240
100010218873194
100009389182930
100010185883205
100010150560186
100007059436443
100012692193753
100012000467509
100010369698504
100006013062141
100010585572540
100008940787838
100011058130143
100012140981825
100011679869641
100009125858200
100011081565158
100011513013995
100011066445118
100009294544077
100009226224339
100012140883300
100006371235682
100009429655548
100007094229644
100007823744925
100012255046031
100010079501959
100010168800238
100011161352085
100005941143503
100012607991090
100007696876024
100010539109550
100012515773852
100010146303879
100012575800258
100011414758398
100007623575982
100012229127313
100011781430075
100011093564066
100010063748598
100010044759797
100009310099777
100011096586306
100009386627178
100009352428981
100007388597732
100012377836404
100007496598639
100011029513617
100012293024952
100006112441368
100010728633286
100011723207119
100009248732766
100011429008103
100009432256738
100005359366518
100009569829730
100012171660254
100007704827955
100011697548602
100010329847288
100010729144071
100007495607211
100010608496678
100010453866288
100008946618394
100009818138026
100010628839134
100010675807731
100010964942061
100011474858747
100010722482352
100009722442530
100009231152447
100009389155314
100010274347644
100012460183097
100010474938856
100012512359455
100012215015763
100006747975546
100004492834993
100009461081098
100010178166901
100009899010342
100009403956267
100010131193920
100011157820222
100011361611053
100011503513044
100011284297778
100009316844176
100011427736487
100010689857380
100012052391194
100009262316134
100012184448492
100011124963563
100009169129343
100007541294402
100006324194121
100011117374886
100011791545752
100010457232401
100011659657679
100011545664908
100009723336568
100009901962462
100012207729716
100009094222967
100012779432204
100011813283682
100011193558576
100009013798960
100010779156567
100010712925756
100012146820957
100011715788493
100009483940862
100010176666329
100012174520715
100007617100334
100006295471340
100008343541262
100008417708124
100012166333599
100009161822660
100010167227211
100004273890204
100009626795539
100009202678588
100012301275523
100010447807248
100011915294567
100010595977193
100010673287784
100011266242393
100010071255339
100009776620754
100005663401113
100011527144496
100010807723623
100007285277773
100010378324603
100007969487128
100006564108694
100010425332560
100006549707885
100011264534006
100012364127431
100010052973826
100012086232015
100012313532844
100008734744948
100008265165795
100009823986769
100012352809131
100009299655741
100009407071905
100009812838947
100004198457842
100009787276010
100010630476386
100008041517003
100012110416669
100011655060002
100011526614682
100012284598759
100010946460491
100011990926634
100009366914974
100011267013345
100010581486516
100010432325788
100005999857388
100010889821547
100012168258740
100008135343069
100010143185395
100011508942626
100010181619746
100010193319456
100011416698524
100007294511738
100006949330210
100009534522947
100012321791296
100007856951001
100010269491850
100011100948812
100009714493150
100011167110474
100010140373312
100009227111002
100009168324192
100008871965310
100012433960936
100009897811375
100008476841819
100010266818440
100009655068206
100009498129761
100008215895618
100010509033853
100012677081782
100008182579467
100011421640455
100006038613543
100010059798549
100009772623697
100011247035629
100008260360848
100007247178330
100011627562731
100011716546744
100008468314020
100011410289752
100009907784550
100010044570239
100005568255731
100011257568215
100011257782213
100003505279755
100011676365291
100007619044424
100005082557304
100009523727399
100011480991642
100007159027446
100011437090672
100011301818288
100010805221006
100006985323832
100012431047479
100011424623717
100012167290553
100009652088455
100010036682743
100007387294989
100009179619984
100006375036317
100009256448789
100005151824067
100007509168651
100010513899509
100009454736289
100009447221702
100012516559367
100011439490109
100004244204996
100012145772873
100004392092966
100004967236321
100010650164944
100009181937588
100012245764718
100010709235270
100009520729184
100012232992443
100011685488431
100009355876404
100011478583215
100008894712302
100010626739534
100008414558033
100008209958568
100011706592284
100004262298456
100009744903859
100006005557220
100009610410855
100008194985839
100012423493069
100007209046311
100008268934709
100012362913505
100007840112478
100011408157824
100012058508011
100007955915846
100004240786463
100009522230301
100005941272893
100009664215846
100011090585391
100010202885940
100012250890906
100012173263884
100008863293239
100010908494853
100012106332444
100012350318497
100010225891321
100009297323922
100003828633047
100007957153541
100009671746006
100012395224032
100012454309193
100008997134444
100012251954133
100010963053685
100012499576209
100012232936981
100006058455867
100009205106325
100012039422595
100008180795555
100011657964810
100010414937176
100007758069250
100010872819533
100009415851118
100007317489326
100011401172273
100009677730114
100011464602596
100010305161422
100011606988254
100008700828416
100009231091483
100012779044491
100009574492181
100011774798049
100010294576654
100011209759319
100009997536655
100011024343956
100010630572608
100010260938462
100010398661326
100009744786764
100009301199238
100010602490860
100011476851365
100012351161896
100011780503200
100011667410986
100008141913664
100010373920134
100004575873222
100009432438919
100008455363196
100010549966178
100006294949308
100011896982410
100012515708182
100009661421852
100011395352662
100011025525028
100010950104800
100012484300170
100010648842903
100007110335347
100008895587528
100006914409943
100011467659020
100011400920557
100009569292865
100012459849321
100009928141709
100009208330512
100008531524588
100011920698647
100012144348678
100010948172000
100012193713430
100011203001110
100011313810008
100007726663282
100009116533217
100012188551850
100011397863911
100010841022097
100010138276544
100011013183541
100011296327144
100009972908542
100007905932245
100011241794021
100012403116398
523889976
100012369553220
100011434061231
100006377671535
100009197071876
100005137368038
100009065307514
100009578707413
100004891809876
100009160488321
100011993160269
100011351464412
100010054860513
100010526044608
100009660753155
100011941726547
100006767461675
100010145289472
100001110854867
100006786884768
100011506879505
100010480593796
100011464000174
100010210876746
100010160640836
100010079648563
100010660386443
100010755548959
100010729601657
100010662876176
100011172788190
100007751103533
100010109344227
100011409925431
100010472892242
100010945938963
100012318603718
100008668278762
100010633869563
100011719900412
100009420789869
100010930261175
100010315845899
100009694264464
100003946454544
100011099797272
100010925912006
100008488484049
100012197105290
100009155430522
100009645043779
100012358332678
100009382234656
100011188957585
100011219059090
100009294677949
100012632791315
100009194881389
100009295795868
100009593017553
100007893845264
100008561748453
100009782989491
100011476774445
100008270415419
100010738058102
100009488838830
100007876269754
100008374995030
100009353182519
100010645519295
100008201802064
100012134079148
100011258163426
100012083719775
100012565570146
100010312545184
100011429514094
100011430436730
100011862633187
100012229778859
100008423679370
100009751115661
100012004803910
100009933826177
100010296900384
100011211008730
100012009133475
100010085167039
100010487771908
100011239744821
100009148652130
100009498292273
100009923328635
100011362046231
100011448910924
100010060301200
100009372329740
100005532765331
100009462799642
100011865792979
100010002761740
100008521925141
100011662915061
100010031524157
100005004670628
100009167282730
100010305947638
100010998758370
100011935696438
100008735880726
100007240924304
100012529152082
100012261221657
100011329350103
100012356431775
100010954089599
100011673246961
100007944435120
100008181182887
100010006023995
100012022740099
100007780262773
100007239798974
100003029375404
100011266006687
100010737487211
100010365733019
100005278471555
100012399247927
100012232842177
100011934678488
100011478841522
100010173782389
100012135307982
100012455051032
100009324140638
100012117521924
100004419945944
100011047003502
100011600327015
100010553913786
100011130372157
100012435333009
100011527867964
100012444631492
100006234524766
100011967377920
100007570544383
100008707560493
100007591084858
100012080147139
100005225118935
100010229867222
100010746761078
100011057890744
100011164189436
100009572375956
100006034217519
100007740435043
100010561125777
100010184823290
100011379956069
100012391922877
100010855816629
100009792815424
100012083040520
100011537370158
100012071710624
100011127794259
100008418556480
100010151685262
100011455066921
100012277572272
100011761009333
100012131688184
100010667704106
100010354414643
100009366314879
100011527938308
100011801617180
100010040466443
100006250635133
100008475213835
100012168368498
100007630622091
100009645402068
100009688090057
100008913281542
100009538487182
100011980474499
100012241605048
100008034064841
100011043169516
100010765124012
100007832086752
100008463972324
100011524413464
100010629699653
100004337716661
100012394960434
100009432159499
100010755193461
100012389825389
100011407159926
100010658261118
100008264502742
100009488147143
100011385323417
100011624761378
100010575725345
100005213925855
100009262977035
100010238625083
100011799039111
100012245052665
100010607325704
100008110607461
100011166017062
100010037987623
100011756813423
100012243283836
100011616857594
100011385951573
100011611200988
100008127570311
100011482185273
100012181111764
100007077168571
100010924414560
100011608159497
100008890576263
100009661955173
100008034010175
100011210552591
100011485057114
100011670558252
100010714865067
100011582558061
100009921854206
100010726178698
100009414084719
100009763775050
100010579030754
100012193877941
100011100228280
100012401074118
100012396211061
100010264624431
100012302377222
100009774648431
100009977611343
100011715635864
100009910725134
100011556433992
100010191664242
100012283866689
100008948053760
100011546712864
100011072470827
100010397833282
100010579509292
100011782423817
100012260388526
100012408368531
100009339858421
100009637396901
100012270376689
100011223998835
100012096814245
100011162653409
100009365488606
100006286440751
100012354971931
100009475998236
100009334208795
100004625232809
100010392904727
100012593340476
100005284327762
100012020172457
100011625249002
100010146400977
100011381509420
100012139414053
100011148160497
100011523305626
100011446883463
100011660659422
100011183714998
100011535692150
100009725387785
100010334825239
100012186275143
100006391446346
100009340022137
100008140755834
100012160064884
100011080622667
100008632302851
100009440238363
100012356291849
100011539865701
100009720310013
100007948423758
100012181084912
100010113102317
100010664174971
100011326906604
100010806933665
100009256447610
100010781140425
100011199918614
100012007509729
100007317821520
100009963124299
100002849699140
100004673859917
100011816736255
100011260864994
100012098749170
100011653924571
100002751608212
100010514767680
100009149087485
100011050578554
100011585479247
100006981132809
100010012451493
100006224525283
100005423347833
100009759691567
100009618343869
100008078899293
100009812677614
100010288214778
100010758512311
100011470125730
100006250277782
100012133511333
100011532242705
100009195039047
100011719068898
100009761027707
100010708631397
100005149234440
100009295910400
100007232615885
100012391514754
100010673746891
100010995436855
100010424712432
100005830541501
100009585281328
100008846773063
100004530761296
100010599581045
100011700611204
100005248292897
100012337182107
100010775324084
100011464807865
100009341779636
100012233501516
100009939071817
100012274635439
100008595916836
100012164012063
100012268718700
100006972882975
100010585808755
100001560276220
100009996310714
100011221573445
100011856044754
100004853078209
100005400764186
100011872416035
100012347348218
100010834756006
100009890743511
100011973915201
100012412088653
100007366328407
100009307949024
100011227547356
100009747101907
100005247288500
100008848008314
100011271667225
100011113625628
100009456525454
100000303216683
100012146989170
100007413392277
100008146537533
100012170257496
100009248173739
100008066884285
100009783370348
100010201296780
100005522805398
100011388969995
100010727382421
100010467936351
100010440824888
100009375647799
100009856530758
100012289834590
100012289204892
100012236824162
100011292850268
100012155203200
100009287544140
100011969147970
100009422871795
100009308377032
100010391340714
100010640505311
100011624141049
100010905093833
100010839553877
100009684248482
100011627473723
100010369009169
100009111164279
100011721345556
100005799993984
100010584668035
100011645714182
100007126657913
100009445258911
100011131244008
100012163003804
100012145873396
100011787473522
100011211966010
100011159683040
100010896043476
100010593090415
100011574964561
100006050624937
100009970488611
100009461242352
100012031546828
100011061940258
100009182303132
100007647738613
100006394113708
100012346653512
100009905116044
100008297058494
100011966569094
100010730471075
100011264744580
100010783213271
100007701725326
100012152359015
100011047471427
100011874504129
100004984993653
100009629285631
100011942293524
100012124806963
100012092899813
100003654990767
100010439886223
100012091725154
100011418015200
100011524351389
100006800651268
100012160475231
100009290730407
100011967821611
100011274307770
100004085256356
100010406642310
100011920543373
100010470401803
100012189526325
100006481851953
100009511963259
100009166788436
100012146229366
100009144177113
100011789451596
100011929909463
100012125079418
100011679104468
100012057551230
100010361854534
100011254144669
100008248173970
100011573105180
100008244228794
100011319699335
100012180840825
100011820572476
100012356342357
100007992047913
100010687233899
100011521959572
100011288293707
100010245942553
100007948924357
100005445271484
100009339610958
100010747997891
100012113406608
100011845080484
100008977665250
100010680000412
100012166905949
100002601856292
100012254354584
100006272988006
100006032417811
100011384116983
100010353633251
100010152339472
100012074322470
100012079562504
100011329583772
100010655942582
100011762134600
100010437524765
100011423065727
100012188616564
100012131196887
100005969352951
100011708641379
100012159616310
100008753477723
100011984237894
100004651189295
100005409427053
100007660423552
100011847574357
100008111831458
100009662601335
100008566598029
100007887403799
100010837085512
100009471527557
100004439535741
100009439719756
100011345547827
100009198356162
100008847675192
100012139116264
100010038285898
100008660746195
100011342709560
100009862121406
100011470894988
100011959302186
100010480248993
100011082967867
100012072827997
100011710040816
100011526131639
100011078200333
100009950709876
100011283035076
100010405480463
100012074084071
100007173703664
100010075841719
100011280370660
100011373903523
100012054765906
100009233448829
100012153643130
100012266252790
100011312700765
100010950121662
100012017868259
100010860218454
100011502198909
100005074170486
100003070608923
100009863443699
100002036037716
100011687012485
100006187368489
100009599793149
100007844972406
100011333881214
100004644257634
100011365529962
100011333706106
100009232461471
100009507398087
100012159583463
100011611218193
100010757711373
100009518815295
100011814285883
100008110309167
100008912194847
100011837253776
100010077313493
100011024370060
100010645323734
100010426159083
100010185853828
100009241152212
100011360217893
100011791443546
100010040288440
100004114306215
100009333138308
100011406161471
100010626482969
100011972385189
100011355431910
100012045814315
100004437047072
100012158385641
100009895576722
100004326848211
100011115583561
100009304096899
100010682775519
100012155465242
100009106195910
100011331369937
100012027700799
100012089263955
100011232286779
100011625707433
100006050629101
100008275296083
100005577709284
100011184361867
100009002440668
100011862051301
100008310227470
100010400250234
100011801190508
100010683819610
100010561006066
100011057377863
100010910134499
100009246626122
100010291399174
100009978455953
100011186864762
100007988770053
100011415783313
100010124864364
100011801460086
100009334257403
100009875359354
100012257730423
100009693038420
100010662662626
100008257260562
100003995885451
100006297435353
100002565278850
100008654014645
100006596821977
100005185216313
100009397911155
100008082886982
100007518750886
100003067018602
100006907080994
100001869130572
100009272861353
100008949887906
100008751903762
100008965927461
100009205529975
100003465062204
100008268797356
100002229572642
100008217825146
100009438223142
100007512937830
100008155692859
100009754621629
100008034637474
100009092818704
100009316169842
100011438678382
100008862308775
100009290495309
100006954192061
100007003031287
100005582474936
100006748933794
100009841953713
100009027231068
100007822933928
100009140876314
100009318052366
100005854207672
100009780315482
100009535149564
100008528715779
100003354360765
100009594413517
100006902291987
100007804843760
100009920800354
100003724368873
100010009756921
100009654274533
100009635616501
100008463463925
100009860710573
100006491183810
100010312931335
100010377218563
100010269404427
100009311605430
100009593619123
100010466555550
100010246057805
100005897628894
100010422398623
100008029515691
100010473129672
100010559736805
100008428920639
100010611307676
100010697432433
100010459447637
100009139644601
100010264655891
100003962313312
100010540454335
100008309893480
100010373555492
100010693533324
100009537204090
100006969732442
100010552453413
100009705369809
100009319008994
100009361453757
100008317231339
100008208365176
100006852043874
100010564724784
100010643071741
100010661885867
100010598503512
100008311418872
100010720324316
100010017617338
100010749348351
100007025475992
100010353122807
100010695317345
100011364478865
100002430249727
100011135474476
100009934650017
100009635986448
100011974579610
100010880739703
100004418735113
100010880589715
100010777003331
100010754647359
100001130787679
100009080248967
100002167442916
100009898184707
100010881108121
100006511270723
100010656404896
100010264534054
100010206946200
100010542330489
100004939247489
100005226345638
100006276578474
100007991281178
100009991576771
100009401192959
100010042620505
100011325076205
100010420721164
100010963320910
100001854705389
100010087860502
100012068736369
100009227290845
100011614080918
100010997747403
100009816100912
100010545729094
100009567338183
100008725306461
100010678355253
100003114736763
100006076307010
100004547869062
100004570932200
100008868289320
100009751549303
100009441096146
100010212845143
100003786966629
100012089145191
100010753304495
100009440095121
100010224649077
100010719275051
100011969598805
100011617360312
100010842521292
100009585005292
100011933386181
100011491879443
100011664217502
100011067001038
100009081199611
100011415891051
100011215331611
100006311440446
100010640773846
100011245140757
100009410953856
100011216764153
100010446619221
100008173215008
100011474970964
100010296790213
100011943157896
100008831863597
100011859043616
100006061592528
100012027001165
100007977701111
100011303883255
100007937471698
100011652283177
100011416910351
100011712131444
100010842187649
100010867892131
100011769931542
100011996533354
100011540163206
100009573939128
100009727034449
100011795522136
100003063856521
100009736785679
100008820557204
100007646955094
100012075399206
100009987996129
100009202820239
100010765578212
100010671220014
100011967882712
100011762892163
100010326993843
100011913304339
100011729882216
100009526731814
100011762141584
100012085332072
100005020687480
100009833796333
100011933280345
100009181598464
100011615050644
100012168992527
100010134709371
100010648935259
100011722780457
100011544960939
100009850759004
100010921569232
100010969006003
100009776746712
100008865498947
100009013575555
100011797404297
100002500868139
100010477440333
100004802795973
100008710085879
100009383380834
100010449154242
100009913128606
100010306444658
100011734654804
100011632240731
100007855775492
100007745015189
100005561355145
100010494341839
100002947596195
100006174318370
100010477205405
100011898405000
100010924394118
100010117147041
100011829975342
100012203701296
100007402574814
100010366538166
100006777697109
100011164236500
100009681826823
100011421819622
100007938097477
100009221185211
100011735554837
100010730355446
100010893665376
100006376841424
100004316747540
100011804198799
100007220747720
100010445866904
100009481819041
100006912762425
100007611040318
100009613093803
100008475068410
100011637004593
100011800478995
100011974571306
100011056216373
100011690506744
100009882608027
100006614403139
100011792081354
100011857834464
100010485613624
100010280378439
100011884236930
100009830958263
100009573432273
100010149104899
100009040402713
100007482493152
100010023196833
100011233392169
100009104114749
100008529559009
100009391176028
100011829482460
100008278056169
100010560162218
100009855816049
100009690408410
100011494052191
100010726177390
100011756141498
100005604704187
100012009421841
100011787674076
100011741643156
100011056534483
100010078783071
100009312958451
100007308521255
100011424347055
100011567407181
100009901501520
100009680646285
100010168152482
100011746816758
100011801105348
100009173908385
100011647744841
100009315596849
100011882823219
100008472188884
100011721258140
100010328551726
100006006858601
100011099898727
100011513054387
100006751547363
100010138508515
100011663685463
100010134993089
100011681316030
100009824559801
100001634422225
100005660314411
100008549431081
100008073252410
100011265722419
100007459899230
100008072268347
100002206448333
100010549836620
100006927228745
100004088205385
100010750626997
100009433498638
100007258879181
100011656223785
100011268217779
100008068445487
100008890234436
100008010580917
100009082777144
100009400822967
100005481695900
100008470722419
100009122716607
100011388033845
100011516674066
100011278352191
100007292798034
100010173070178
100006186342296
100007479885130
100010270862245
100011245930908
100011314298686
100011113850209
100009337492907
100009427342440
100009312083291
100010136708959
100009111678110
100009935316647
100008078887287
100007693539895
100011388349040
100011082552331
100010195380019
100011548863091
100008418246046
100009092291961
100010863314709
100007268984768
100005005124848
100010386493593
100009255349125
100010487356857
100009121307201
100006527223264
100011284871006
100007752633466
100011649960201
100008402341039
100001897579426
100009469365083
100010566519395
100011353525878
100011673369874
100010787025916
100011287719037
100011737643091
100005421409022
100009480831621
100010444748849
100011148936771
100011432801034
100008558734055
100011378659829
100009633540566
100011229760133
100010213329636
100006217067502
100009658263642
100011158421905
100000733036378
100010886173657
100009910606301
100011335880247
100010609330733
100009414652923
100005737773464
100009523716972
100007371608468
100011885642985
100010585845881
100011807828098
100010978600339
100011795434072
100010765474510
100009091737668
100010773816635
100008541095035
100011038775895
100007433145444
100011885917837
100011867377673
100011635354026
100011662380438
100011778136098
100004937234862
100007036741700
100009322570512
100000637240429
100011215960612
100011472494399
100008927498038
100003887107017
100010463139137
100010562285554
100010701973612
100011113334175
100010595761874
100011967570443
100011626486037
100009356202756
100010964531509
100011619634576
100011462175621
100010945660146
100011989029488
100005599155607
100011572637382
100009802722699
100007676431908
100006807015473
100010141514713
100011345993093
100011750200791
100005117254682
100011205668437
100011067759789
100010807650496
100010244806227
100009814988310
100007845736413
100008115759703
100009272182977
100011859811360
100010167215005
100011255073080
100011110985047
100011140805192
100004535205956
100009838961164
100011436499481
100009510111873
100009461197097
100011523424975
100004563828041
100010173611169
100010526852049
100008307760461
100004734940394
100011364620038
100009297927819
100010473939703
100010924484873
100006552219148
100011758921742
100011464414950
100004409415400
100009475704523
100008248398268
100008728157598
100009135314285
100011687551000
100006449041779
100010218006255
100009579076779
100006303156715
100000727927762
100007973177257
100011415680039
100009835323914
100005998728753
100008790012920
100007390484081
100011662682909
100010261756715
100007112294905
100010959812127
100010269344523
100009466285005
100005720236097
100010519781873
100005584937086
100007107915125
100011747131843
100008940767068
100009847185016
100009179266247
100011417435844
100010303639088
100008925881932
100010631085966
100011007995698
100011381978221
100010799655309
100009449409932
100010759952493
100011136183636
100011590180890
100011330733347
100007175226552
100011805909737
100010861896608
100010407137739
100009988903418
100011892811835
100011439094896
100007590588661
100010337233938
100011606552045
100008071819206
100011488445904
100010376372369
100009263654810
100010547190051
100009819916992
100010388701434
100009879705808
100001761847777
100011075615538
100010469354319
100010330446278
100011271037175
100009565241635
100003290872669
100011487930733
100010781196536
100010699725693
100010216847217
100011586127756
100009850243654
100010589176102
100011134512973
100009614451387
100006012887489
100008742991197
100007979228219
100007286264737
100010289653716
100011364512177
100010850353818
100008784705833
100006050086795
100009096665094
100008037646819
100010897021128
100011655166186
100007516532176
100010594350335
100009257154375
100009966885949
100008618290505
100009527109455
100008709936174
100005735021567
100008983664979
100007815373256
100008728446320
100011146997523
100011495207030
100009667636423
100004186157675
100006190176256
100004845308903
100005276176621
100004292624894
100011213804129
100011794874114
100011019931574
100005900827940
100011244465571
100004254197663
100011620216582
100007666990044
100010485132960
100009959024273
100011833085101
100004540696246
100005667101607
100010577102255
100010547682070
100011614307018
100006208575480
100011634124659
100011693657284
100011741173117
100005153325491
100007513545507
100010903957672
100010472507250
100011362952296
100009433874875
100011761694627
100011510431034
100009509391823
100010580778153
100010798123836
100009516404833
100011658650588
100010831081602
100012061741258
100004578637304
100011199841954
100009108443749
100010498651467
100008479812168
100011795594428
100009538358978
100011414470214
100010849207495
100011883819844
100009792481845
100009695346556
100011331050867
100011086098107
100009800940860
100009148466877
100011462207274
100011453574196
100009489355305
100010508475807
100007328656152
100009904241651
100006159815785
100010413452543
100010093459399
100011004882853
100006870990833
100005580859032
100009980980654
100004841806806
100009955750550
100011631106063
100010636785524
100011365624583
100009242232417
100007876897274
100010082283368
100011785479191
100008463243774
100008213255590
100009331820122
100006323707568
100011226882951
100010908216310
100011695326990
100008783492864
100010844569243
100007221127258
100010594510563
100011061551097
100007122978312
100011001391208
100010930607146
100010297060153
100008794638259
100005236332378
100010828124034
100011081050682
100010043823742
100007749608251
100010193295728
100010908190166
100011181487793
100009203479445
100010583071728
100003989143056
100011126594574
100002943587469
100005607633262
100010777278664
100010513965116
100011271996418
100011030973282
100000759544655
100010801954479
100008014358952
100009467166483
100011149278427
100007372920523
100010505256869
100010513599603
100010843999115
100011321370122
100009856413744
100010603516152
100010610706886
100005951351149
100006813009641
100008183917465
100010406950484
100011157244643
100007338914741
100005405945058
100007432127509
100010538316892
100010675060521
100011327594786
100009612261970
100010691108049
100009395725352
100006447487148
100010872825243
100004320435584
100010850443610
100006745546932
100011521324516
100010351901732
100003556964990
100010292892119
100009740478043
100009672461516
100003871279035
100011097398031
100007843472497
100010850795015
100006966304601
100007754291544
100001065402853
100010218421369
100009477109279
100011182158585
100002506320273
100004559294973
100011402056751
100008765809498
100010760112047
100005169705621
100010505200516
100011458642325
100011288948091
100008540440310
100011584901895
100011554689843
100010615835721
100009901035861
100011703375960
100011761133819
100002409494204
100009356957886
100010228416744
100010264785349
100011005963607
100011653482140
100007613053385
100011776484337
100010796343301
100007167936083
100010665454351
100010413795694
100011865728203
100010697611526
100010924174590
100011374389813
100011363128789
100009984527222
100011763606550
100010231030979
100008281923828
100011428938797
100009761851653
100011074904010
100010260394215
100011376524427
100007945037826
100011350098377
100003737439786
100010479638139
100009159702568
100011199273995
100010579117416
100010378995945
100010661147818
100005749246471
100010559288281
100010451686198
100009406339092
100011368330648
100005358288093
100009262120726
100007021516898
100011534162589
100011105910815
100005292338024
100009899148626
100010554190949
100010672277895
100004705020088
100011346806814
100011373165078
100011411724145
100010520731937
100010874257543
100011375834841
100011342114722
100009711873337
100011363019433
100009307379501
100011340120679
100010190408718
100010742192137
100011428525846
100006881163462
100004492786893
100010195954983
100010376195799
100010181355399
100010204173877
100010963751321
100009929265116
100006833674591
100009451121010
100010683514290
100005765701529
100010811622314
100011140365565
100009275423376
100010001977775
100011548930410
100010436564766
100011587489103
100011590141176
100010865686202
100006301578995
100010682642661
100011511331091
100008386424129
100011651319379
100010811704808
100009468978260
100010313082334
100011588658984
100009738611364
100011345226611
100011453073557
100011691910625
100008104667137
100005952426116
100011529583353
100010700986094
100010076411862
100011490670130
100011151520994
100011238820749
100010178530451
100009925683703
100010656512482
100008040360909
100009175348876
100006118248708
100009321301811
100011819285455
100009812808141
100003677235384
100011660781702
100003072960290
100008166573055
100010338883550
100010863079035
100009438508644
100011695625465
100011221240967
100009106521259
100008432714884
100011399976832
100011258957406
100009475946650
100011748671449
100010091581805
100011642053023
100009044137171
100009963368776
100011696394830
100010905582016
100011754430120
100011241962944
100010469895121
100006331570304
100011569488013
100011311156092
100008083804440
100010197932235
100009957857057
100011441063682
100011375233200
100002156757253
100010135969281
100009521271063
100010861957472
100010797630453
100011614123001
100008133302299
100007058591504
100011727907929
100011509181498
100011336978645
100011145793506
100010822935986
100011574310687
100008875304954
100009737261136
100005843948240
100004975698173
100005276806028
100007398558248
100011733938424
100009337195146
100011199220748
100011065693469
100010964010325
100009807600097
100009633580000
100011862481724
100010178493023
100008848777620
100011451042674
100010058263952
100010457439520
100009433442990
100010991892867
100011570614051
100011420153365
100010377671983
100011792796296
100010570236764
100010690890645
100008318023879
100009563927557
100009393851437
100007580416038
100003463076547
100009236823095
100006244724668
100008010871032
100010397800714
100011368279833
100009217902549
100008742246323
100006487285282
100008225194868
100003217156912
100008890272893
100011261166772
100007384144412
100011170442855
100009547416837
100010998136527
100009919204385
100010628436305
100010112523466
100007687456824
100008169282250
100011510320561
100009859001940
100010930749959
100011770084499
100011459899320
100011173955815
100011038478984
100009251383894
100008362563971
100011249160947
100005132058881
100011115492420
100011479064101
100010110912831
100011532285948
100011431144403
100009446461283
100011530835644
100011494485488
100006437817070
100009842471864
100011784812081
100006083179162
100011541660520
100010349882802
100011372351723
100011155236894
100008645710681
100008035802535
100009691008507
100011227811120
100010119344759
100010532897880
100007031170496
100010188754693
100010549442254
100010688252560
100009267902684
100009508146076
100005839422216
100009181326456
100009239841820
100009759468619
100011084447755
100011778722251
100011273917030
100011304558302
100005276017435
100011518536354
100011460261881
100011216747125
100010499716166
100010908093928
100011030435674
100011400934952
100010635972928
100004623492570
100010034802996
100010096722447
100011324525475
100010943702269
100002984084355
100011349040525
100010277793154
100011670330659
100010924714482
100009587928102
100005516898210
100001595312428
100011235550364
100010752064616
100011330307544
100011281966535
100010964557557
100011421577817
100011422368425
100008874879926
100011585700773
100010806437626
100011724872119
100010735141238
100010894457153
100010877054578
100010588717179
100009837224709
100010749228366
100010232523524
100004153215450
100007718897241
100011304362468
100011404049113
100010398434818
100004884941725
100011518900481
100011373038940
100010626672853
100008810772347
100007974636136
100011362207937
100009816613244
100007891338392
100009593050395
100009971379381
100009166917784
100006318767288
100009047217831
100010580149009
100011376955183
100004057158311
100005919165457
100010652079756
100010987597922
100007467576713
100008497028608
100007972115830
100006620595278
100006197656530
100009760007986
100011346778505
100009586215826
100010086469455
100011547846603
100010137072942
100007677436826
100010611489739
100011410992761
100011620956708
100006736726731
100010079859480
100009948993536
100010719844401
100010291120677
100009384857237
100011213166418
100010478193426
100008888205043
100011421013521
100010531542626
100010598052813
100005476245692
100008796404306
100006208952442
100011285943853
100010477653381
100010047334849
100010935120137
100006481062838
100010229640652
100011405249993
100009743747438
100011222701575
100011242367524
100009143926752
100007020671938
100010281615519
