100034059495063
100035222735780
100014700455026
100035694516362
100024853446016
100038174433981
100000688369458
100028054302418
100009908659169
100026252227736
100032342254483
100031953612586
100037802872271
100035828976978
100037491966798
100030810773972
100036406853177
100028206301983
100037806217816
100027222030345
100027158977884
100037352536262
100029340289321
100031265712934
100013523291934
100033193084955
100027421613021
100012483000755
100036718313247
100033670055341
100027344424339
100008109075329
100032979470568
100035956327587
100032011280986
100037024579228
100022861335961
100019097173291
100035562112061
100032941756546
100022819041805
100022838325090
100013235564952
100014636530984
100001769963699
100010724554650
100035131967064
100033745504711
100036832057234
100004094315437
100010241745063
100036030457455
100036736142961
100035695981177
100034288133760
100025277273023
100026383880658
100025301683204
100026645616689
100032070541065
100034340807342
100036442297124
100023521872757
100004029188300
100036452469516
100023099822175
100035957896917
100025905551004
100027896531993
100023630058917
100025376551405
100030869240030
100035571877017
100036082776900
100018929612674
100035507773554
100035727706901
100022279271682
100025360290391
100012187838739
100032920912651
100035934006303
100033917422023
100033241313784
100000691219560
100035311351065
100029772947817
100034997675912
100031677755473
100033301907953
100034434489920
100035643675147
100018775022332
100009301700649
100021836587334
100033296263268
100029282616451
100035365007524
100033559995341
100027019073430
100028906036516
100010936710886
100035146770270
100033289750417
100025657020353
100004671918836
100014945220652
100028840681692
100030048877635
100016059403646
100011264494293
100035535072198
100013414819414
100023384888728
100011259129054
100029776202114
100004557736772
100034789452574
100032796434773
100024065134033
100033556519948
100022416681862
100023337484430
100035643392949
100013910926402
100028076739866
100004164280900
100032857458385
100031282699684
100028597725434
100035258460931
100018581194694
100030000924201
100030157602752
100030313033110
100024599917587
100008167604448
100028461100714
100012472534095
100033179710956
100027189103816
100015770672725
100008185246661
100024764867382
100022459332133
100012248045697
100031763400882
100033482093534
100021536270717
100027114711937
100021737139565
100034291219381
100028200937247
100034238482979
100011333656935
100028893934225
100029368818622
100031216911316
100026179815692
100033889656839
100023247558557
100021479835030
100029385930544
100013385348121
100023714749822
100033834696311
100031366308063
100022937266823
100033982756425
100024419623860
100022864803561
100013936518136
100033234949888
100033022783883
100028815512724
100023328520455
100033874034882
100030116001722
100023165201490
100019657354805
100027838699164
100034839845382
100031154797656
100023275097523
100014232310077
100011709242114
100034422180777
100018590174642
100024272348474
100012416163806
100026228174309
100026894418306
100031920851406
100033373681436
100034582685516
100029218866198
100028500458440
100029350992463
100023976699299
100032629395321
100030775248945
100013491132205
100028088853501
100029231135773
100018411619409
100031349689266
100027903405812
100019969267192
100034447666580
100030082002139
100033681562520
100028286231407
100017359516496
100027258305534
100021396194376
100011551207786
100032828411185
100030375586259
100026583008082
100034562508616
100018809794719
100029195445503
100032499736029
100012792876385
100011718124785
100022012952051
100010417777516
100034109124361
100029509688171
100032253080946
100019876876889
100031391536852
100034349932525
100033693529828
100015974861018
100012454590875
100034208472368
100031176676299
100025941221730
100033988592679
100022182758454
