100038081895873
100022515992578
100006850934683
100035947970453
100012516583253
100029153348515
100037964380163
100035294106731
100030241039510
100024470144603
100014637468140
100012279246700
100038048887392
100037935583941
100034764450474
100033972882776
100021857273434
100018729930196
100012259390509
100003614128805
100033425483638
100005288284943
100037134456396
100033027199749
100012855673251
100003237381855
100005720625483
100033622050322
100026000182801
100024166570156
100037406901466
100029365669050
100028362140478
100028288331782
100021061895878
100037813714396
100037768052584
100034664381910
100023016970376
100026433574157
100029619404492
100015670745257
100027421613021
100027335986799
100022301614276
100035060229319
100033195102455
100034618928306
100027426441948
100022419527247
100007554345922
100003347504871
100034886923482
100023350417432
100010753230365
100019158424082
100036891353119
100027731075112
100017678410585
100028685600172
100036860922414
100036647591322
100033212964004
100029297860086
100029114355422
100029057779975
100026854441218
100026490616761
100025338024398
100024863709178
100024472792710
100019172716639
100004991254759
100028461755819
100028283011318
100036114281045
100034891193989
100033793060954
100036248750062
100035456423191
100034028229585
100030503282544
100035958669385
100029677485654
100027399523833
100033675916778
100036618610125
100035361202392
100034157133908
100026158295447
100013504206952
100035367671181
100019100585086
100012126311861
100022728922500
100036027211874
100031852729509
100023735204710
100023069932599
100035264272663
100034555727421
100030107297171
100029071716418
100028388356040
100025944755525
100015360709075
100007406711331
100003901096830
100001082072564
100026609649983
100023870252720
100028005996245
100035516148713
100028108263475
100021941012362
100001020310411
100023274970056
100017320788030
100031673120073
100035298768238
100027260334107
100029576027114
100021747619973
100016367298381
100029958681988
100027475429121
100033660849576
100011460883594
100002188488142
100026876081558
100026434717067
100029018851681
100034809760258
100028028706297
100028334566765
100021957204032
100026825836565
100033627360967
100028289616985
100023728523864
100029962667701
100015769752644
100017375679589
100010621982014
100025017734268
100006298849209
100028935524604
100028301593245
100030154712530
100035091961054
100028268463628
100001332924511
100029359760835
100029117821671
100025968740951
100034803577230
100034830887580
100004159594676
100008375251679
100012718366653
100031729339826
100031658706389
100023854545046
100033902350101
100017267400283
100016026974539
100030026083753
100024937905615
100023018468861
100015291878028
100008774526075
100026964661198
100028685130625
100034939924371
100030318660784
100024324222190
100002423739594
100034680849416
100000550262756
100035031330390
100014876528419
100034148058307
100021849031399
100030750639498
100022998452180
100018953624773
100023937221091
100024296820622
100022141352231
100030584228912
100023198228251
100021967814444
100021446771570
100018654078306
100011474950694
100000742427283
100032809680557
100034973971308
100009450814087
100034722408572
100023258633462
100018407239080
100026779262843
100033805251548
100014615376807
100009540924651
100024131561847
100026214907579
100012541302016
100016521420776
100031781333242
100026845094518
100023188560501
100025737320629
100017430990733
100027600891891
100027130568654
100006685326541
100029811286472
100017308366567
100033337069600
100027889806330
100034665291660
100034948080827
100012570791583
100002106622883
100027240248367
100003658322896
100030647299638
100033857243950
100023507719106
100007629198701
100031561295702
100030347794743
100027920796845
100034704374548
100034816600453
100030042841871
100024349098626
100015199334420
100020155711627
100030098613343
100028772742712
100019353961711
100025681247871
100008294353644
100026087326310
100013334623277
100027754230914
100034752968701
100028513608776
100033386362625
100008168078398
100034717844896
100034624912023
100034602054035
100031822835721
100013973820381
100030252992377
100024272404617
100033486114356
100023429986527
100010301296018
100024246392540
100034720629859
100021853358071
100008653871726
100034710815884
100016562951350
100026178068500
100030995254794
100014528259016
100026379210769
100033728274373
100034040221809
100034582403502
100034868794505
100007131515801
100001239376744
100006254101614
100012850172199
100029112038288
100009471793923
100025338167239
100032647747961
100033331123473
100025274003907
100033361780827
100023603148634
100021830229816
100023800382045
100019641750454
100019336024200
100033093036439
100034813895296
100001845882558
100034476543011
100033219677853
100015171528888
100009133813831
100015907294660
100030607000038
100031955088468
100005077578967
100034785907109
100024409999761
100034596036858
100018376230473
100012362442257
100015226142670
100030014407961
100027757218500
100034475689877
100032576634133
100018536912742
100017119451681
100026198628520
100011936194890
100029225914791
100005838213160
100032527122025
100029535563863
100008893544283
100032351850341
100025159427679
100016747277909
100033875024575
100031391448323
100015856361066
100016167484690
100034817824250
100033259938401
100008866840031
100034631204022
100029525994225
100034731571743
100019749246557
100034694352331
100034616139465
100025296699185
100023534160268
100010956784329
100030079756389
100017444776837
740486940
100033272347504
100034695247206
100034409017381
100030175281111
100023781570227
100016269219853
100010391141120
100002611682941
100000933933153
1680350378
100033347713053
100033413504643
100005671770174
100031103176070
100034390808914
100016940520961
100013790921031
100034640970559
100033458741695
100033439821510
100029315377147
100000230364630
100012830584025
100031424773156
100034814881541
100024821479630
100029426569966
100030889235094
100031298270332
100033577928732
100034729712240
100033966820915
100033583854322
100033118787344
100021889661493
100002957173177
100034839631542
100023520497248
100032247522549
100028620992774
100007369419964
100033484445321
100033908658379
100025841182566
100033272892371
100016587762305
100007088881182
100026512117530
100032675530513
100034657232776
100034497924194
100002051139972
100030163874938
100032096228481
100034547324736
100032051946875
100025771712573
100024468583407
100024991476935
100034636214661
100034676741853
100033983673204
100030244224166
100013028493112
100027521710162
100028228960871
100007316886509
100006275893239
100014737267867
100024120767893
100023581095269
100008314480521
100034652593314
100034747116760
100015171437687
100009802500147
100027163905062
100034398524921
100008588989432
100021834402597
100016510740226
100020274107045
100009165804921
100034160160507
100025971301224
100018778054902
100021352729933
100015239070465
100023368603648
100033607880211
100029734989445
100020852800931
100034540819844
100034806542363
100015315753080
100012915421269
100027981851087
100014650123459
100011784056405
100032072507767
100021631193572
100016358551569
100033918077696
100032026427606
100013784625703
100028362592141
100019398246524
100028468269930
100034714806698
100034569256311
100034555608594
100034481051389
100034459463750
100032461922602
100030658213009
100029349004038
100021619504139
100015024916519
100014502187617
100013220135772
100008753436515
100004939413271
100021618303636
100030980331859
100015720974420
100020752170886
100017859763250
100027077160361
100033339279847
100000640623815
100025046441234
100025425514235
100011735814174
100029806951662
100032327594711
100032465792359
100006421898909
100034550018196
100034645292739
100009778751296
100009508480677
100024174039883
100025670023297
100033141768749
100030563742538
100031875157283
100032930433768
100026643393359
100015147818779
100034277859014
100023895840128
100010971158980
100009723060508
100034493706242
100022404159277
100028231840416
100025089652995
100034371800433
100034445985684
100007541418125
100012670089305
100011304337228
100023270133337
100032104973645
100033250883498
100033415780812
100031438262884
100013462665312
100030972362372
100022812904153
100024076277165
100029713280179
100025974394298
100029758873982
100020890607032
100010289382522
100029320233796
100021185820380
100030459574488
100024793357492
100007143964090
100014731051067
100028092884349
100028029253466
100027389790139
100024209822548
100027532058979
100009399284287
100011214887142
100025611128447
100028024453075
100033319241170
100034269969463
100010018629914
100029239371826
100025416165396
100013546175522
100016073768518
100023077804526
100015693284829
100009270895079
100015040216912
100012823239073
100030005771653
100028249397865
100023254950714
100028124690335
100033767376663
100023627706276
100029118078730
100028973784189
100029659561729
100023644710386
100023823312656
100012643426534
100034365946496
100026829920534
100032578631883
100030504514357
100033026048243
100033936464601
100026559612779
100024925356198
100025078413362
100016754014717
100034081193059
100023814661856
100001042855017
100031224841170
100034105551437
100010105117678
100017682992672
100001767841459
100033619338129
100009714491595
100030474879286
100013583236281
100028376348608
100003942621439
100034265450774
100029710162841
100024253904553
100033599386865
100022087426104
100031384523498
100034476605617
100030268188346
100006605178273
100025339444963
100012355085466
100032594502212
100019015365064
100031281892641
100034214062406
100034434187993
100021868802579
100032991390554
100013181145409
100034524361906
100026444902842
100029591978090
100025456129457
100030898425868
100024748971208
100016279149121
100022482321870
100008091150074
100033058444777
100021929950466
100010128435027
100025961431664
100034526490161
100025839529842
100023859976289
100034004174944
100034389394738
100014362743598
100012860827854
100027502282479
100002537565544
100009591049853
100025061227088
100022489934539
100022875160625
100013128169127
100015102705764
100022338853115
100014114740174
100027134000161
100014490288242
100028417034844
100034125143768
100001531584637
100026985313127
100009817531677
100029083247139
100028698096547
100004113612534
100030099426953
100022270298515
100013307945897
100023970765605
100023183596962
100017585495996
100009671569941
100033666734743
100033983132194
100028899707866
100013412910054
100025740002671
100031489884203
100033301670507
100024533567966
100026106006312
100034277231554
100022600388514
100023009419206
100034230704173
100012393888323
100015259813423
100015019083822
100026438833624
100029939941909
100000144370697
100013599914211
100030415333950
100017832791087
100032761941854
100014359772206
100028924984450
100012197011020
100033652940292
100015691895639
100034247291297
100034303237343
100021343697487
100031800787769
100029688968088
100008559332736
100034192328796
100033897369591
100034242640844
100025278458518
100034062682451
100023457997775
100028782158308
100024716990688
100024433110347
100017481940713
100015703530143
100014762141408
100034262821276
100019375482131
100029051378195
100022377641561
100028322867580
100034274167142
100004756233383
100017983243580
100029481282164
100031274080896
100027846466068
100034212909795
100019339518294
100030901011145
100031885998197
100027507706982
100014053291098
100024935320512
100022858666290
100027171427206
100028132982098
100026409525788
100033764506067
100014436337957
100028603333921
100034296872343
100005150820470
100029964860141
100033390184470
100023905043059
100030589658250
100007619070962
100023129057069
100033644560107
100012832096570
100031572930954
100031824407580
100032221879202
100029161997520
100034051031249
100033890739950
100031963631813
100006953468343
100025759090635
100027041510081
100034043920846
100003747296094
100009958962377
100028026605516
100017992868782
100023554490336
100034193136585
100033993827943
100022010597154
100001833910129
100032879564217
100033244622842
100021644691083
100030456217175
100016920399177
100006183276340
100025621399730
100025193464524
100030025237399
100011088284419
100029474703277
100023475668338
100030979354265
100034151227280
1741262052
100030888102300
100033957631456
100033336100888
100000122932860
100032228504567
100029178602458
100033828383075
100013676613225
100025312636137
100033254982815
100025322882826
100017153403107
100026718990551
100029163739422
100029639084256
100032660977903
100024100989041
100028754596893
100018658208218
100023705723445
100002181980443
100021168844216
100026885551605
100032096194965
100028574746702
100026493062873
100008345852377
100033532391827
100017402625680
100015788989050
100031203652615
100010015031519
100030612136118
100003567556133
100010433566844
100030840210315
100024955057551
100017595910416
100032259109868
100026447107292
100000741770076
100022033279705
100024151476923
100033099503978
100029664646334
100025205950560
100033824418481
100001745932272
100021920089813
100023495777638
100029891437620
100021548387989
100023409758242
100033727148227
100004799384559
100030853065407
100022106025222
100013624681026
100029185547839
100016168350911
100027508192702
100029991219659
100028436563185
100015723664694
100005610347016
100023298019987
100027338825107
100024528938859
100026336719805
100031235734672
100023961160331
100033743670049
100017315230109
100032846866851
100028154530500
100028834281380
100001935019766
100028683502706
100028094901377
100030085419516
100024984811014
100016038159057
100024488754114
100021719254499
100022978583839
100022620005260
100011493392507
100022197133430
100033458529455
100033861811909
100030271650583
100026454829344
100026060980689
100024410821125
100030774151334
100027643500418
100021382832059
100025557875912
100023862559089
100022976430180
100016433108795
100030440570264
100031054606143
100021484754623
100021865022753
100022255936593
100026091074640
100021921528231
100025573881901
100022109556894
100028002885274
100025481672742
100027042463682
100008222617484
100027690855982
100032780271504
100025791577651
100032654475235
100028497724544
100027571592272
100028297387528
100030242053321
100014870316573
100028328882441
100022093344256
100015471042339
100021471410399
100015439841037
100010782131910
100017690371831
100026247736465
100003612582040
100030065358065
100025898240212
100017218656261
100013052624742
100011551338933
100018056206021
100022240786819
100016031073986
100016147004751
100029551387978
100009925157554
100025739824692
100001223823038
100007261535790
100015478787312
100004007417208
100029544369925
100015107850970
100025342295833
100012773951486
100022998432976
100023068572211
100007436224582
100025222298582
100013743130128
100023523036116
100013753141615
100027033948082
100005821008522
100021817921451
100025897220270
100029028486036
100021927473584
100022147459384
100015249005359
100010466100904
100013940321044
100006194732612
100027087559973
100010945140171
100022608940709
100013933025673
100020797821379
100029815968319
100030985934592
100001701196250
100003646044540
100029304455088
100025920699337
100017207774788
100018408492672
100013769559686
100016487257561
100021970042036
100014941296665
100027947955423
100009914288938
100023726317080
100031120222249
100027023058343
100027521180153
100011792214590
100003538467498
100030494617972
100015695136698
100031144344383
100028925866602
100025254682907
100026852208705
100029274293337
100024708383744
100025438866621
100029608639966
100016298380323
100028924535789
100030234511253
100017979393836
100027440014403
100025433058140
100008198436975
100023748143759
100016078961712
100030704791628
100013994258643
100017024560650
100026895320105
100011367649480
100031362573540
100015912331949
100012532148097
100024524722890
100030428561627
100026513851915
100004418054525
100006460546104
100005868541956
100003318819902
100006269177638
100004353674042
100006733234688
100025814722336
100015334210984
100026415140957
100004908854169
100015239529034
100025219747382
100013530903489
100028179643641
100022306332449
100021938679891
100017774419466
100024846219838
100016694431571
100022737994542
100030518239012
100032243467724
100025615007170
100014839301287
100018385368271
100001686073469
100030748500504
100027358724243
100025958830063
100027024633371
100026616563087
100022875758296
100022064839441
100028316400183
100031079960279
100027429553168
100011440689177
100016386582334
100008165162407
100014714169510
100024997601043
100007562683868
100029492894997
100000529494414
100023275756885
100022964418342
100021112123283
100002301820344
100021420363272
100006643547455
100016180909231
100011681385481
100028272762382
100024082241608
100015939853242
100000600987379
100009813558871
100016809574479
100026701633856
100024804257467
100024951240065
100027434611852
100012241809199
100017960136080
100025257991882
100010239136167
100028035982539
100031772779654
100024975383466
100010375897666
100027703161366
100007853475595
100028901506722
100006598188550
100003805890731
100010371306653
100032636773285
100027541847080
100004624658263
100009046430800
100010835079763
100005271283242
100032060734383
100024821181308
100016941846933
100027443032398
1771920882
100005877068613
100007493839167
100006486928046
100026462075497
100006729259297
100005317743128
100016376472866
100009326800834
100001361535791
100033116017973
100013804995753
100029152821096
100029463948792
100000488835030
100015594851339
100033158444520
100000478639787
100001548951713
100006583661410
100033075228963
100033285965779
100033232350541
100031842914503
100006532454303
100007438634355
100004343293742
100015135963392
100015153312782
100024943956995
100026415943321
100028623999709
100014714043098
100030129349661
100010647511980
1295857567
100023174767874
100033132934493
100008195434651
100000362795193
100011535003891
100032948350413
100018382007170
100010771873597
100007172826168
100009991696116
100020260748314
100030444431110
100008134663462
1647902170
100000581242331
100006690377227
100033272262282
100032320506133
100033321287904
100033693960256
100032752299156
100011222494614
100010488379424
100014779175739
100022212544952
100023602295049
100010688645326
100000122337699
100032961821912
100028502932687
100025288083287
100025124509900
100010890726717
100021752093244
100007675774645
100005964938559
100003558123574
100008398145082
100029317962058
100003726591205
100013398158667
100004102732632
100031396424890
100022495690203
100012416175624
100020574942086
100005225295741
100023548995565
100000644676457
100030486802290
100018677410448
100012904308155
100013335137078
100014028698708
100009489186479
100031465205426
100029949006641
100003756467165
100001849724863
100002636621375
100027828817235
100016391956763
100012334185950
100013161936376
100002535946690
100026584641308
100006762736206
100032210809567
100006069367383
100023146733225
100032162075673
100031573603996
100003862874100
100018546525060
100032405100755
100008273106146
100012145126563
100013274382332
100020360194892
100027022070111
100016304912184
100031969650004
100028773127528
100008287402294
100004602903533
100031198899589
100011434653718
100003483130965
100016364494166
100022996222056
100004581458907
100027055901276
100018490804554
100014971484477
100027497536504
100031500455537
100010862946151
100031763201426
100005103795881
100012984406678
100006560252157
100026726884574
100019022051722
100031053498350
100022397507250
100004280299178
100023166558945
100018754982842
100006525288148
100005050065064
100026197305052
100030115460527
100030492108589
100030608466075
100031421435694
100007416511138
100022107320456
100009163466064
100000156686280
100020065055122
100021724028998
100018008103997
100023746381842
100028028025376
100019921326746
100012192128516
100002197607796
100014622251760
100023483407362
100025116992980
100022286092758
100023897976089
100024240726275
100023940181758
100018638618380
100023831778007
100003772195929
100008889437893
100008815968841
100027031508277
100016685688799
100023783616186
100021613754725
100017102234546
100027261610581
100021775891778
100017713874315
100020700431724
1672069755
100004709118713
100023816139004
100005470548717
1505585362
100029849763734
100024505904914
100003310599091
100016947482641
100028864506278
100001506306118
100017045688606
100006758760711
100002089875502
100005895998248
100015851658237
100004124886625
100009818220908
100015067411196
100001054573578
100006138521679
100004348546783
100028163021925
100018482020735
100026109922959
100025499405942
100023580016492
100028965075413
100013214790674
100024115102721
100021787650884
100000625290412
100009537790011
100021549400595
100014669315877
100001196503179
100010712051388
100012168460095
100011217780180
100001488610434
100010425498126
100024873721264
100028221702413
100009918375110
100003679737397
100016769105968
100021883928589
100029230262639
100022811463283
100007515720037
100011980982184
100010347690712
100024545914415
100001207816316
100005960501612
100001061437384
100000317842126
100027400476110
100010514257505
100023118489093
100024155540752
100028192366974
100014622768937
100009489550176
100008602032840
100025899168123
100025580582970
100022504724822
100022628412202
100023230666351
100010468200294
100027658851201
100026891523410
100023244288710
100003489370847
100005705465596
100012286744793
100022363232132
100023574016551
100022927401812
100022589527143
100002524286048
100016787350296
100023976706116
100023571909946
100012513341616
100019178257023
100023620801382
100023443299046
100020629124659
100006686252095
100019931023718
100003762154293
100010610433379
100024596385686
100012870403259
100024220873539
100014260446366
100023070107984
100009518936718
100023808305515
100020360055048
100024021348607
100014399101526
100003252300509
100023554275547
100017414312239
100015305520461
100024548702737
100026995373321
100022393238411
100022487959284
100022106539246
100023097561125
100012502426225
100010078249125
100023389659033
100016528590473
100026972916291
100022210860468
100010763806755
100000363512260
100012108527531
100010276750077
100023548748417
100025022172192
100022383100605
100021960124182
100025225463641
100021387075770
100000606842644
100023875100775
100024514578427
100013845581158
100013703374610
100010338432348
100022849191845
100023626213273
100023258947448
100024227165217
100015039006804
100010620631881
100015707739282
100018497433778
100024461131422
100020096057284
100018785589652
100016683995654
100023310864169
100022405960205
100008727069020
100023808735070
100015267819989
100013612203916
100024021341418
100009073976885
100021366468875
100025092053499
100026365389187
100025670626057
100014609057195
100024485640759
100012861224260
100001617439584
100023209721992
100016474219058
100015147287865
100010103715673
100009106889412
100022673914921
100025875289624
100003361160105
100021127674259
100015371651214
100011304431145
100024541992625
100024461791493
100023885745910
100011561670567
100009724639482
100025351454752
100026116457602
100013481441633
100022057401904
100024894340329
100024805001485
100024838911075
100020150913009
100024584491759
100000746765836
100022190319900
100024646832483
100009708692487
100022647432346
100016016113592
100016491301058
100022129960846
100000840872792
100024224424182
100015665373351
100015330484189
100021245681643
100016503871581
100016172620584
100010869487978
100014273949832
100024019128839
100023283519279
100024674688088
100018567182439
100022154235097
100024779212043
100019363831490
100012695142510
100014814402265
100022552870299
100008265768268
100023639479374
100024605236032
100017704296077
100019560884542
100009596026235
100017911537496
100010221845402
100021815416723
100024819710896
100013780802812
100022378980244
100013419634791
100024135406072
100020291654479
100023473658594
100021592427331
100010432603496
100022824707408
100023648973677
100016777905133
100023343881852
100014546673401
100022375002984
100021567668222
100022586144512
100025594655995
100022853773268
100017185485515
100024202026278
100018091026006
100022673679481
100008526465629
100024219426023
100003807336055
100010958553663
100011955814684
100022284142795
100022431443877
100023386460356
100013994850690
100018805923292
100008895159978
100024302400837
100014930740499
100024123961422
100016249840107
100022670919474
100021904817549
100023799614843
100018336544208
100023870770547
100023855323564
100021917833675
100013205552794
100021486120013
100019222864541
100025400922049
100007116618204
100015997682215
100023581266778
100023716745945
100006358062970
100014178544638
100012916861216
100024320266476
100015331669272
100023613457370
100024302532615
100020508754290
100025414756929
100017680602111
100023729320755
100024428624540
100022862110249
100007375775946
100017006925810
100024128490185
100018481693332
100007488406567
100003745646496
100018797220622
100023780025692
100023349304023
100013138965133
100018446949853
100025319987433
100024190572524
100016050494274
100017584654997
100017535817272
100012146229473
100024556704021
100019352107114
100015837253633
100021609800974
100018711003061
100008096559764
100024052822743
100022833452916
100022538180583
100017425788970
100021214717119
100023889742616
100022279264647
100025825635698
100024532800687
100004070690332
100015936153149
100012057619390
100023411749905
100024711152883
100016479734862
100023172921415
100023334731766
100023620659321
100017223935849
100025337887498
100015257385694
100024147213291
100014300227357
100017054101682
100023934729026
100022560845240
100001215594112
100024288582323
100022584424111
100011714439560
100020735362742
100015260625702
100024693878406
100015869744438
100024915963820
100011762410790
100024729919053
100024929865741
100016990334270
100022384266706
100013339959300
100003031666722
100017581508110
100024202536223
100024593173684
100024659490142
100017240957910
100013991086065
100024525400542
100017384772380
100023920323821
100023051772053
100014697282591
100014038591271
100023459147526
100024733296445
100007909123515
100023227997068
100021357575777
100015882674362
100015368957120
100022227923430
100016752100766
100023978903890
100009470661309
100022513715107
100023763135910
100023684538038
100023652824735
100022069433828
100012409929943
100015914852548
100024730783188
100024904717165
100013288534281
100021073050937
100024101439101
100024729859414
100023142859749
100017269267809
100006546095310
100015814659149
100022573698341
100025371276787
100020705371372
100021728226972
100017089932206
100017542635462
100023182380546
100010248064877
100022829471862
100021044707059
100019481972430
100024037691725
100014582137190
100023180657139
100023763323245
100025169356001
100024328418787
100023304136707
100024534695179
100023856414370
100020174680020
100009618376709
100015911310945
100022208082608
100021984292958
100022289884562
100018879006603
100011598765326
100015710834162
100024579662318
100022802172459
100013441839155
100017837070235
100013896791139
100000950914330
100016292079661
100022822787468
100013122396278
100023835857539
100015585252247
100015579936574
100013229615312
100014376908770
100002450451770
100022034112305
100013222755120
100017415312905
100006137117558
100022461483103
100025144232756
100023141838289
100012996159685
100018144702232
100023130523911
100021847690907
100022335189741
100017775543892
100024691110929
100010394049324
100005756972829
100015518345201
100023644399890
100024485768363
100023553699048
100016259880108
100022470454024
100014348236081
100015861965011
100019100312223
100021929678499
100006667209177
100016856742488
100017018651708
100019389161441
100022604799708
100020085156395
100023736223915
100018613085400
100023629994191
100023674761786
100023627661572
100021914346483
100022419973181
100012508426992
100011669678886
100024246668907
100022950041929
100005111431008
100024129691018
100015812058043
100010746161348
100018769352174
100013880448363
100022920893891
100023615050036
100024457335924
100008826335450
100023312702748
100012721051808
100024311599998
100016242587062
100021110171087
100017646637968
100013490206650
100022765224174
100023793969407
100013414907912
100023555317507
100003571869128
100023448786411
100024167498354
100010012093341
100016632098696
100015077913155
100024949815068
100024073334499
100022388897815
100025125222482
100021917710723
100025201922842
100019347042649
100020264192141
100016853524084
100010875549717
100018576979483
100020923521696
100021637207871
100018053973391
100009249108825
100022566252797
100020588688083
100024116526936
100023045802292
100015196124408
100015990304527
100018510248186
100024936880834
100008671782716
100012462604470
100023650327767
100003954889065
100010203638533
100007978803650
100023433762882
100001260344392
100018148334347
100015062447556
100024282098687
100015419946900
100010201965013
100023428788735
100010250898451
100019032406881
100024210885232
100023630746803
100024012469495
100022426194043
100022235420322
100021812062668
100025440964969
100016200525265
100015221684238
100012711826645
100015817959853
100024513991739
100023496461150
100023366028446
100014817217848
100015011550263
100012716856896
100019914520082
100018637967445
100022620742155
100023657059484
100024098692306
100014254488455
100019332128153
100016412700201
100021409884106
100022156890067
100024395417623
100016689553520
100022552604605
100024145723074
100015955656929
100021078068229
100023839870937
100013844138201
100023612400801
100025015941918
100024632446125
100022098545539
100013482583633
100025279595255
100012203232346
100024868943292
100024114322975
100025221293641
100015425287272
100022358622767
100024193500300
100023955750422
100024266658393
100024850535990
100023770100031
100016500457460
100010431906238
100024577367638
100013070220854
100012297066040
100024020886139
100021764642499
100015704614012
100013970770663
100024610627496
100023229497422
100011621088397
100023347088541
100023622639151
100022055452088
100023047533931
100012936309536
100024318272502
100021099733036
100022909371070
100022062323880
100009534879800
100011424483080
100024859281583
100024828378815
100014625397143
100009771105474
100016597063030
100022125798257
100023660166218
100024603992814
100012643901653
100023629881176
100021897870924
100022946630628
100023860489499
100025302392986
100024566610583
100023838671932
100022613749893
100024769260974
100024423999900
100022008760144
100021746888768
100021904893687
100021891548967
100003284905236
100022334749240
100024063335603
100009237552523
100013841867163
100023390469790
100022627654918
100014666651330
100018604694995
100013187358075
100023330649260
100015712180789
100019458844137
100025000093090
100005300388877
100015865056324
100023592944881
100022987874929
100008289064147
100023826574471
100009866418553
100022518552579
100022026961363
100022924576414
100015620443381
100014378130892
100024582787793
100024358580911
100023534597757
100021634010900
100023699687362
100022801010062
100004138926144
100024224674531
100024500624937
100013339303307
100017817001595
100020735663208
100001923367731
100022790521919
100025216113014
100025132909638
100012537905780
100023106392611
100014564646464
100013250526484
100021416183213
100022536634566
100012373300529
100016070370769
100021837457200
100024333397968
100024221282922
100023555437875
100021971652222
100017160467550
100024111826700
100024794526562
100022096868860
100024056702842
100023027959707
100023937134993
100008397490365
100013855607931
100022512131113
100007704221047
100023907304429
100014190398957
100014355129858
100016591625691
100001919615817
100023340456320
100014531561817
100023791990963
100021778297080
100002112437709
100022620941873
100023785999656
100010481165575
100003479025566
100023118043691
100023403822066
100023259975596
100009137189401
100022907026615
100014467487573
100006475781413
100023866875906
100022841105966
100014001280881
100024375468878
100016843090137
100021879944613
100024500510220
100014583100554
100023818836680
100012153060501
100024029808176
100020216010531
100024061684210
100021938626578
100024313761492
100023441032625
100023625403087
100023969168670
100024248327499
100019096967053
100016668968964
100015231106553
100023227598739
100024665344456
100015119378557
100021692387842
100015589275299
100024632800144
100011410661739
100021297487209
100010626044342
100024818944665
100015151094616
100023617096854
100012129642397
100018241087081
100023720660451
100008262043619
100017386743114
100023936257095
100023691300531
100013115881049
100023795812244
100025057131350
100012077950586
100018346753303
100024322337080
100016053042900
100023579133274
100012038381583
100011770440724
100022656822696
100024038704087
100022051611920
100014750622091
100024519404561
100024510624249
100012041432279
100025152371417
100024591679353
100010161248452
100004514263747
100023837790211
100023802337022
100008079485861
100022059652043
100022425693063
100024297392346
100024556430790
100025028192258
100024219035420
100013047573294
100018754965939
100024029145816
100022260152371
100024550122262
100024765994714
100022699301071
100021815957301
100013859831295
100014768075515
100007146198715
100021725928446
100022183212872
100024769398342
100024848658876
100022714641547
100011773749857
100021454072430
100024161554072
100024732590081
100019638152544
100008263816750
100009578320342
100014850106100
100024423796258
100014152691743
100015676393663
100025059729584
100018620793014
100024489846506
100013773636816
100024148333375
100022674494118
100013374341965
100022276386699
100022934330471
100023847077107
100015198167076
100012987691750
100023261021410
100017420747469
100023497999803
100023538230819
100022648214466
100006864937728
100022804414829
100023085980460
100023721392544
100024105674759
100023405750234
100023414886841
100024975752648
100021889371364
100006483264080
100014085872363
100023266835657
100012780725495
100023101488579
100022018427739
100023905211418
100023381494702
100020175708179
100017704955994
100023721756450
100016109223546
100005891134990
100020963324688
100014435116808
100011760532077
100022564368158
100005253184476
100018853900635
100023008322192
100004686305981
100023752464005
100023562859307
100024464341705
100011340572404
100011333385840
100018240366915
100023333888535
100023813137223
100017922408287
100024791238701
100024483245322
100022834204686
100024970624699
100024062914484
100011780496027
100013180750686
100022619144032
100003082998949
100015859811753
100013399447159
100021467319142
100001806107354
100023734200031
100012976628415
100024237592879
100024200135880
100024969555848
100023980508573
100019134572834
100016805748998
100021899110278
100017354262025
100015948555756
100024630532459
100016245844163
100022647608197
100015159643643
100015557318529
100023469992260
100015590109472
100022883074105
100014102676254
100021515508030
100023802612015
100025110753225
100022949200587
100024903849586
100023336564657
100023061771461
100019498991873
100024445240334
100022805145734
100024821737084
100016622442204
100019657874967
100020961338795
100023019872457
100014136361140
100024157755127
100024679770974
100022246460949
100014441374408
100024672856338
100004719699441
100024409869722
100018956681397
100024818910161
100016509783115
100006356171466
100009983377785
100024306602164
100021414013190
100023025254011
100012760067795
100024800040893
100023958161378
100022089488482
100019068131906
100024339407622
100012491413388
100014733811849
100022149319119
100011606769522
100024533616668
100022059924052
100015310058281
100024451094701
100023097632832
100022617242690
100015851791727
100022439959491
100011196315033
100014871461964
100024908284853
100024275710115
100024223356670
100016639231730
100022986462312
100016125213439
100017827301882
100024652212452
100018918212815
100021436419800
100018810905848
100023717680047
100019059464612
100017246415055
100020368387041
100023834683129
100024434921933
100024281898677
100000676122460
100022909024108
100023969442773
100014026179685
100013045477115
100023307488239
100016653585925
100024680436562
100023435243935
100017724030413
100017775190441
100024686180214
100024482502987
100023442248273
100021171605557
100024403995051
100024609106406
100024062740983
100023061233813
100022298266756
100022919312044
100014150528481
100023927601269
100015163326906
100022796052355
100023264410643
100024068881973
100019504471520
100016976942526
100024176049130
100024524801601
100021837166531
100022462025906
100002895262692
100002580095803
100002584111116
100022776120757
100003943093852
100015171763152
100013459542445
100006422829274
100024182659415
100023939239111
100022033793954
100022950516357
100023642205278
100024238818590
100018727774421
100023984402077
100023921931390
100023520592509
100023246040199
100015374266805
100023491146664
100022845873611
100017500725311
100023816492093
100024130181121
100015887164672
100014599680752
100023894644156
100020808772270
100021655710040
100022040707758
100021943009682
100015962716786
100022562295883
100015371531245
100024289186454
100017437697114
100018930760683
100023404452936
100015115032935
100022411652940
100016106593584
100022407695960
100017463725074
100022313421124
100015580574849
100023935966212
100024971073632
100024501702717
100021967300366
100015622118973
100012590716143
100021755173864
100023860270477
100024676335061
100007806706277
100012083655426
100024415359968
100023119006914
100021905393550
100022334402164
100018957618070
100022970120644
100016790719176
100022749761286
100019267448399
100024967330510
100016627214507
100009462830895
100015376177127
100024054303723
100024320224015
100009189214300
100018761856654
100022832947727
100016858416901
100015685279442
100022553048142
100021645081783
100017791698755
100017363383415
100016521275069
100023772249308
100022708412248
100024095000234
100014316185139
100021591950299
100024590134382
100023469367715
100023184470915
100022907190627
100024938469210
100016569705654
100024030007921
100023375385003
100024328112750
100024666231243
100020757532518
100014742309160
100023651202367
100020003521091
100017157635210
100017084232366
100011609945756
100023363534097
100022837940906
100022864022757
100022525969349
100012313597170
100023822911308
100011419789688
100024170929642
100012030910230
100021511100941
100021735082398
100014078615047
100023999180530
100024575528454
100021853441224
100023478381568
100023829888656
100019235402389
100022645485398
100023577272906
100015692169422
100015487980322
100023253995332
100023933134444
100024009847946
100022686644031
100016380908745
100023867600545
100009690736701
100022917802469
100021371383370
100023912391554
100023545149018
100017969565845
100023534256530
100023000209061
100015074686967
100015906845420
100023293143016
100013751323831
100015402996424
100023906162540
100022572223805
100023795034186
100024829238069
100024300864333
100023606763612
100017566036536
100013828572950
100022675185702
100023233578386
100011614145655
100022903572969
100023553618452
100024483706731
100019646704892
100022372773075
100024666939784
100006559297306
100009300996223
100016782437218
100021989169894
100021495968690
100014131966346
100023370315680
100003516070587
100022536107567
100023314781848
100016852779699
100006181652935
100024965556971
100008405085680
100018278119410
100017339222849
100020308060399
100024484811304
100021297263564
100012731389569
100024038135685
100023645054298
100011407199853
100011704902810
100023092333525
100023595613373
100014580702062
100020691093426
100022891922210
100022375311598
100017708741931
100023928978932
100023755601294
100023056133120
100024270882790
100020083608641
100022710338484
100016098240981
100018881438095
100024144252586
100022901444768
100023385406457
100024717168400
100021460607969
100024025512882
100022406297011
100019245879995
100023990822217
100021477131391
100023595883474
100023482238167
100023870812214
100023130040466
100023107696046
100024170897889
100014246885185
100023508993664
100010737666892
100009570443774
100024580202846
100023177744198
100022115362260
100018689205219
100015746611263
100021513167818
100014605476985
100022315224284
100024652515984
100010550767084
100014300073669
100020938696311
100023331833231
100023848356654
100023643360219
100024390664913
100022705297510
100014847409156
100023261214263
100019382958057
100021056632976
100017643462786
100012712004757
100023516505339
100015348797866
100022740618177
100022145414374
100022999512728
100024310081349
100006813735051
100021235844798
100023284925661
100016536792647
100023834735509
100008522350304
100024179166379
100023493800315
100023282746782
100024115111158
100019733255707
100022522330197
100014979124190
100023911414337
100021114335405
100018568309178
100014699235247
100024486126733
100001719495680
100006019440450
100014655189295
100024651394412
100016885095473
100019320450695
100023349846018
100018392920197
100002357737208
100024641255717
100023206027649
100001889577010
100024164268635
100014664840627
100016689693821
100019263701853
100015992649338
100012811061670
100023265640583
100021966152352
100023277342155
100022991394065
100021338864956
100014554231158
100024418171803
100018647795099
100024569416943
100024632170106
100021793590016
100022782730677
100022121560280
100016300999366
100018020508244
100023978570065
100023538060378
100023355977817
100022182501536
100022843839472
100010917109179
100021868901665
100012307453198
100024073179669
100013286893805
100023684323621
100012772577482
100017196394674
100022253281186
100017461153843
100022688402288
100015299107619
100023396357515
100020821481298
100016059277016
100019245250551
100021583783394
100012636880072
100013248347492
100015946487204
100016905900651
100024706755613
100021915458390
100024582512360
100023616903628
100014315204167
100023456565017
100010255838438
100023666674286
100015029644388
100024087947486
100021962826519
100013704284976
100024703651588
100013859160508
100022896649607
100023778580725
100023690589186
100011927354916
100003121662188
100023435864652
100010257406831
100021821884729
100016100224560
100020745799624
100022803293944
100022698620492
100023585983758
100023397682691
100022302733093
100023416853779
100023302895784
100018120610360
100022605349376
100015741543404
100012121815063
100018324154724
100022898070944
100022858898798
100012131777465
100021575058477
100023755335679
100021265661851
100012345910046
100015239494549
100013629919205
100022133534480
100016444475504
100024313504764
100021289332757
100022683497752
100002891135362
100023637603987
100018980525181
100014504736397
100022995669270
100022482771690
100024183600471
100018516393876
100023305807650
100023875311850
100024060484091
100021787700738
100013610261740
100014520408261
100016413307859
100015032581905
100024198758924
100010349310826
100010748142160
100024085552167
100024560132986
100022681163159
100017996835243
100014880847230
100024520844296
100013631162267
100016346779473
100003149453471
100019465111443
100009464546966
100024786424035
100019671575494
100013779304794
100022396116376
100023850202151
100021868641060
100023017248468
100023811244188
100023015076934
100023894741908
100017829883341
100018840342727
100022693725375
100014330655518
100024143752826
100015316260396
100016889583501
100021903414082
100023047404284
100022967740184
100023250756654
100024521539067
100018373597412
100022354807221
100024412064321
100024665284070
100017202549691
100017982671804
100000084063114
100024533700836
100012874719614
100023130713111
100023905514601
100015480438260
100015356852164
100023642020079
100011620970675
100022786717411
100012742326010
100022625554982
100024030695918
100017393160912
100022523053290
100022593751186
100023412436655
100021463877247
100015192130147
100023079167324
100023569578708
100012777632386
100014663168263
100017720707152
100023821755513
100022678867992
100023575191181
100022377586466
100023433666921
100014851938188
100012730142043
100013269099182
100012051825108
100024121813996
100024119106027
100022630278898
100020303106954
100023705474560
100024224334026
100021500261069
100015602596579
100023052340420
100021248612954
100016361255139
100023547143810
100012738049405
100022662121087
100022529989200
100023511576634
100022973161495
100023233805457
100014053119482
100024102188818
100023081085119
100011070668672
100024527294828
100020849895636
100022105570615
100010316587738
100016240786008
100024249822746
100024082663429
100023986568123
100024674505642
100022917160220
100015355385206
100023997161044
100024044633635
100014651026348
100021246924402
100024578192728
100010656780181
100024308916290
100021683672069
100024401193868
100023308092779
100004818366073
100015593850007
100021921294319
100009226154593
100022356660829
100023304519141
100021843767590
100014939644688
100022674429576
100021623961289
100006882399673
100023707728675
100022772197640
100021087194839
100014939732307
100016618544398
100015835606606
100022122023877
100023271852692
100023315492068
100013077158174
100023793433096
100023909461923
100024589564854
100021990004318
100022288891000
100022017754311
100023976275581
100008214782040
100021690495773
100023229515043
100022739043554
100019484975985
100023315590164
100023708902267
100024655967918
100016019024701
100024079283150
100022657381024
100024329118903
100023930858765
100022425693203
100023449540832
100023062831625
100023368020857
100020796677274
100021852342550
100024015346029
100024337774657
100014871633714
100018449598648
100021837230790
100000923685201
100023532787320
100024315349206
100024460784160
100015677013180
100015295718376
100023541334930
100023230479226
100023679529414
100019269196881
100021623736734
100023861175905
100022167244468
100013381816813
100024393621999
100011490856388
100015302891263
100024659565824
100017826667749
100020545990208
100023954479184
100009550464970
100022630449019
100024062613763
100010936120226
100021747039573
100023891460272
100024413315221
100015322727680
100015130411137
100014103454344
100024694214719
100016631705881
100020062278692
100013970594225
100015901293480
100022503187123
100010214416155
100012599073536
100024587795084
100021327273500
100014580495448
100017797274765
100014739674487
100015543961459
100014257872504
100006745565179
100019504067177
100024303038793
100023264312746
100018070416312
100020115576689
100023845926921
100022968316859
100000578276125
100015199571025
100013128272903
100024140137202
100021429348348
100007997291278
100018357698148
100002753677533
100015200431045
100008552175804
100022892808346
100023804918881
100006958418886
100023378301923
100021493053298
100016703885642
100011777912345
100023811884787
100021351547238
100014291449439
100024045589955
100023826198233
100023892816244
100006537373539
100015488827238
100013555868385
100024464640803
100015832208825
100024321711059
100021582422440
100022437491036
100023845684595
100018438846708
100023035928276
100014448696591
100021604692182
100017109255751
100023230361127
100014535691928
100012665028510
100011045958141
100024034365313
100000084298901
100017710205365
100003505968243
100023678072462
100024672915567
100024353387981
100024396665474
100012985900412
100024243154936
100023257695311
100012624976679
100016637589398
100015069819759
100022921052204
100019118195866
100020147192370
100023274821077
100022751302683
100023167236157
100024717035763
100006890731147
100022741516753
100023675210128
100023928012328
100009343791065
100004448686355
100008068657478
100023694352068
100010518189226
100023465893197
100022535232222
100022537372815
100023784708258
100014136168770
100023480760544
100022770345071
100017253311270
100024304206693
100022659122034
100022746949255
100015472050548
100024314014770
100024393020189
100018575627276
100008414018345
100021662581793
100024475763611
100021985296649
100024432013422
100016047704541
100013290106386
100021654110122
100024200618031
100022584720010
100015536955038
100022701854150
100018848208291
100023124365217
100022256774498
100022275526606
100017263683466
100021724150054
100019646105373
100009088678243
100021673222031
100023588801477
100021919684403
100023831301667
100021694234042
100021139516283
100012047889821
100016702262407
100024260972728
100021908894308
100021609642463
100017065718086
100024413868908
100012257941665
100020615705292
100023765053792
100023885916889
100012805870171
100024123812059
100022617830870
100013514591295
100016182498767
100023410487094
100011180190038
100023502948256
100022017916001
100021349636833
100022482816753
100023787900532
100016000087037
100022848038381
100024080852499
100014067494010
100023056426891
100014069310081
100014836519219
100024739534992
100024281657463
100024694892903
100022822572095
100024101375823
100024215110495
100023536354270
100024660102963
100018649833459
100023861858134
100024452497330
100024468170969
100024126254947
100023454792313
100020668523762
100023670308982
100015736124183
100022050725852
100021166870957
100012655036585
100023881020166
100023277713835
100023395958697
100024279912118
100022858323140
100024595746776
100022696750461
100019736835348
100022672283408
100015022634643
100023488786607
100022644671081
100010856106592
100023750714318
100023532125278
100023541061594
100020850544977
100012752619327
100021880236132
100022334362070
100019019254406
100022515081740
100023933952728
100023451499162
100007911094541
100022335798784
100011875637195
100021891675214
100023833690354
100023695734350
100023509573948
100024456617849
100019314190507
100021522249078
100023964766354
100001219051784
100014745480770
100014825880805
100024222490345
100018724217451
100009449561321
100023998473034
100023905506189
100008729178812
100016866220362
100015498256542
100013850441642
100014291385608
100017262645718
100012952124747
100024502236493
100023786433854
100015988301790
100011984898942
100022161300428
100017937365671
100023900089096
100013467367204
100019970713010
100002077084191
100023437174289
100016722152126
100015594788815
100016217265541
100023771812888
100023152501275
100021740529597
100024417194025
100021479913999
100005743563908
100021388204085
100022975592645
100024695880931
100014045173232
100012769805663
100024680402146
100018414767883
100010981305007
100009749143954
100018147816523
100024540733465
100010371996545
100020846079882
100005366373416
100023958870004
100023992937098
100023024401234
100021957050342
100017830035211
100015563839173
100022850108341
100011652286623
100018045846151
100023684918795
100023432028645
100015924965492
100010924057133
100023322833582
100022558720914
100017157965950
100023407421979
100017785563724
100024627371493
100019000752561
100021873111014
100011463608926
100022908886227
100023443241692
100021486833684
100023757932587
100011618882200
100022985793972
100023176222151
100019259102971
100020876749823
100021218536541
100016658346830
100022468845323
100009195845126
100016775011918
100009641023436
100012696944189
100010593905377
100024543069009
100014837378359
100024558761862
100022763893675
100021715114256
100015626550509
100023527264522
100024141671274
100012694668773
100022982379457
100023501813450
100019795213141
100008384919535
100021782259623
100017503092888
100023012712710
100023504715088
100024057301612
100023790082293
100007197549150
100022015176813
100017061061365
100018863474115
100006035650647
100023100560753
100022291628926
100022878762114
100023349005114
100014717743544
100011159376621
100023851971826
100014946764415
100018006031610
100016116454584
100022981924792
100008330403759
100010395706676
100023406166712
100011014658099
100013771753522
100014921583556
100019574801407
100018303158750
100024562271901
100023673792173
100023654377353
100018327396579
100014082287161
100019643491453
100003851317892
100007985748068
100011954714709
100013386378145
100024520335992
100001130884824
100022260960785
100024650675426
100019406379920
100023425682335
100023402474466
100024598740805
100024282859042
100021949275114
100023656791771
100023918464884
100023222373237
100017006533687
100021843540674
100024610622112
100018690819102
100023396626395
100023912714292
100021031933621
100023584330837
100014672468913
100010999360385
100023174863853
100023804269159
100023302125410
100022956346844
100018299374459
100022940352407
100022688884553
100023483258911
100010920211004
100016083288025
100013107547549
100024416873125
100024569385097
100021510791718
100012984852154
100017627769685
100019159534707
100024419958052
100022535288417
100022579684498
100023474738988
100024014349157
100024241457694
100023402682885
100023792945167
100023918153189
100023389457811
100023897617492
100023159385890
100023407371313
100014856397411
100016823504609
100014538821613
100023456472169
100020265881960
100011191385935
100016846308783
100023930900661
100022587510298
100022992591053
100014892555109
100015558305910
100021992570644
100009566149107
100021961020737
100017053306999
100023944182389
100014526642795
100023272790711
100023270687449
100022658032438
100010020003550
100015542478428
100018066756815
100022559852971
100023427620041
100022733193648
100014813921508
100023590088809
100022289651403
100022629672532
100023004931058
100023913423643
100014685181211
100023879191434
100022711314152
100024581673502
100013677635171
100023474903836
100023002790790
100024322159573
100022029413551
100022226768603
100023885730212
100014538644827
100022687611975
100022667543989
100023004460627
100023380957069
100007928462060
100017214636391
100023880701618
100024437332116
100019617992960
100011793755911
100024060952180
100024335264009
100023730911179
100023866832288
100019864445425
100024116870683
100023815158468
100023958202451
100009544735336
100013481289608
100014323090272
100021902850329
100024514322564
100005132646260
100016513087299
100009314345055
100024449691265
100022277194348
100015161074244
100021359944883
100024537855592
100023622726352
100023514859122
100024481163265
100023603092977
100010704647653
100023752842322
100022145701378
100007997346623
100023647283257
100011552741095
100015427694146
100021981636463
100023879499731
100024358354824
100022101376475
100014518059732
100010107820696
100023055483654
100024251384105
100021843525875
100012938590532
100023967921457
100012600401141
100021993203396
100019588263127
100011867465925
100016098306414
100024091898577
100022735387983
100021905022157
100022915278344
100006322808524
100024278781469
100024565055892
100018973308739
100013692403529
100023003491927
100023135504395
100023405196981
100017426110671
100020789504939
100018137257091
100023624318075
100012111755919
100014550076914
100023937002073
100023922252728
100020732676479
100017255971582
100024507383102
100023538124882
100014143898328
100012806295549
100020669388627
100023177631725
100016471066677
100012943036833
100017045072394
100004266728134
100023904823202
100023702452487
100011638237615
100015671404034
100024643298006
100017963471279
100016761872831
100023651299353
100023076368407
100024641375489
100016361322345
100020809656322
100023250541724
100013062498367
100023872432932
100024702366897
100015266774666
100015486195872
100023365213909
100023940248986
100023109442102
100014778018987
100022734591397
100022546571006
100022382465324
100022096547727
100019454957776
100014170657073
100016866481936
100023589661515
100023566932779
100014162419013
100016047038032
100024415088630
100021546459689
100003592369947
100023808769051
100006647439002
100021246545527
100004871011051
100015316306205
100024530226145
100023525017555
100018543610029
100023340450450
100024300894353
100021918231777
100021690697778
100024694892519
100015045155782
100021741816246
100010662009036
100021750108941
100007030817156
100006671946856
100023755313993
100018193503036
100023588564553
100014017178249
100014825079342
100014037939931
100024344735171
100024322012301
100022946702750
100018909550881
100016132215592
100015429190242
100009829128931
100024655590670
100023990382616
100023802099999
100018720577006
100015570640740
100013406740557
100005318567629
100023120012758
100024084605620
100023878178717
100022979353083
100022918968258
100022030810238
100021404856131
100021164584495
100019432092835
100019111396783
100018439154438
100013497525164
100009917019740
100024695011318
100024374473584
100024165606158
100024020419185
100022445002423
100019186080306
100018676665624
100018028835741
100011681888020
100024486663204
100024004427871
100022869372236
100022349950047
100019111839260
100018897547246
100017170209753
100016221642611
100016108577647
100014550368477
100014313302842
100014016432942
100013769175462
100012836685468
100012120185472
100010643767634
100010279385530
100020153747979
100015002943569
100021769950674
100023382608499
100022523148108
100019473153074
100024598579928
100024559440900
100023757732122
100023621105754
100023387380681
100022896162540
100021960678115
100021938316855
100021722280306
100021722204861
100019353997555
100016790745853
100014065716037
100011355858613
100010821933761
100010156729240
100024562914255
100019554100938
100021029717468
100022543068996
100024537346284
100001692105011
100023138926254
100022903357180
100016903680274
100023059415515
100009214044983
100024656168327
100024444661355
100023852705956
100023449621429
100023429445980
100023192540015
100023157635661
100022986480419
100021989104676
100021862036918
100021733891678
100020828404651
100020671157631
100020486506495
100019978124803
100019275669798
100019271860888
100018792129202
100018643995380
100018067367356
100016276782568
100015761259481
100014209005146
100013664046938
100013545164151
100012599581390
100012459550023
100015570875176
100022429764283
100022763835898
100010851997937
100024036247817
100022657248008
100021713352514
100018198842818
100014585869466
100010032135546
100023027941397
100022229761140
100023767665251
100023391814216
100023543834641
100017218955330
100022308251124
100015486945390
100001326906371
100022446249587
100023931495315
100022980015345
100022197002400
100016688687745
100013539184667
100024537697975
100024185661079
100024068437884
100023935541183
100023870532736
100023731084551
100023050394298
100022909578539
100022893961106
100022846100743
100022542697058
100021961579184
100021832910989
100021421771308
100019425403799
100019038528212
100018478472850
100017974023966
100016507563398
100015917055220
100014176636879
100012888193682
100012847426857
100012277744814
100011584593529
100011281300325
100010846638388
100010821428242
100024671672204
100024650520591
100024521181664
100024487778480
100024426330963
100024277072480
100024275223858
100024200400685
100024040670557
100024038824741
100023898109361
100023694104612
100023668871766
100023644720091
100023544331428
100023424563549
100022694352971
100021923901944
100021916275427
100021873846513
100021521867847
100021204669862
100020859607148
100019509011825
100018826955290
100018239329073
100018172144813
100016836064458
100015444583055
100014637195615
100013797647676
100013745791365
100013030112706
100012740881945
100012220950361
100011424027437
100010420061697
100008256258402
100006160369458
100024104015863
100001640008162
100021709311061
100021913215918
100024549078482
100024383584522
100024527232326
100024127813075
100023743344226
100023192917354
100021557683090
100017458784996
100016213726473
100015421659051
100014114160351
100013364328340
100024390814707
100024257472393
100024231801697
100024169671227
100024046691052
100024030259848
100023992694365
100023920133440
100023650480168
100023520411310
100023353502986
100023295173512
100022951532438
100022721985083
100022634400347
100022365610068
100022361146703
100022037580799
100021942482593
100021515627656
100018562956006
100018148064270
100017974275188
100017108569396
100016993662544
100016156309464
100015834663332
100015711793308
100015320206140
100015272417172
100015222948448
100015197619903
100015136727426
100015059955333
100014804047419
100013665197604
100012368256519
100011503324232
100005585012327
100005021133608
100004421285137
100022003122115
100024546104968
100024533523594
100024508277175
100024499996537
100024448703348
100024327580838
100024289994033
100024254810358
100024166666436
100024126492229
100024043971752
100023878793605
100023777055476
100023681011659
100023537401772
100023467477789
100023404361800
100023050456583
100023040311989
100023036451158
100022898324011
100022843230581
100022758258568
100022141700291
100020306228150
100019198691627
100017986990870
100017220150210
100017181582811
100016645123929
100015459364625
100015344253338
100014260562474
100014134662043
100013661352490
100013628593129
100013016927117
100012891311432
100011008599720
100009777274064
100008058250458
100007235687632
100024446555378
100023559678477
100024434379701
100022945386228
100014214586605
100023790630706
100023165358970
100024484295404
100024477314898
100021476273714
100004161859110
100023982060898
100023332029874
100024487063267
100023784079831
100023462671368
100024409644143
100023590102359
100022984352532
100013308427441
100009543990755
100023507620752
100022320125574
100017662985690
100024280937526
100022078335969
100017742078454
100014893538049
100024570124054
100024423333814
100023953122956
100023856304577
100023833334208
100023490751832
100023196082081
100022541265294
100022356497014
100021415213655
100019301714604
100019175294353
100018576938853
100017008473790
100016811984254
100015987394868
100015530862075
100015322808684
100015057125016
100011228415735
100002380858839
100024331429007
100015471848612
100014178963314
100022777597451
100023585280409
100018547479507
100017089351521
100016540090315
100022041434926
100016005003288
100024424143778
100024414847381
100024314661477
100023942315841
100023495622978
100023071441088
100022954102726
100022939973753
100022743381315
100022375992164
100022310871616
100022123128623
100021982428479
100021918272310
100021662345447
100020217254376
100020033583949
100019670351157
100016548186913
100016248496355
100015864635043
100015687159447
100015499651960
100013443217022
100008507081231
100024487662558
100024463283923
100024281753450
100023972871207
100023816944677
100023521812391
100023363112217
100023264797430
100023136921651
100023088244765
100023011660732
100022879309449
100022748501755
100022710540658
100022479917473
100022203182131
100022168904486
100022080480490
100022042232619
100021926910217
100021812550574
100021654429554
100021522189871
100021337269376
100021146047515
100018679174657
100017831975955
100017819269516
100017441612962
100017133636381
100016586899351
100016084140215
100015830348957
100015794523868
100015411973818
100013055294547
100012407201902
100009535733750
100024530744603
100024457607545
100024262641845
100024133242546
100023664433993
100023623151287
100023228644299
100023074840423
100022975485013
100022974105523
100022922584317
100022911964179
100022794510880
100022524347530
100022496500918
100022291221522
100022174770081
100022101018725
100021912755557
100021727872509
100021554461295
100021297953500
100020619496600
100019766267710
100018514086438
100017469574753
100017429977500
100016995641228
100016847145766
100016824661526
100015526002340
100015485836343
100015289237038
100015204701040
100015153678087
100015148093704
100014928311177
100014749486733
100014718827997
100014463828898
100014313184596
100008447148446
100004954024837
100004410274845
100024546484446
100024531211277
100024437444878
100024310848275
100024280293406
100024125839785
100023654633323
100023542313769
100023508813252
100023442009131
100023406698920
100022814673400
100022793864815
100022427533659
100022394537647
100022297934791
100022229033107
100022228380646
100022056202512
100022008503695
100021977663097
100021934043202
100020703675382
100020422441483
100019560872225
100019401278051
100018449800595
100018241420544
100017283303030
100016795446855
100016378398091
100016042301619
100015137893636
100015132879723
100014478578804
100013492065732
100012510157401
100011016856723
100024635891627
100024506410271
100024448787138
100024380503251
100024316202583
100023944391577
100023771957400
100023727883478
100023722965820
100023457893525
100023417400811
100023405121479
100023318512719
100023285409961
100023265966639
100023229196938
100022605018517
100022474698279
100022229918612
100022165820338
100022125222327
100021934523686
100021769440555
100021743205367
100021662389507
100020832421887
100019987338311
100019601328539
100018171553974
100016753170203
100015751923544
100014507283898
100012182958185
100010784441044
100010338877836
100009716981650
100008306191206
100024513573043
100024425830386
100024374672950
100024340942510
100024105286727
100024019787402
100023458033893
100023428073128
100023384088000
100023367257421
100022896830454
100022768322587
100022752143529
100022645283951
100022457030768
100022418175318
100022229550507
100022149420699
100022053283624
100021885526255
100021516489845
100021433997736
100020372970421
100019324036372
100018061035976
100016230545564
100016063028846
100015948247156
100015789946469
100014942144503
100014801927633
100014390647057
100014260892836
100013604534981
100012553686311
100012400565399
100012046208725
100003133508140
100024627105351
100024513903867
100024473887992
100024426487692
100024231465554
100024194150279
100024073302380
100023985632982
100023894530264
100023859932643
100023739840306
100023662271132
100023615941515
100023588227709
100023525122548
100023383710019
100023264647503
100023148240938
100022832736923
100022773858184
100022611104390
100022331770176
100022176011889
100021928742862
100021814281032
100021284461638
100019380707837
100018598170064
100016959720887
100016586770379
100016106257352
100015187907802
100015003993767
100013821915149
100013637744037
100012693633241
100012610681279
100011871098674
100011779846014
100011469670189
100011280999798
100010970466531
100010145700034
100024634962839
100024631232959
100024622146424
100024562624917
100024548677246
100024401892149
100024065683912
100024050986661
100024007566316
100023980692670
100023879052923
100023022484422
100022946724004
100022932341461
100022878758100
100022737010965
100022372667817
100022178230921
100022097599521
100021835343960
100021786883925
100021751893294
100021696813723
100020706173947
100019507238854
100018742020620
100017479720427
100015701161471
100015696362410
100015473238088
100015146805115
100015087046293
100015021668994
100013376013908
100012997717412
100012442366911
100011825280760
100011794862738
100011429154290
100009228291371
100000911745715
100024443750243
100024340810213
100024226051474
100024161760766
100024087645067
100024046275377
100023992788607
100023984015384
100023898853536
100023661541766
100023504310849
100023426567480
100023354243706
100023197626253
100023003403619
100022905742226
100022819635733
100022589682530
100021932377983
100021127221199
100017260747015
100017179518896
100016860826001
100016262924153
100015771311971
100015671911551
100015535531722
100015133922308
100015060913575
100014566110627
100013455610514
100011485024194
100009462340018
100009390266682
100008144862076
100007669722577
100024630123592
100024564278261
100024551751720
100024540430887
100024427124067
100024378112640
100024331331021
100024227541638
100024226342171
100024226039626
100024071807075
100024052969246
100023825663065
100023628501790
100023446012975
100023436945860
100023351482140
100023342163491
100022973019852
100022587977959
100022457359535
100022135926941
100022102039088
100021971358346
100021932892274
100021796987811
100018032322495
100015886021716
100015617587985
100013352018225
100013311349647
100011316450777
100010063038397
100009842019723
100009636870705
100009516403126
100005970465655
100005804298215
100024533255169
100024520851564
100024375810933
100024365433014
100024300874540
100024253489010
100024210472442
100024097383718
100024065464176
100023976891954
100023819169862
100023698146762
100023578867021
100023554163669
100023397510540
100023329252941
100023277222905
100023212446986
100023032330241
100022931656996
100022920830952
100022914863679
100022908294146
100022804695333
100022761713509
100022563667265
100022294613398
100022180971051
100022104832349
100021944918059
100021887648314
100021751084857
100021485406375
100018967159480
100018080924419
100017193497160
100015767256047
100014422621001
100013875150417
100012784714527
100011624406441
100010856251329
100010230210543
100007082866939
100024714750649
100024644555657
100024538362069
100024488870441
100024443027816
100024268058321
100024125972088
100024059092180
100024041555182
100023555364138
100023155239737
100023000259041
100022991656953
100022983844462
100022983532690
100022870533788
100022865467789
100022778931249
100022664772244
100022655768789
100022383216237
100022270671412
100022148976527
100021805594848
100021594581354
100020793855214
100016889710383
100016615447398
100016591750263
100014858797074
100014427940711
100013920243443
100012874837520
100012772834523
100012489961362
100011688699888
100010302606772
100008330280900
100024448995507
100024350320908
100024345075743
100024317010953
100024280050046
100024266572615
100024261401443
100024165060995
100024147110017
100024122438103
100023949740818
100023589875427
100023568463928
100023543381802
100023522660920
100023350023362
100022477267164
100022446377790
100021837534386
100021663362468
100018138337427
100017992321840
100016113038533
100015675037134
100015222222358
100014929631379
100014654325055
100013609304328
100013430257220
100013162184411
100013074912061
100012953923958
100012866387548
100011759040088
100008459942824
100008448760381
100024658180989
100024541731999
100024389751978
100024286236182
100024184864531
100023774927187
100023757829248
100023687406998
100023651259751
100023461292487
100022796243126
100022647110863
100022523204918
100022446350904
100021614558946
100020578236765
100016816179830
100015916009018
100015824859192
100015698137920
100014937073733
100014419778221
100014414911478
100014261568229
100012950466868
100012769086253
100011424747824
100010304524612
100004826220313
100004707106443
100024588992804
100024423470326
100024365738967
100024252615075
100024209049418
100023889878259
100023870957571
100023796423319
100023439403527
100023418108381
100023017458614
100022500523164
100021475080508
100020202498795
100019696423481
100015220954191
100014834555603
100014071515104
100014054610244
100013848990370
100011907556334
100011820559075
100010554186799
100008244586540
100017006771543
100021915874350
100003403104845
100004013492258
100022854161356
100010977881812
100024626829421
100024624461941
100024335648683
100024108196242
100024086436645
100023978781748
100023909049929
100023881190334
100023777661024
100023749641630
100023738931299
100023717733256
100023603956271
100023500942242
100022807127808
100022770406306
100022768133799
100022567848659
100022271531039
100022010383908
100021998317094
100021652051175
100019995677722
100018769843310
100015616600686
100015217714599
100014388814811
100013834817212
100010488608154
100009788203732
100001299540683
100015725254572
100022610558619
100010837188130
100022056378799
100009967996526
100024192774171
100015624845357
100023921333452
100023960213248
100018092914188
100023002966233
100024529209443
100023533433584
100021917468303
100022940379963
100007996364517
100022583680547
100022765993769
100023452215939
100024393902674
100024706141530
100024562241011
100024554840979
100024458228226
100024413929124
100024407355240
100024283509940
100024220786762
100024123543574
100023934676549
100023914574076
100023869383767
100023830652249
100023804280268
100023799023796
100023715109798
100023566224090
100023563664804
100023537678326
100023498851343
100023367182299
100023196337480
100022987514044
100022972906506
100022853104444
100022715775440
100022568744723
100022564181218
100022488105246
100022312133442
100022248863205
100022157378832
100022123813856
100021979813426
100021978591047
100021976416849
100021934418099
100021807520748
100021608835104
100020894119613
100020609945102
100020274407092
100018952302605
100018182109117
100017910125695
100017203543852
100016203121835
100015720523850
100015660065072
100015433620893
100015243877602
100014639527346
100013851902745
100013804569422
100013467229283
100012411916160
100011384109478
100011370822817
100010430146688
100024720421371
100024561233740
100024538776233
100024529022599
100024517026241
100024368503216
100024211372310
100024191440391
100024186468530
100024120764237
100024107062503
100024036829123
100024016981227
100023944600023
100023899162771
100023718379753
100023649471648
100023641590177
100023525971076
100023522330372
100023490587164
100023355795009
100023299883314
100023276627134
100022992251320
100022796592620
100022641707836
100022641277043
100022541640272
100022494390781
100022296413618
100022192365609
100022166088268
100022035518074
100021878323514
100020998880041
100020861533335
100020834980215
100020669777373
100020110063182
100019825121277
100019358675758
100019245853284
100019012188198
100018874446363
100017364788338
100017231895157
100016851376091
100014744016838
100014581996938
100012709686630
100012194491805
100010721021075
100010433791925
100009339419760
100002876844828
100024704914328
100024563580928
100024536057890
100024468373001
100024449142121
100024406578414
100024374859039
100024333436463
100024329929275
100024308656059
100024180938702
100024084363283
100024050019798
100024023824587
100023910462224
100023886246716
100023878786892
100023868619558
100023778005574
100023776590004
100023671507324
100023664211458
100023565623252
100023521236048
100023351503572
100023175853614
100023023671062
100022814824858
100022629038912
100022618666556
100022538148648
100022424181622
100022342486325
100022180305072
100022169078094
100022146487283
100022100526334
100022065692257
100022053583657
100022018926978
100021980376087
100021816395399
100021161310830
100020571696704
100019594627209
100019209224954
100017650603491
100017528593865
100016086998977
100015943743411
100015885397431
100015531097539
100014865939565
100014597624644
100014443905583
100014259071689
100014189348283
100014045502522
100013692885883
100012968552511
100012763812222
100012631777751
100012075164934
100011665185498
100011466670353
100011368161334
100011044003315
100011001966298
100008900882625
100007642665972
100024523622049
100024470416778
100024398657058
100024367924207
100024359302501
100024287476315
100024065362112
100024053301473
100024002981259
100023957450948
100023898525023
100023862720466
100023739705431
100023674024662
100023567284814
100023414682454
100023369112879
100023353695148
100023235434177
100023229053875
100023185303848
100022994972320
100022688824174
100022499143522
100022488271407
100022485541715
100022477987269
100022163228228
100022117986097
100022091118515
100022075784776
100021984457124
100021622957987
100021371062306
100019081063796
100018434162429
100017802854521
100017469046467
100016011185271
100015710416010
100014861436613
100014730870122
100014599959543
100014465736545
100012884430052
100012630764782
100011440492792
100010691589544
100008754758719
100007255357618
100024642967157
100024624420834
100024622532976
100024581013938
100024577920595
100024569176765
100024511266664
100024483435172
100024469246466
100024421267315
100024413833755
100024403596547
100024342334625
100024148129576
100024118538247
100024097175422
100024076937158
100024020032732
100023920712314
100023828319941
100023691738351
100023641697848
100023621752256
100023599580974
100023590741229
100023582089643
100023541499212
100023506024505
100023490641615
100023416571293
100023415381785
100023371081027
100023293670633
100023258733166
100023251222522
100023163167981
100023157330042
100022940979428
100022934812147
100022921052053
100022811077023
100022810816797
100022786863816
100022707287530
100022692970943
100022667471654
100022519578795
100022486056675
100022458972548
100022425222076
100022412503278
100022404767311
100022340598742
100022333510230
100022094333818
100022051543101
100022049580176
100022012486848
100021988812368
100021963311503
100021929714083
100021860946061
100021858332595
100021701483099
100021673683656
100021367759244
100021361864962
100021314689036
100021122944721
100019497494193
100019370463638
100019082589737
100019044934701
100018650898621
100018584977855
100018332775282
100018294137478
100018221797121
100018149526168
100018103241645
100018017582358
100018010380309
100017813676206
100017429506883
100017393979436
100017210055393
100016927818149
100016675276057
100016659498153
100016506513937
100016471577886
100016147777457
100015963840889
100015877145935
100015743743305
100015676449450
100015653565115
100015552887534
100015492636846
100015409980540
100015406697719
100015375667653
100015307599134
100015269656527
100015234245620
100015194974253
100015015367227
100014949639595
100014899144585
100014817427286
100014706783115
100014494517703
100014429680831
100014339055806
100014166853857
100013474388321
100013332730778
100013265522453
100013258358139
100013209674537
100013132292486
100013131319233
100013037737897
100012921375816
100012854342003
100012725796405
100012414434280
100012008228196
100011447539467
100011371378142
100010916289516
100010490716721
100010143578163
100009357662470
100007943986300
100002607499849
100015071224855
100024261155603
100015218861503
100022431004462
100021578622628
100023634442513
100014503035876
100020163703463
100023567961326
100023472395255
100021393653221
100023707291269
100022251873800
100015666963118
100023716954403
100024239012063
100019912712850
100023345571264
100009608404498
100022308229137
100018096529185
100023690409286
100024077233937
100008018140858
100024669720328
100024669666057
100024567679994
100024402953015
100024402773083
100024330859450
100024228020140
100024066383908
100024054319591
100023616134398
100023602535203
100023333325019
100023329560340
100023306271726
100023234317426
100022934264094
100022863631312
100022794850715
100022751265748
100022749673612
100022731677197
100022643659574
100022528871352
100021965618843
100021894561933
100021328546411
100020615929612
100019506282970
100018603424299
100016976981382
100016029792552
100015305232929
100015247777680
100014550097010
100014400857392
100014167811244
100014072132326
100012925831678
100012912550993
100012768589608
100012677341212
100010302945046
100009466039094
100007251342841
100024603902489
100024052459243
100024003390605
100024001154111
100023894162589
100023637222696
100023531559118
100023210799940
100023203432168
100023185128041
100023079938270
100023072893807
100022835115222
100022733353571
100022554642701
100022454631086
100022418505283
100022371036789
100022195712715
100022058641158
100022053240674
100021987111450
100021933427818
100021700892829
100020925367798
100019634913767
100019591296213
100018773439873
100018619652725
100018606158741
100018298579393
100017824603469
100017435646538
100017095861971
100016929408142
100016842574949
100016756326637
100016694177532
100016470853606
100015898752069
100015353445942
100014802727070
100014505281326
100014478189059
100014043123465
100013378994901
100012889261698
100012855249286
100012400204560
100024448639435
100024411616927
100024393210414
100024336530011
100023840447246
100023449490968
100023429926219
100023426796380
100023251843936
100023102136646
100022908771627
100022822931602
100022699871951
100022685931931
100022502230697
100021896509713
100021890202096
100021681901924
100021051950727
100018899825417
100017337163582
100016983102420
100015864074070
100015551560883
100015540630346
100015056057627
100014666148293
100014654680656
100014144921812
100013677490917
100013238088433
100011387777255
100009026123866
100007427826650
100024695640572
100024638383537
100024530970861
100024530948887
100024491106224
100024433935759
100024409610996
100024318917495
100024287896218
100024284764830
100024256482359
100024239198375
100024136279499
100024130343806
100024069859703
100024010490927
100023949441397
