100022339721075
100022014504248
100038272782815
100038366074054
100005391870395
100038283399503
100038036114847
100026101010753
100038271552598
100038149669556
100036948174004
100036007831552
100027282549964
100009334461407
100028619092382
100015099614171
100038104998739
100038053807890
100038149958776
100034720493857
100036917772573
100038250403797
100036406036191
100038381730196
100037819494218
100026361283165
100037307292649
100035742090478
100028775173383
100028313539520
100016114516872
100015727025465
100037459907325
100038408613555
100038327470603
100038151348310
100037954153344
100036821927408
100036380348099
100035724241807
100029257603774
100027108761791
100024977138850
100023300432173
100021887453319
100005394270915
100037232718816
100037122313882
100037150879353
100026837678963
100022611154558
100037968916410
100037352858372
100036078669714
100035733049696
100024456690309
100021599076950
100036187044092
100038371057315
100038289851854
100038238012553
100038125848268
100036343572228
100036013621998
100035655361611
100035423559979
100025240539632
100038389803941
100038130531117
100038127825995
100036910249974
100032468011721
100009547336548
100000126555634
100038253192731
100038241133636
100037706469453
100037529101877
100036672100548
100034180202486
100030912458964
100012581323783
100009205076839
100007929250558
100034734108273
100038250997016
100034305871387
100026042570423
100008393349560
100038296121012
100038171745360
100038161876326
100037658692864
100036940988638
100033553788883
100029426326475
100025080613538
100012378007877
100001885907427
100038263421951
100038236873403
100031235091108
100038350117450
100015769115939
100029185389454
100024382423693
100038182755649
100038035221624
100036729158796
100035832428474
100034686636032
100030690073366
100038442750494
100038423882182
100038367996926
100038139878111
100038131824388
100038129244207
100037768267958
100037278193594
100036064533065
100035823082697
100026477941087
100024129170664
100022805056553
100017668565721
100003120217953
100002101184843
100038411252623
100038124096340
100038122428077
100031126782015
100038275751797
100038190819746
100036976456244
100036445702226
100036346884398
100036221800592
100036031821603
100035268863010
100035001515156
100033865446280
100022011773419
100008819792625
100002449446880
100014332669223
100024071372031
100038096093462
100034949681509
100033102587789
100028518173729
100014128180576
100038385303465
100003613227739
100038123042940
100036832453971
100001751262162
100029675299882
100038411610187
100037175073562
100008567702593
1469930934
100035403936648
100034515652823
100038450190230
100038340578431
100007836427319
100038145223532
100035463260290
100011393060376
100034055062435
100030848770244
100038218333022
100037183474221
100037128195394
100035143822334
100034421430461
100027971507518
100027594135086
100004369505581
100003705107872
100028347640857
100038438250735
100038185896454
100037395943443
100012806171517
100038359353689
100038224483351
100038176506568
100038107301374
100037956075289
100037732921949
100037286123562
100037083428585
100036260449929
100036026123595
100035714810072
100035422293359
100035201290648
100034574171333
100028667654925
100026773059149
100022179451077
100020317031116
100030648108636
100037318562941
100030692861763
100023543102678
100037952776988
100029551083845
100036883201515
100030335684710
100020374573459
100036695862943
100036272988969
100038104099696
100038256642283
100036849564280
100038224093137
100036842749571
100002952838220
100038230422591
100038261196316
100038257871841
100038218333177
100038142706357
100038141241267
100038098944065
100036909201345
100038276677666
100038224240741
100036150559326
100028054372215
100027549440957
100027346990879
100024281559259
100023700592970
100021839362498
100015836104794
100038228862729
100035554774228
100029225202874
100027455709031
100027418955124
100024184549347
100036355961333
100014149186300
100010099094060
100034671893642
100037384770905
100012179612213
100038078291469
100038327910186
100038184613294
100000365183691
100038301818722
100033878078053
100014254457106
100029291012689
100038190403186
100037934552077
100034567006691
100016772529338
100006570332273
100038065762953
100036518772554
100038379275273
100037802551380
100036136594256
100029416486890
100027754290985
100035098284150
100037840960349
100028203981704
100003463020274
100015610894413
100011553276366
100037921430545
100037426351493
100035782513956
100035695215742
100033793060954
100028302604273
100024512346482
100008458876547
100038396461754
100038164693318
100038004247793
100036421553341
100035402683008
100034522091365
100027197550526
100014979612247
100007106673479
100003863687256
100000927426549
100038377864192
100038181552859
100035592019873
100034542252868
100034448833924
100033517200957
100032600901123
100028274160925
100027106950898
100006815170836
100038342706086
100038252470252
100038243979433
100038230750859
100038177323160
100037820598729
100035628135558
100034904148947
100034806644932
100034501358714
100030369893019
100028043202133
100023500939816
100009919487390
100038370274474
100038230390489
100038201020996
100038191513837
100038186084198
100038109504364
100038038508645
100037997090646
100037982238484
100037753727388
100037653350179
100034977610264
100034455402314
100032565403650
100032288802486
100028888411814
100028394273624
100024216495548
100024195792528
100014093257830
100013997464410
100037800436066
100037587250996
100037513032122
100036407933666
100035836306486
100033517777493
100033053472019
100032815673739
100029068400012
100027986790083
100017214067721
100036985741661
100035223811995
100034670526414
100033943602147
100033214650947
100006009047842
100038186950754
100037206343116
100036622457340
100036066211819
100035859333280
100035767247288
100035568005037
100034326770671
100007172019997
100005070794708
100038164632859
100037151583816
100036164769758
100027746520584
100023911040127
100000072329268
100038300708705
100038251448388
100038106473837
100037686871837
100036037960030
100035968875674
100028342965225
100028314456062
100022966240205
100028317790534
100032649331536
100014981977687
100038294616040
100038104973298
100037541130776
100033869375506
100038320657404
100038254322055
100038083878793
100037634201496
100036450973602
100035862259219
100035526421194
100035428339907
100034613732212
100033913873242
100033540321574
100032878339642
100031644999150
100030647180726
100024750700585
100014320028958
100003350954048
100036204313457
100037115871617
100037956523923
100038149861267
100038152865563
100038376933319
100037755547799
100028728219484
100028406134277
100037843642410
100038182265488
100025332733782
100025317577378
571362183
100037502377007
100038263838396
100037744970415
100033731742772
100033560654332
100033154368948
100032141496318
100030863972641
100038280872288
100037935020591
100037554222610
100036829413140
100036088430320
100036037295601
100034801628268
100030114608755
100023750854473
100026234892322
100019358053469
100012860171014
100036448176514
100035868293348
100034384838143
100033118862130
100028182514050
100026071534430
100026061784298
100024047015129
100037852895556
100036745823144
100031717879486
100036430970342
100037334720874
100036584284399
100037285219528
100038095421971
100037259012206
100036315396398
100035639535613
100033870052496
100033175680623
100031520824032
100029489940720
100023673592109
100010049860176
100038347713227
100038135117837
100037509584122
100036570768371
100036556009099
100035235020882
100035092576561
100034269756587
100032400891935
100013489020573
100012370309439
100038323262829
100032685964070
100014984022404
100022274739428
100013899306723
100035875402208
100038369640796
100036241936611
100036102390920
100032351329177
100024733433809
100034542044804
100009704680691
100037929009577
100037451746952
100034562686745
100037600308290
100032681661131
100037948129366
100037038972321
100035982275390
100035565560346
100036922790721
100034497411596
100037576001634
100036872042000
100034435937342
100037225009722
100037093661069
100036313809684
100035025078013
100031222991026
100030596925355
100038013256153
100037912613180
100037756459410
100036025410203
100035933555777
100034732264290
100025030516638
100012963341200
100035493352176
100037909005705
100036151272124
100037627266361
100036248378892
100038096980843
100038016984215
100037998755902
100037830765182
100037776233158
100036808332668
100035996230548
100035842699413
100029018372382
100027547329028
100026295887525
100017105863373
100037969464345
100038134597277
100038083757820
100037647605462
100037571058206
100036592572135
100036447700578
100036418517402
100035675056991
100033763502418
100031376407283
100029202291019
100028494722441
100024536145060
100012734086310
100011107093928
100009827085865
100003102971816
100037876151584
100024032250401
100038174827435
100010555230248
100035767101966
100038004740148
100034871046581
100035914121555
100027398431520
100017899950585
100038124885907
100028511806348
100037919751501
100035582874127
100027173265294
100004932397769
100038231192651
100036268541724
100035927811351
100000991326097
100037482288470
100035693616587
100034310527532
100032881790185
100029262423522
100004037468013
100038008973562
100036742790929
100036460442397
100036213443930
100032570372600
100024726922322
100019327202857
100003906410350
100035119097452
100029863957886
100037058235783
100029356051968
1841545786
100038245653690
100038128514882
100037802982469
100037280511281
100037142146959
100036950440726
100031239512844
100029624324276
100027788304040
100038142639754
100038100223798
100037887879212
100037425467163
100037243368532
100036545049051
100035330914125
100033107270114
100032850064169
100032181013159
100030933678574
100030323674062
100030299439393
100030190026082
100027733941604
100026312476418
100025287053760
100023697976180
100021945043564
100038099414848
100038023548709
100036242496209
100035176233177
100034445715874
100033460523911
100028860584819
100027073431558
100023395005675
100037877293322
100025176369040
100034879536092
100011133091915
100037971503900
100035101398684
100034926486594
100038219764686
100038191593831
100038009541249
100035963492493
100035019861319
100029166966260
100028122861358
100027692414651
100038190182352
100038136884925
100038063416997
100037754412349
100036283516399
100035681301616
100034648290782
100034455450414
100031285474866
100031096794160
100029220834203
100018027374468
100013558387653
100034597958183
100009659509708
100036886782651
100036764901379
100033756931902
100036049809264
100037980533954
100037968291387
100022919919861
100010002258182
100037997842637
100035775233676
100031382813333
100009854109348
100036422618533
100035204565501
100032416955855
100027290682108
100023752713108
100023348716165
100015243152291
100032970438286
100038277001921
100035558778259
100014573978780
100002730617871
100037974594031
100005436189876
100034463768204
100038125934921
100037919568825
100037825562886
100028027969146
100010544010232
100008247649217
100038011491735
100037769272279
100037301302845
100036234889400
100036048467112
100034509411857
100029296249703
100027485555326
100025181754393
100015913062352
100038127998776
100038074607534
100038040767915
100038022738939
100036996191132
100035184450039
100031718209531
100030882272983
100028806323736
100024188960754
100023837921999
100022558805048
100022022803977
100033205643658
100017883336884
100037110019927
100005551030632
100038220752540
100028187622367
100034758345215
100016737073408
100037980562919
100030614093186
100032039371138
100031175296071
100038180582402
100038113215345
100038031709235
100037959294157
100037789874908
100037338187384
100036390981605
100035974390434
100034911287765
100034410408235
100029039207657
100022945716881
100017459837775
100012824010034
100010004206197
100038289660103
100038236592088
100038231191218
100038193514986
100038084264912
100036129947977
100035750712839
100035314911266
100030854919656
100029274903353
100026527524031
100007703143892
100034089894287
100029941822511
100023432152349
100022831060384
100014498944810
100038174072949
100033489845360
100032744615104
100032478630922
100030957855158
100024019299282
100011001370780
100009339563824
100023247996351
100037612449282
100032320356922
100020670469603
100028788846638
100038057285651
100030772429660
100028079972689
100038130792463
100037755938088
100036622694238
100034912813735
100031561694391
100029850607757
100029731613894
100028327103692
100028053016362
100010741991637
100000569737556
100036730231139
100035916640474
100037640645226
100037553633191
100036187148046
100034657567509
100031736557272
100023417913028
100021607364572
100038197231573
100038141433898
100037981760436
100037843760941
100037783171173
100037644162669
100037036393134
100036948069286
100036003153030
100035947421901
100035819804023
100035793707648
100035597980294
100034905132608
100034287503982
100034286391729
100033823511066
100022374434807
100013728075986
100022782470262
100034945457534
100036013304853
100028209872851
100035770066700
100037851831810
100024570833392
100036136038359
100037899584648
100035007619666
100038056874231
100037802272145
100035049424186
100038078018645
100037802302919
100036799397348
100035914775994
100023038028346
100038019331562
100036351931207
100036224572206
100035106284180
100034657668216
100032326846239
100029748427717
100023803821728
100022322443579
100037937684633
100037725700033
100036571218733
100036571070113
100035409894334
100035402950459
100035371114307
100034202120348
100033875894817
100033383310110
100032892252993
100022632904543
100016801353369
100014760965618
100031649451516
100030530490837
100029376198399
100031058952306
100037980944462
100008754760509
100028478641675
100033744227957
100035662774085
100037124563231
100022923430227
100030272473800
100033945222739
100037810577315
100037969746695
100038013245198
100038060496097
100036268515093
100020513254718
100026600109441
100037934885876
100033995839682
100022011772955
100033236449947
100035801490976
100008595402969
100036167912159
100026428302815
100037852248598
100037970897625
100038122476764
100034673190845
100035131114989
100027829631034
100037069387723
100033553747751
100034756362722
100021870610048
100037008786688
100035813172781
100016577866886
100037559089225
100037422721846
100036503950654
100035906598427
100024749377738
100037179856109
100035063331046
100037963833880
100037766235866
100037545075378
100037843851944
100037891693448
100038043785062
100024565755134
100034256423692
100032380789483
100034804785186
100029083993686
100037634101992
100037674676297
100026961787867
100036919632641
100009104864298
100026398954368
100036303165300
100032613833941
100037770020014
100037841182280
100037868415296
100038004313546
100038058932758
100038105702036
100038140594928
100037536855759
100015470492573
100029310289445
100009682459091
100037651721350
100027556332920
100035376498196
100037647893922
100034908695280
100029845987391
100035899419082
100035791127671
100035442216847
100037268053182
100035893273378
100037807364410
100037619052161
100037644622733
100035709977357
100035426376193
100002387817389
100038132943222
100036000785570
100028974258181
100025874783710
100037380481308
100012285128417
100037956608017
100030468713519
100029314851280
100037958194746
100037883706996
100023722217547
100023557181149
100034167849851
100030464003992
100036428112206
100036790926891
100033719465642
100037693173617
100034050819960
100029967434402
100027591217387
100036577879584
100034582320440
100030442539157
100035773371421
100034867158329
100037755167306
100037880777693
100028239169158
100037862075272
100037900598083
100026520847063
100031335972669
100032576417115
100033803724103
100037440951306
100036282519586
100005492649285
100023681987159
100026181468828
100037347155759
100038117461573
100036190326821
100017270707292
100036642621171
100024629256962
100031426930753
100034235252130
100024818176440
100031222897248
100035882175622
100024384315649
100033174046572
100017751752505
100037228232973
100036730870627
100032988332429
100034994972254
100024875270091
100036925703769
100037058749295
100037373584763
100033233492122
100037678809952
100032599146355
100033557375773
100035718492463
100035333560760
100022655869522
100035404699411
100009193328017
100022103460851
100022223312902
100036146119835
100032901042642
100034451950684
100038025246725
100033917136823
100005945264533
100037681308385
100033415222702
100038124870387
100037724574119
100037386438803
100033284536841
100028331813035
100024159222144
100005797634721
100037907345613
100037735698628
100037707827241
100037669522820
100037633953685
100037456487997
100037383843939
100036710490503
100036398677658
100036354316214
100035994612658
100035756800210
100034412743081
100034286050081
100034035623098
100033713453253
100032505068355
100032126468868
100031190827637
100029112586894
100027693280297
100025317743597
100017388840159
100013733808851
100007646702031
100037698978976
100038059473008
100032711364218
100029006253041
100027710714350
100016082430228
100037119450421
100036047403469
100034756035158
100034607031110
100034225185182
100033532146985
100033108064638
100027998312324
100027529550905
100025968543052
100017923239194
100036343805104
100034275347840
100021754551523
100037779642465
100024906969568
100034210850203
100035294682452
100033269265047
100036058598984
100032312856684
100031491094333
100037782793262
100035500904561
100037866253552
100028111913973
100037652446571
100029917336655
100037720904301
100037739644603
100037039762728
100029585912418
100031744519453
100037716202432
100034234723911
100031339542441
100037770540355
100037803434935
100034803520472
100031592057793
100037732072654
100036074708171
100033030170256
100006409830440
100037720101660
100037011185958
100036588982468
100034398126032
100033903671668
100033713401016
100024589191573
100037748149932
100036846040602
100036278558706
100035355210062
100031567582234
100015768274951
100015734592325
100013368576109
100037342808448
100037133640594
100035848300574
100029657102934
100029114173652
100028715118756
100025073880887
100037850443560
100037813776621
100035716043605
100037680223544
100037613842102
100036880206691
100036036797265
100035573830185
100033717850257
100033377296355
100031349903250
100031031034026
100029586322481
100028520513551
100028203520149
100024780604476
100024285134978
100019139778422
100037434286231
100037330991759
100037039751624
100035791279709
100035756311489
100034717001842
100030140593314
100029912003720
100008466554287
100037818375908
100036897553542
100034984956579
100001069474826
100001723438719
100037727962623
100037337958000
100037146048669
100035851095655
100014021385340
100037828202528
100037768355108
100037720090774
100037314900125
100037241021975
100037195123009
100037005961253
100036201344674
100036137474880
100034121464370
100030122568864
100029819177628
100028398854342
100027582070211
100026962552886
100025296304755
100024604937669
100023538322311
100018208862395
100017104865370
100009279720376
100037711574820
100037138027909
100037019827111
100036802685184
100035745617337
100035580913759
100035474101702
100034327291263
100032372529392
100026027359070
100021833568722
100004178014859
100037735851121
100037724114327
100037708892515
100037696369733
100037598354790
100027870600360
100015599730565
100015569237273
100013891362222
100013001564839
100012791760558
100036417978549
100037654326428
100037623082707
100037155738990
100035999541482
100030969620967
100004399205758
100037714881953
100034830288060
100031221843523
100030348223016
100005783229259
100035797242223
100036268966650
100034719408276
100036243120384
100035079500546
100035804806496
100035391729626
100025681938291
100034835050967
100037146313933
100028996099474
100036600464616
100028304372591
100034823891462
100035121571395
100000632949239
100035031192034
100034756476959
100038078790742
100038064451000
100038041801482
100038024733285
100038016604689
100038016392026
100038013304118
100038002415248
100037977666542
100037964610326
100037963057014
100037934616447
100037927895220
100037909660255
100037908360600
100037884792097
100037878941429
100037874682859
100037870685476
100037449702760
100034811223240
100036628010912
100037346329113
100033919449337
100029315854359
100035930051490
100019599969461
100015976897061
100037563125106
100035982232404
100036639142728
100036439148131
100036371565104
100035413567418
100035312803986
100034425981495
100030675916551
100027134042030
100023269777516
100012912816419
100012688447932
100033447441199
100037369161685
100026971942819
100037966835472
100003997273224
100038038530284
100037937316869
100025203009685
100037413540582
100037699912984
100010474805542
100000685562552
100037738340370
100034998885989
100034263854807
100024841755872
100011362875064
100036913699899
100036421173361
100015316754607
100035773374368
100025210209377
100036228570764
100035850250883
100035363655830
100022409236035
100022049323535
100016174743971
100014399778275
100038043871127
100037143397741
100035069123998
100034618422694
100034501984883
100034239256481
100026824323742
100024853583071
100037813113972
100036194264631
100035091012443
100033374087052
100030665379039
100015996810277
100008045523648
100033327380082
100027421613021
100027377671585
100016664474507
100029071000475
100037850052025
100037853861935
100037774246495
100035321201445
100027698837674
100037746168754
100037689982592
100030125109098
100037216101269
100029451302702
100023440937028
100012855673251
100029311312673
100029275530106
100037289917454
100037842101700
100036899022578
100027103562379
100016678422053
100037910645254
100037744089272
100037542181650
100037209243686
100037127301461
100036133650308
100035618643163
100032563383181
100032523002057
100031153830478
100030904852899
100030110446376
100029797892151
100027433120888
100024761584552
100021305885969
100014404755110
100013319551784
100006211926660
100005752801361
100035707994969
100029307490335
100026610182842
100024805800621
100034699902472
100034934825043
100037297754030
100037596670295
100021592333188
100036927199391
100037364603290
100014932392888
100035751675363
100037694000200
100037630943305
100037695649603
100037400625254
100024885891490
100037841709096
100037337083336
100036869060598
100036697665123
100036638168067
100035908523992
100034415384584
100034087404379
100033972593643
100031257104242
100028321536259
100027913822083
100027211200762
100015748179185
100032792629272
100030201814404
100029936708220
100027357803943
100035637952005
100023344304385
100025309309671
100017878157792
100037194703158
100037520714369
100037488194451
100037286180955
100032186467159
100029282357915
100037695916084
100037646558908
100037575860282
100037454913975
100036265026394
100035897484130
100035783869895
100025067596089
100024711600226
100022789339127
100019254336973
100011587235096
100037471057935
100023215748577
100034824524607
100037682947399
100037755914939
100037326451929
100036106052820
100028526543507
100037141959573
100029279385978
100033490012034
100034259493990
100030238422293
100028067806647
100036970403430
100033492753747
100033442612888
100032291046022
100018735857611
100037683650671
100037476366122
100037232979566
100031496500509
100036805623311
100037628482838
100037035408578
100034338332974
100014569680122
100034988362687
100031752513621
100012587508660
100037805560242
100007518365657
100037877852014
100037599110977
100037583260316
100037134323772
100036332123464
100033163213173
100032676222060
100032156256280
100031174245224
100014033169408
100035538645059
100032289210380
100032745815993
100023725761095
100037878127178
100037683250692
100037410107999
100036305926342
100035339552170
100034165952320
100032204453949
100030507462278
100029798926107
100005005277186
100037954861949
100037749514803
100037675788982
100033331284029
100033093843291
100037670411197
100036201405355
100007930698604
100037929183559
100009798763459
100037655051845
100035837512132
100035733574833
100033879169069
100032641742894
100028869829215
100029441105407
100037240835146
100028690783399
100036565350718
100036461559713
100035297085399
100013569612819
100037434229139
100034322470134
100037913852447
100037873387126
100037822750638
100037721107706
100037280831442
100037158907966
100035058559903
100014840646062
100037962391880
100037831530709
100037779999818
100037584231744
100035790822428
100033840151903
100029946082625
100026158295447
100024033284385
100022827485940
100011047063851
100013152151254
100034260794209
100023870653497
100023659428197
100037827129885
100037664473603
100037193898587
100036883725333
100031167949806
100030128383076
100029688558745
100027663111783
100023235494047
100014971637469
100037831353387
100037746973783
100037608486851
100037536815411
100037073767191
100033305671697
100031842994072
100023704370712
100023611521544
100022688003685
100009022775654
100008324191252
100032329414862
100032380606554
100037055195934
100019421916741
100003523551231
100024469691247
100036571570200
100037687188065
100036959535527
100026385324150
100037703085689
100037400710043
100036365256753
100035273553771
100035033809413
100034613205232
100026863571637
100025189147337
100013462205060
100002183101124
100037733528519
100036179351486
100035871247286
100034520258081
100033036441498
100032674800815
100030138608919
100029162043735
100022090951608
100037822539799
100026609901385
100024971767641
100037973970123
100037486964237
100037442137443
100035620833896
100035157350283
100034554274293
100032370632182
100030909952485
100029512112725
100027764375783
100027237074459
100006186540923
100036699038523
100031759682748
100025473468886
100025268717154
100016128039006
100037812968924
100037598002827
100036802235868
100036295367546
100032409282733
100029748319079
100024746370059
100023174647708
100036833353648
100033020152779
100024732469364
100011301035845
100037801296283
100008605052351
100037129173462
100037052297488
100036753709182
100035520486662
100035278354733
100033622050322
100032743635500
100030167641156
100028094130893
100015872920035
100013688475420
100011281518446
100004082602787
100037842338295
100037668730761
100037641373405
100037604176326
100037451388218
100037131972478
100035851428662
100035791043229
100035687211708
100035466640908
100034996576024
100034994612532
100034926433766
100034099402946
100033768978199
100031836953008
100029710881588
100028889207092
100026362731320
100025160432450
100025041710941
100024033951198
100023246799628
100012756154754
100012608956836
100007730881237
100037747874803
100037290066092
100035523066877
100033339767602
100033231578815
100027072771618
100024099815650
100010702146287
100029747472613
100037847642148
100037178449725
100004377017716
100037200666600
100033714572997
100025880354122
100037395663245
100013223523228
100037745444098
100036611985088
100004718416751
100037954440709
100037603282807
100035432349738
100034547511940
100033601684567
100033102032001
100027951424703
100022843022692
100037675038335
100037362828717
100033073743983
100027251715121
100025966688547
100023933484090
100023547784168
100022248062628
100037612835487
100035209779545
100027964157243
100027308400106
100026491843475
100026012043624
100014737501830
100013595493273
100037681636015
100036080414792
100030539404951
100025280250454
100022037320294
100037310200278
100018866100646
100008022580806
100030738820961
100037668736184
100035380275723
100014170443954
100026733369212
100016402509149
100037934911068
100037708845642
100037682627437
100037395010800
100036851830598
100023468961873
100037587856941
100037483232994
100028995666084
100028649418781
100026952851037
100006722013253
100005029566554
100037306655042
100036592592803
100035505831338
100035318869651
100034510547233
100031246246881
100030419940451
100029901911329
100029114131948
100028939213604
100028809091328
100028688530478
100025343930751
100027898819766
100035584268584
100036294969184
100030272838554
100023361948746
100004838233043
100035364001207
100036319711522
100034642177065
100033971267067
100037010348111
100036901693359
100024975159696
100037553841072
100037555970487
100028433225322
100036197389450
100031254042806
100015213363137
100004611859494
100007548035436
100028527256522
100030317442831
100037138044264
100030466062796
100011597986879
100008452262441
100037703055477
100035252044898
100027161919711
100037067860147
100035996682942
100034294680197
100032592492986
100025682293969
100010936176538
100037385116082
100035289920829
100034845971295
100033674920116
100032106963565
100030524566575
100028758451776
100015213184755
100003343920486
100028908773423
100037761516594
100025781319859
100034308692928
100037900561660
100026321384733
100037681335901
100037646688333
100034841381291
100037430209830
100037813054971
100028134695096
100037744392547
100037553844104
100035680161775
100035523692452
100037458262824
100037182105851
100026101307189
100026042645386
100024653310809
100023235510045
100014567179257
100037183774505
100031995488628
100027913516326
100027362760650
100027169058489
100026847782291
100021878027470
100021761747326
100010078720253
100037604408788
100037534806006
100024392040590
100035010103618
100029059381900
100025261594826
100026658484917
100037351695311
100029779777042
100037513193378
100037515437945
100037520842975
100037546313845
100037572261734
100037584471045
100037587198985
100037654092191
100037687125065
100037718773238
100037733651347
100037737371645
100037774118288
100035634603344
100034744719627
100037774477669
100037794308076
100037854211409
100037874042935
100037889551508
100034551161469
100035251061408
100024853713463
100030868357942
100036251350198
100035813257724
100024673353548
100022184243514
100025228666491
100034606426869
100033035229357
100037017017598
100037117030957
100036873168218
100022312694617
100026478136779
100035145109463
100035397519004
100034012472327
100035884417614
100037020172756
100034545271025
100030250260441
100016068906215
100022872113572
100029647770277
100027609047167
100031746240572
100013824288666
100035783234808
100034305607802
100033318350914
100035697063294
100032067892965
100013504304449
100035326351332
100026349961131
100034622482226
100034513930330
100010031827019
100015811817477
100036481757537
100026054356370
100028943360201
100029496846483
100036981858678
100031157238108
100021622501753
100030610758522
100012838900698
100024551535950
100033755000898
100030700701120
100027018903854
100015969334343
100013922652621
100022700991749
100037492719963
100030722318468
100034494312262
100037663230096
100035807808794
100016430410886
100027983019834
100037007062518
100037595853561
100030859969521
100037292191996
100030624257293
100034235452219
100022625777985
100037642713465
100036397714144
100033003017450
100036225769768
100026902752508
100037203140054
100025804308795
100035362813174
100029020147056
100034808297661
100032374791296
100017912107342
100036115160087
100037526071151
100033288098545
100003820890695
100037824690347
100036519843343
100034630303603
100037735211529
100034149874389
100032745320151
100037670140786
100027052635370
100025466611854
100023212626502
100037548112773
100037070344721
100035945822359
100034283019097
100033842853679
100033310793543
100028842162020
100023905122046
100023373464765
100021795422376
100006594820359
100002347242925
100037586990638
100037544630304
100037427541714
100037260502768
100036790471322
100035965968831
100035240972598
100034824612735
100034807369842
100029268081001
100027823844979
100023635474887
100014696557991
100012643544457
100010415913176
100035613709792
100035593812394
100035322454838
100034179423393
100033437948405
100033318967015
100035235495192
100037273253116
100037035152825
100034338272618
100021877942441
100022112412175
100037631194822
100032400692701
100037742732835
100037696663868
100037687631840
100037677432451
100037453313386
100035204555600
100034707066776
100009649881312
100005427978433
100033524601888
100027829953259
100021917500356
100037569810449
100034318159174
100033028876685
100036299418148
100029756820017
100037440606912
100036074498111
100035306916345
100032422930758
100036125474623
100035787503424
100015451591174
100027036647687
100026324087716
100037813714396
100037376223887
100036908526835
100036857433602
100036457278005
100035823412852
100035711183161
100031135086837
100015101779280
100036708132662
100035783723835
100016900689072
100037258941956
100026204414416
100037611347325
100025884431082
100017373515110
100017076729045
100037832073296
100037634590396
100035785463312
100035567933979
100027428178892
100015022083357
100035999437885
100025777343922
100023162170752
100018320767243
100017197277353
100037370920028
100032725923142
100027928187698
100027848106517
100013550410645
100037694201330
100037685585430
100037665933554
100037264878450
100037217893741
100037043358119
100036991957506
100036078730390
100035942680090
100035865705370
100034096660461
100029114355422
100027769579465
100027409237831
100026735839363
100022336840828
100006578859153
100004766857142
100037851512127
100037754138360
100037729293359
100037572769837
100037524022838
100036301800721
100035964755965
100035868890332
100032731411744
100027263293345
100037652115075
100037511003335
100037400077127
100037056227429
100035969383374
100035858297665
100035582796658
100035581173264
100035555885283
100035464775898
100035285857019
100034965630117
100034232641326
100030651792350
100030390665967
100027792922069
100027441012302
100027316193860
100023169406656
100018030035117
100011041181986
100004202674353
100037652949896
100036729170661
100029214705909
100036203445733
100035231161160
100035788813236
100027901461298
100037640316843
100014396238846
100037711683297
100036290531931
100024644349488
100033800689404
100007458211185
100033660212570
100034391871852
100025538850603
100035723232779
100034472748138
100033862213333
100035717974542
100028516544210
100037015778893
100033905525180
100030752452760
100035760669869
100005224721498
100037791303862
100037688199521
100036549333481
100033955653201
100025579822930
100035432948919
100036115749974
100037119820571
100036562329995
100006862173556
100030010564165
100037533529579
100036633695250
100037496080043
100037562412568
100015489254315
100037685431509
100036372932405
100025786910288
100027096772274
100030757393777
100035830876451
100036956448330
100035834373889
100037469813210
100037201507959
100001311026580
100014180348477
100007243815473
100021877894769
100036242888979
100034957592430
100008317266802
100015514743078
100036077387987
100024536987543
100031206394265
100036183489973
100034827302095
100029601886076
100036356046698
100031553162662
100037457663846
100037673672105
100037700793054
100028618808019
100034645054622
100026446262119
100034166296688
100037806302242
100034586024237
100033098048249
100022555446060
100037302529512
100037481989037
100037721404311
100037768413617
100037826310933
100029049462613
100033087186590
100035985882128
100015133752241
100031938312520
100036176793021
100028094721830
100029242634837
100036116526067
100025366000922
100027144859613
100035838151450
100030891262351
100037712437881
100037717925183
100037761813719
100034905373444
100032193799870
100030985751461
100021901877553
100012334118681
100036530135333
100029804201911
100010271921584
100029731722972
100035296263251
100036622217145
100034558752859
100035718660203
100010066806645
100008030444172
100037240400571
100025069519289
100016877323400
100031802482963
100029140784161
100029483792523
100005122487579
100036416177114
100004307621660
100035493130833
100026753590930
100028933398591
100037572616153
100037811880915
100037059251964
100024232999545
100014796750758
100006252785574
100035260878303
100028627658139
100013927517046
100037126760982
100035135957711
100035146757362
100035769159239
100001550815147
100007415281911
100027337103705
100037052122231
100037743545104
100037768052584
100021993015265
100037598174259
100037620790570
100037673739377
100036400571991
100029307722716
100037511640930
100035374111326
100034958451405
100006431517134
100036577381494
100016426003168
100022029814353
100032240137207
100036267143962
100036489464002
100030157954224
100002503953820
100033951789620
100033413880826
100015551264033
100037460151602
100030485614537
100036058932678
100033837097934
100030240080346
100024405340914
100002241829249
100036724742526
100034843603692
100029951136180
100037109513609
100025321069460
100035875392909
100027891173079
100037561656668
100037442086682
100037560914950
100034580405304
100028716744136
100011041513174
100004744652144
100035699743301
100034917960243
100035766661032
100029715124310
100037690741737
100037415510915
100037546328925
100037633899650
100037658258871
100033060561110
100037686367316
100024193542452
100031441092957
100031933842709
100025896752871
100022819088775
100010270772736
100008754737816
100033378349021
100028964292563
100035483540462
100023904020345
100009509618339
100037441069280
100037680064092
100036334687608
100033737950557
100034644294353
100037657775330
100035810688755
100026659996709
100028905272315
100024977985530
100015833891158
100034601911146
100036989647857
100012113656295
100036482536467
100037640162755
100032297012521
100037679855762
100037529506085
100037526086300
100037750592311
100037652702574
100035147290036
100034826406345
100030020087890
100031246509147
100034725498143
100033516841419
100013085685905
100014239478449
100036460271830
100031644242391
100034845770492
100028154928201
100036346551195
100036337711046
100032071620977
100028217149491
100036039283742
100023742579509
100036711530330
100028329457188
100034867252015
100037293180152
100037246471220
100034219031797
100033466361780
100037483458111
100037543485194
100037565202056
100023858379090
100022461812498
100035773592681
100024674161929
100017781339926
100035591140890
100013348457292
100015176289486
100025256177821
100024230272164
100018146978638
100036637549024
100037332153311
100037687054137
100028303410268
100006230085618
100029270106432
100028845201087
100029195233867
100034434764419
100035752383829
100037351602228
100033562171329
100036678518732
100033757239111
100037058214356
100016048928039
100034537905934
100004480091532
100003814114512
100035306674308
100035357985921
100036291781082
100030070560291
100027843002224
100013646949578
100018691687061
100031090782047
100037226751509
100033545031777
100003657606431
100037662362780
100037674396505
100037258417640
100034986943989
100032965533369
100035941731598
100026783141961
100030402343956
100010640718622
100007303805005
100022003200778
100037611129380
100035528358097
100034300203370
100010701285362
100037496026121
100037661676425
100037276163963
100025398008599
100028515546058
100035754132518
100035892214525
100014313697582
100032911550509
100037386066384
100037365454606
100036483559514
100035850258225
100036035603399
100037287529675
100029117931062
100006880396104
100000372425352
100035356263789
100024834793987
100036213617524
100004409437068
100032172542197
100037303657164
100027361483819
100027787563770
100037544585525
100018916241227
100037271714581
100025852052132
100037614001946
100037432400034
100029778679263
100022443834351
100009088524952
100029681232121
100037447065907
100037378184731
100037447938828
100029767999798
100033908509439
100027212940447
100037327160069
100016034324875
100023891928691
100010212763139
100007619433621
100028881162206
100031496599730
100037069503499
100035881240462
100036826547271
100032461012476
100022362270717
100000156735419
100029944998306
100005854453472
100037436179147
100037719992108
100034260274692
100037674364983
100037345434315
100037253094057
100000011590500
100034868736054
100013495210886
100024165198233
100034563061201
100005070850720
100037131682126
100030482136449
100003927564728
100017639839285
100036194582875
100034030032450
100036702260134
100037411474981
100032021350266
100009098514389
100036156030241
100037575790341
100037584039984
100037258844000
100030709207829
100034401255581
100035665061384
100009025774194
100036661482225
100011762101951
100006456162932
100014680922955
100037330081805
100036026532821
100034960110432
100027883275073
100023157963351
100014192494320
100035850303079
100032522766559
100009111260771
100036495067273
100037309367705
100031184482912
100030434033688
100036584114293
100024843371231
100034576689862
100035898064699
100037616734066
100036555306115
100035487512026
100035777315327
100015356978407
100028190377109
100034656300241
100027663585468
100011781425658
100033346926958
100031802077268
100036378972509
100037386171547
100037400539870
100037439116800
100037439447839
100034960994472
100037368602136
100034498570803
100036843071595
100026544555011
100037528002110
100037529502711
100037560549729
100035682518852
100014696342497
100036955266210
100036211812712
100035307196970
100031156486182
100037218670181
100000249196561
100027371109542
100012143897095
100033867131866
100037252450709
100018646542032
100008396116822
100036842222926
100011483511121
100016040974959
100024922200538
100005602983796
100034136990648
100035694859435
100037131248591
100034761581372
100022672714784
100036850637870
100036148841836
100027959179302
100035201675261
100037085030666
100029551193100
100037715640471
100030105730888
100010863031892
100033708127724
100028612752535
100034088539728
100036591519148
100015438000344
100036772756346
100026733112402
100036979999552
100030113925836
100014231042250
100033441888004
100031259381818
100024367278344
100009469217578
100036530821808
100010458826943
100037228204820
100015761747270
100036766069414
100030277472574
100035057324430
100010248450118
100009414970678
100017978262615
100037452465559
100033528434074
100033680030491
100032250009263
100016519234521
100009378345484
100036966859319
100020241708662
100036594900633
100035741184341
100031119371401
100037474200415
100030018017416
100036917831315
100037088542550
100036260330355
100034424754385
100037270008783
100036166483363
100034350938645
100034522505922
100037602846324
100036484222089
100037116228522
100037167760309
100022413202767
100033872046325
100037327789335
100015397366165
100025326773967
100035995752439
100032801614694
100030285699085
100035689806000
100035284290848
100035264793608
100033111581821
100029077513634
100037037409639
100030019654214
100035402011668
100037184661586
100035184934929
100035699892944
100028892292493
100035929927511
100013933002541
100034413731639
100037256386411
100036374733131
100035787740011
100036487656078
100028445867141
100033490425603
100034306925744
100023301890437
100027733733338
100036846661679
100026307223031
100032861642850
100037330064343
100037447175562
100026688754163
100015194376555
100036052673262
100037277895215
100036995389261
100035287982780
100037010460732
100034217064344
100035987015145
100012103667410
100036563304119
100037300687687
100034887157440
100026195370676
100037574882436
100029441592286
100037099861633
100035405642312
100037232622849
100036728619213
100037046884128
100036817023627
100036806138077
100036667890901
100036330198599
100035574818632
100027432782176
100023847977788
100023836761344
100036153720336
100034097447309
100036764210579
100036903362797
100024549113996
100035840439270
100023797262856
100035926907068
100037048025740
100036443895969
100036051982235
100035641513269
100034588416225
100031679647318
100037298897832
100037241713258
100034631382106
100035340110405
100032386993131
100034706881797
100023751291127
100023681770314
100037553734318
100001070355634
100036520332851
100037219082601
100037121364374
100037262619628
100037310867264
100037312907241
100027754475008
100037370562836
100037554693380
100036717798556
100036144185345
100036319241929
100008189986274
100034279924854
100034887222534
100035896774932
100035424639610
100005961461332
100031365317422
100037325947423
100036319760679
100011149029291
100035107773178
100029461756706
100019093599024
100037226776676
100037389609914
100036133083428
100036352308301
100014888353035
100036293979176
100031283896666
100027159766558
100029685249768
100037328416327
100015489430581
100037229813548
100033680806455
100028373087977
100035999917273
100033195102455
100028427541327
100034440755053
100037267607053
100021509959047
100023631497089
100032862198220
100037199742606
100036244504379
100027417125979
100034436628857
100036916521279
100010300183670
100037231523267
100031384713530
100037229262038
100030117411247
100033286388573
100037368756482
100037222070883
100037118686632
100036158381499
100035179430549
100035150567153
100034982934305
100034705304547
100033737628337
100032979947032
100028082513571
100027433155496
100037214933574
100036840069472
100037330683869
100035418473817
100034917362153
100034703070792
100002493559607
100034613283142
100011630797544
100036852274742
100025938291121
100025887112224
100029501087702
100022711232224
100002865023948
100004568138526
100035919251440
100000063408651
100034584434142
100021401148673
100036261815184
100036491897692
100037310744513
100036749504742
100035842362333
100035788249464
100035518967427
100033362501245
100030119929639
100022850554495
100037488515861
100037411870547
100037281349289
100030589012069
100028294121459
100026375746754
100037169681205
100036482566784
100030800897896
100026219682284
100022501950358
100021946084940
100014850788335
100010193222300
100037213673287
100036975639923
100029680424008
100027827989435
100029476892526
100002366979144
100036425954093
100013234835916
100028806408880
100034370558268
100036725980560
100027875403702
100037022843394
100036458824883
100016758001074
100033321972501
100015529202515
100025614427331
100027474380525
100027724156219
100018221286314
100011126925462
100035672449877
100037281978290
100028398583731
100035932712286
100035115130449
100014510118359
100037186849397
100036608987872
100037294424053
100037181747309
100036599103868
100035147809516
100028854246640
100028459518142
100025097088789
100012666909096
100010862202304
100035894916688
100026288551100
100008266441900
100030315129921
100014608996593
100036986722525
100037216268091
100037084294899
100032765268307
100035310740031
100029784243761
100002985650055
100011388009509
100014783529230
100017552201796
100036766332330
100035860748903
100034893461655
100037497694131
100037268834968
100029190933633
100023285916455
100022288051954
100017534296348
100035814874015
100025975187181
100035700305059
100036515353411
100036192903008
100011420567038
100036195759989
100035908774636
100034706510455
100033986029843
100005226692428
100037345841261
100037449097051
100037083411663
100029224651080
100023725181972
100037474890974
100037511013197
100037139121673
100037074249531
100035143871275
100033010250670
100024325502319
100015659021888
100011587279796
100006310474457
100036744653475
100035238289765
100037476482712
100034598135751
100037300512483
100007073014560
100033052232711
100029963941701
100037386640688
100035555838456
100035203792559
100034415492059
100030784572629
100027647513929
100006287146177
100037503841236
100033334290341
100031993789303
100030723888080
100026098772982
100025756175577
100009455993368
100037281165109
100036710050963
100036685363206
100036481756124
100035665060239
100035525040786
100035118934538
100034614542193
100029856459959
100015125655328
100014786529750
100011337998212
100037023939727
100035133857253
100033887840442
100025654968677
100036613161385
100036070241020
100027294527785
100011811254815
100007554345922
100037441596168
100037270636781
100037159523315
100036420842411
100035794039520
100034188391814
100031999580806
100031305470927
100028413191779
100025151868110
100024454756056
100023543194841
100022776512727
100020896533821
100009084205589
100007914855004
100036689648586
100036513405090
100035685079857
100035304471918
100033740003878
100033562070152
100031051463829
100023374744331
100037222302640
100028863621429
100027506107032
100016017967920
100027333832971
100026960492982
100022438354720
100031750066597
100028489592824
100037411505436
100036102901750
100034870241958
100027566656273
100004907461294
100037478372922
100037210069889
100037409767491
100037227552039
100036277968312
100034916689290
100034619813727
100034268823846
100034153682145
100032417722133
100031884862339
100025928280636
100021917735561
100013255711995
100036944173657
100036483936468
100036089161845
100035694293699
100035691542440
100033315644837
100029780500176
100027275661951
100026815924641
100023967914204
100005430917256
100034294669038
100033515662380
100030391634737
100008347932031
100037223796145
100037153728005
100031023128379
100021747200964
100037262626268
100030397173582
100035628020047
100025102359799
100036626835146
100035327808773
100023827279627
100037136424160
100020893031787
100035146957452
100034876780308
100025363908651
100035231312782
100037470392602
100037442944453
100037341998687
100037199330170
100036827949160
100029170793986
100027906124880
100035650583941
100033147279679
100032206095657
100026745262885
100025489700012
100015907746231
100037512300602
100037221940423
100037174791043
100028601712959
100026133194331
100023276371214
100012701252782
100037421042681
100037237877616
100037091273964
100036822374782
100037321089510
100037243456406
100034129006656
100029898408643
100021962933310
100015528907590
100027517749330
100037431874772
100037179290879
100037102792707
100036324429038
100036186693476
100033697771450
100028927055882
100027556241834
100027133278521
100023904821415
100015751333110
100013386273175
100011405922339
100006928989233
100028207125039
100036790641024
100035296566568
100005856667493
100031744788423
100036417527717
100037224726368
100036760410725
100036117512662
100036086535123
100033134520471
100029908461654
100025972912271
100025751543920
100024367005700
100019478858906
100012368652111
100007007349712
100006761826737
100026360748495
100037469550998
100025023616407
100037486050671
100010121431407
100022395675314
100022007239445
100036073065471
100029787849470
100036830767411
100031575023937
100034325292730
100036112690700
100014617000253
100037067439481
100033336735342
100037293160143
100036185423670
100035765414505
100035573532399
100035511755588
100034609636401
100032794655690
100030378975577
100014535107977
100037306600053
100037212765759
100037200618141
100037152141527
100035317415637
100030583338027
100027292951776
100021700113378
100013413466329
100037370707577
100037321625831
100035776263089
100033999766978
100032557029772
100030341602819
100028945244646
100027005002491
100010186967615
100036858544937
100036779543132
100036328503544
100037252212667
100033507273984
100037018096665
100021456278747
100033249158555
100036584388644
100036281701215
100027636273114
100024388711140
100037009687824
100034614521203
100027875986632
100026508857001
100024926227441
100004092893308
100037444530773
100037194916116
100035936055995
100034996873082
100034548213084
100011077008440
100004096296330
100013239789586
100035849580859
100036908092274
100036128795151
100036205331033
100021888729414
100033278088593
100031319431057
100030637575064
100026836277666
100023844695077
100037368877333
100035601142918
100033737774822
100029748964301
100026601849582
100037258722263
100036883306698
100010887007966
100037389455170
100034932060891
100008379853397
100029214700925
100036182800522
100035488337740
100033071084100
100012139037869
100022415891885
100037159309441
100037378536304
100037136317078
100027539783219
100021429893684
100019181357868
100008370916781
100000808550138
100037397281373
100036704751538
100036038416247
100033544660730
100031540997177
100031156022560
100030128509421
100028824829459
100025154074745
100008959868995
100008716412214
100028515851630
100007426950011
100016138873099
100036892113016
100037031150087
100036361203994
100024066769490
100034517572681
100026067950304
100028911226833
100036602557147
100017421008663
100036954792444
100037410033533
100037125111044
100036235726528
100035951252604
100028621553244
100000952008954
100000139010880
100033809113879
100027379802723
100026548067956
100034751462891
100006604814683
100033904711651
100037131470308
100033106281390
100036005104750
100001231136929
100033554440712
100036291069002
100036406206429
100036249486352
100023807200278
100037325016316
100035975371720
100022351110273
100013598088693
100037009217136
100001512595026
100037260551195
100008129914173
100037287729087
100037141899652
100031699710164
100023013395003
100016851481328
100009273772288
100035170040016
100037099540037
100036994696759
100035767878422
100036272826986
100035755215687
100037204540929
100021598661346
100014359772115
100006062040121
100011178859332
100036619122915
100027146619791
100036263534375
100037054342359
100034455890700
100037070509230
100036197010627
100007476406430
100036844786776
100035482111456
100021874700202
100031905287252
100031774262123
100036739980836
100035287337450
100034470831216
100030533777581
100036029580751
100024590130920
100036962992616
100034394314265
100029573558707
100032891409962
100018161046219
100034370415970
100031878319038
100027969502152
100024480639072
100013378361578
1691571009
100035591630675
100037251071667
100036981523009
100036075603391
100034709371029
100031829076589
100030997400878
100022823923155
100022091176404
100035824515708
100028307599987
100028015539968
100027450376525
100037196255387
100036343861821
100034149301427
100033741104186
100029922834216
100020713092205
100011773780115
100012869762325
100034739973613
100037140372368
100037300296235
100037352884339
100001278784940
100024769604102
100028888050260
100028732116237
100034261540540
100027731075112
100029342020206
100035407683804
100035453230264
100016088527396
100037089140907
100036819743080
100036883025224
100035918136096
100037022316582
100023874332813
100036318364398
100037072115729
100036687020567
100036192457729
100021678156929
100036281024333
100009284279907
100007929194906
100026871992507
100025517242644
100033748753255
100027224750830
100026816284113
100025847381830
100031925535239
100034517288295
100032030259998
100037158975999
100037351653581
100036704683096
100036401183868
100004033444144
100037078728467
100037040835575
100034491226535
100033430778620
100031828216296
100026581569142
100009299514194
100030863225066
100008295692859
100037118208761
100032198971093
100031918605129
100027165101543
100011186105440
100008138175405
100028946541492
100034379682266
100036839855855
100035586662736
100027249182031
100027676180862
100001550050060
100036718592037
100025935742178
100036360413320
100021314931717
100025781434927
100025336843069
100024754633995
100037129420509
100012883382027
100028860392350
100036574222580
100026403853273
100032504837068
100037328101751
100035285477657
100017483555582
100036799275575
100030975982443
100037241920470
100006177941348
100010513535674
100037022922668
100036986391241
100035359533621
100034892016794
100037147335292
100035954333918
100035992750134
100034726268243
100027049507282
100034923436027
100028891540267
100037167431396
100036806312004
100037149130250
100014891739815
100008501016407
100037064744765
100028684635353
100037080660458
100009340138494
100036395473333
100037097478204
100030888380846
100008174072778
100037264658595
100037162327928
100037073239947
100034884166731
100034123487852
100033513061563
100032603404764
100028327429640
100012440023787
100009468965280
100008430965389
100037150564137
100037026393301
100036217395300
100036179626438
100035912446811
100035769436561
100035522990805
100030495916440
100026913376110
100026558790955
100009384461198
100035326847712
100016084330997
100033758855069
100030946034120
100037185090780
100036384527294
100035865353066
100037120328851
100013162413932
100008708649188
100029553554598
100035074071102
100036894695922
100035960225976
100021747619973
100018712510728
100036291667875
100037354171591
100037370011018
100032487731004
100035503179535
100027563733667
100032348509222
100035183703994
100034949716943
100031651221628
100036484005991
100035258914812
100036763605789
100035625915930
100032106439361
100019877730914
100032006150915
100037353061169
100034798750539
100016109194009
100015208213279
100035078146832
100036364091165
100035407031644
100033538808070
100029181013257
100005013009355
100029574186076
100035597838746
100031301632259
100032915061112
100029395952574
100034882850084
100036564876867
100027102871975
100036947831044
100032525144370
100010134974626
100029112871391
100036367654592
100016969754083
100016871918261
100035452869748
100034778718666
100034196862254
100037282801124
100034073721978
100031094440590
100035710177987
100033569057075
100028536933672
100037307942204
100036046897574
100033979726433
100008104961029
100036754134203
100035477351301
100027416404731
100001197289945
100006986412446
100037185455054
100027810740858
100037021551195
100037019980699
100036991156360
100032262664385
100031863994791
100030634480855
100025204200735
100025155864176
100008804862369
100036036991047
100036857701667
100033975818080
100037181767868
100037077736957
100026850153721
100023424518843
100014835672245
100033390003481
100025647022254
100036999498962
100029196397791
100019634550465
100018485111960
100012556900298
100037113761347
100034267878762
100037118171207
100000314475125
100037213506623
100014697615429
100027368946722
100036454412429
100023051471996
100037048515509
100014569810883
100035450354460
100032396961140
100025306513174
100036984952105
100015975720124
100035625228569
100036989538579
100030521880743
100026607380744
100024073486612
100037081062178
100032494729233
100022675691209
100004618128357
100036955821851
100036928161177
100029886910866
100037146755246
100036099691269
100021940253782
100037298612598
100037079644857
100035042614838
100025203605330
100010649165384
100006432660948
100037214587723
100037169229082
100036589065508
100036503620644
100036125503749
100036056262141
100029989543601
100026904381111
100023741730782
100015810243658
100012885902952
100036839121709
100037225591784
100037224426236
100037192442086
100036917720047
100036883523793
100036863874311
100036131041102
100035638389154
100035306991431
100031772717912
100031609934801
100029174112058
100028901209969
100028793612311
100028785670143
100024594452867
100022882923891
100022770409843
100021981243072
100017082246366
100004377782342
100002556109209
100000082396014
100037110102474
100036131529374
100032343164339
100013432720739
100037280492291
100037218033096
100037110541048
100035147934232
100033617792281
100033362564448
100029591824796
100025666754920
100019678351446
100010144530415
100002141638872
100037219233101
100037216959760
100037024519209
100036986394121
100036426907529
100035928263739
100034635940486
100031490184111
100026134218186
100017894916425
100015156134012
100014748181149
100009420617769
100006176952862
100037019204843
100036974780812
100036582781605
100036299584566
100036141852480
100035893774503
100035364162834
100034904131754
100033237870322
100033195739721
100028134668739
100026550961842
100036721394032
100036318994017
100036272630062
100035905333887
100035766994866
100016897353960
100004429427201
100036977104668
100036742485420
100036635026709
100035929290382
100031501853222
100029262047193
100029006809649
100027818851674
100027333053459
100023188395900
100037273351598
100037232852055
100037022985516
100036937883523
100036727170041
100036204468829
100035731327065
100034685213864
100031355655794
100028371521063
100024521250336
100037247556607
100037237623592
100037105086053
100036861704388
100036828112034
100036694998557
100036132263963
100034605516802
100033878240619
100033810495363
100031724830197
100031373253396
100031298029297
100029353714683
100029007286204
100028746168889
100026896488509
100026139261568
100024830916974
100020651529693
100010976137289
100008287442203
100036674793960
100036252241451
100037012577784
100036980150558
100036941150351
100036885380674
100036604161589
100035205727683
100034866126003
100032928371255
100031561353081
100029686542151
100029316335322
100026096597320
100022166093911
100011067129664
100036799533745
100027546588896
100037246532690
100036877462640
100033208699110
100029605982032
100037073741202
100036025866367
100035552140754
100034704819991
100032475330581
100024917943524
100018522374714
100032468677415
100029692909011
100026427586489
100036685154128
100036030245711
100035416895346
100033708103515
100033702001273
100031214735878
100025284915967
100024403060111
100035438513657
100035276202371
100035130050270
100031492755956
100037299542629
100037253467805
100035900090527
100030733012977
100028138849410
100021451268115
100037215337122
100037140790678
100036819260704
100036620585961
100036294903489
100035905874773
100035008341220
100033969948949
100033742998048
100033656903193
100030878470173
100027577154640
100025679567046
100016694768035
100015675128680
100015496960165
100011342041519
100009936467688
100008075984598
100037122244928
100036862342337
100036764423692
100035560866584
100033490593315
100030984133937
100028376111686
100027634099491
100026179832021
100026021929080
100022895960145
100005160609084
100037147241436
100036732526023
100036648062927
100036464418402
100035422808985
100035045931325
100011497751369
100009823331091
100037137217632
100036945555368
100036914355984
100036803556674
100036289548667
100030588824666
100026477410156
100006242175312
100037213684035
100037153538487
100037123510367
100037044935609
100036995747676
100036927922022
100036886914340
100036884133063
100036732244353
100035188231229
100034276700096
100034051751754
100030997610856
100028266788664
100024858741183
100024409369080
100011122055381
100036948049188
100036831073921
100034960414784
100025616342084
100024360140966
100023940276018
100015307726052
100037128309375
100036890928587
100036251225154
100034660673905
100034133328895
100032502284232
100031236772789
100029233163875
100027066436979
100026540346678
100021553842549
100016992008711
100002099467207
100037204802010
100034071743567
100031065335431
100003579877083
100037265372719
100036749561674
100036703462017
100034816599560
100031197143038
100036969168731
100033898996143
100033271911710
100023601315063
100030877963938
100029811060264
100023967752003
100037189596876
100036798859606
100036794843945
100028718092366
100011194781752
100036974901087
100036158342155
100026314223364
100025429502539
100037061144233
100036980841740
100036419583614
100035765072859
100034860210627
100033903220786
100029775969725
100025717270621
100008451409446
100033212964004
100028731031329
100025012909556
100024954528863
100023683131904
100014155802320
100033555361915
100028843397094
100028813350850
100029205009802
100015664350019
100027444381117
100024680686092
100030676590525
100025218616294
100035452238594
100026072416908
100036856262661
100028866157049
100034960463500
100006370209798
100036547481478
100036513280788
100005774617947
100000183289990
100028060898989
100037008879994
100036995745818
100036819591419
100032038492589
100023791292597
100037149812042
100036929687070
100035666601268
100025267035291
100022002980219
100019186480465
100009414463539
100037122396154
100036349171630
100030990424251
100027769972473
100026006473429
100010877446529
100036842184068
100034757761325
100026774345279
100025293260381
100013839514117
100009545237321
100004535353894
100036702006973
100027169085705
100026207441459
100036953056832
100027002791291
100036850314236
100037199732808
100036930499580
100036898671396
100036060607095
100028927793211
100028861560136
100023882347608
100033558772359
100008475248963
100027204510591
100037055704696
100037079976793
100023515689709
100033238190230
100035688320897
100036232836608
100036821450233
100035459633727
100036899628129
100033154118592
100029949885451
100026600466956
100035920058899
100030476931873
100037049771928
100032384812029
100010025769040
100037048511665
100027025188496
100025376299200
100034762482997
100034305876284
100033380296092
100032071981323
100023268331646
100011384249009
100036701437120
100036544938331
100034551822944
100037090178536
100034440676940
100024800505109
100036899597457
100023400650370
100035476775510
100036219242716
100036216343474
100029259558957
100037151194968
100037122396766
100036967743284
100028290671986
100037022916554
100035440373121
100034108995024
100030077254497
100028395645296
100017168800658
100012574304102
100023043847612
100035711884241
100035941362546
100035031097957
100029556110722
100009520035774
100011341556771
100035182808151
100033956882015
100032270174706
100003600868912
100036018261087
100036155142323
1190212672
100031389676273
100029377071627
100034908289253
100036738404268
100028059049705
100023610743321
100033369797340
100014273497678
100036917593459
100037103377479
100036893361048
100036169920780
100036076644317
100035476545446
100035275830002
100034420174060
100034223432275
100009236187572
100002808341917
100032416683814
100033497104784
100023469182650
100032991063779
100036890982308
100033831724864
100031079523379
100004523355719
100037082193994
100032648287759
100005742645341
100036921558623
100036545762983
100034938048222
100029025863351
100037094373406
100036257027205
100036126886836
100035651870660
100035090228909
100034281587759
100033900039606
100033467510531
100029544616414
100028255173337
100023370242343
100023039536382
100015243790676
100001042479755
100035444552911
100032204474182
100037160402641
100034112136899
100033619338129
100037154883587
100037115316208
100036553096736
100036173589247
100034713570037
100025206533809
100011934946343
100022434065338
100001687449131
100025327664246
100015789910078
100036630158607
100028530273024
100031676741566
100036693428300
100036619334685
100027605164822
100014182931846
100035723375558
100037150053416
100025610375961
100024164778328
100024090592376
100033742756800
100026327370362
100036058899233
100036262271849
100025952412778
100011277844608
100004982977182
100036868509497
100026289128543
100028683367882
100037124644453
100003347908283
100012056687037
100036910398753
100035812125431
100022204548127
100028368129748
100033976050790
100032018476191
100004839377512
100014386697652
100008835692684
100027352833916
100029546653285
100012604485974
100036253418064
100010254999185
100036988273157
100034580340997
100024094883187
100037196250167
100037138653601
100033506795106
100035842611730
100022893276300
100035459543004
100036138512630
100014024700781
100028777696989
100033940988064
100037037887862
100024796627931
100036737124223
100035303913685
100036980983624
100015467674350
100033090876471
100036705049926
100035777109868
100026352288762
100037111141509
100035882744921
100030310890480
100027380771404
100026407336001
100024694253502
100036813006720
100035949530957
100035743157958
100029469825676
100027155041692
100036815896858
100035033782751
100033180065336
100029921748939
100013980615718
100006144518971
100036919036699
100036784753727
100036768128602
100036542722508
100036425587113
100036242686549
100035695281186
100034908761425
100027840903532
100026784336757
100026521741793
100025516073134
100019263211807
100005177565092
100036953861605
100033132621280
100025222661249
100032522466444
100031041421912
100035474706650
100032036976842
100029543472805
100036805523765
100025097732463
100035281224180
100022873838547
100031871227104
100035368367172
100036286870303
100029892370919
100030510371467
100036877999295
100030103112977
100036905177410
100028006304114
100036969913438
100036730234162
100036838700859
100036142202188
100026673664450
100030840516471
100036816262670
100036259444213
100037080966109
100036843372940
100037040227980
100036909257482
100036875449306
100036927915911
100036975793082
100036942492937
100036981372648
100037065067074
100037089420035
100025803693282
100037121403705
100027646811089
100030392237482
100024107498503
100034910513557
100031302591633
100022540309333
100010517166718
100010212815485
100036429195569
100034222157084
100035355623209
100034151703035
100033572557105
100036904894524
100034990320769
100036258315561
100034852724654
100035228590107
100032919011211
100036846229042
100033851430261
100036998080924
100034928273833
100035526601145
100007459544087
100021959901789
100033747849121
100031588613434
100005847632624
100034414965293
100036742058390
100017543441669
100036239708366
100034660361689
100009331086053
100016125701258
100030807561801
100036842660127
100033757743009
100035668054498
100028005721741
100035591837154
100022562871280
100037133432252
100026266659272
100029799182778
100030268282121
100028453273849
100035632853958
100011416215293
100034085387060
100036484861294
100036893978808
100023139392787
100003997784960
100028178353290
100002569037815
100036086763649
100029089580346
100027745510533
100029763493273
100028576730635
100011279023352
100017438946225
100002275420937
100013815156769
100036628973260
100035846523414
100035038732550
100027905496881
100034685132028
781658537
100036747154548
100037146090559
100034553588016
100033541955247
100022838325090
100036797722882
100027516680024
100036950383422
100035975340165
100026509904540
100036997120542
100028516458426
100006092647009
100037122212543
100036697982128
100036107302569
100035973993153
100034118177512
100026461938683
100025094144543
100032969273937
100033007148432
100022799331653
100033258620341
100036187691456
100035696781107
100024816966335
100025125243458
100025623139916
100025731641571
100035588955307
100033853681060
100036725631433
100036277633372
100029911324647
100031021775995
100025767361999
100035699031276
100036653631092
100036303420010
100034883390340
100034697706725
100034666714330
100033445424519
100028286857302
100036227687732
100033003077737
100030207341584
100029414382072
100029137785058
100036212690525
100037120140677
100035421006887
100029119191390
100003255080820
100036730372691
100024879564091
100013365030657
100031394680172
100002701543618
100037003778624
100035966597037
100022972577249
100027166804727
100035723563581
100036351821689
100027042495117
100010742015441
100009255511379
100036891736568
100033015109942
100036927041416
100023553346185
100035233745609
100034462938287
100008276618384
100036770801028
100026699108010
100033675850772
100035223316344
100035269543899
100027483948353
100027314461020
100011794816883
100005005234620
100036779752316
100033973201508
100011098813213
100035975661525
100033785340601
100036789112030
100036990699803
100036807559455
100036376846895
100025283557242
100013442594362
100037149120057
100035248471902
100034601251477
100032535226416
100016473702944
100001126781780
100036809988510
100036173902632
100035971339236
100035673401155
100033766610299
100029180940686
100025784983266
100019279326921
100036359660291
100026519894060
100023035366459
100018350071253
100035836283773
100011750885828
100036991658865
100036785467502
100037091672580
100023679339084
100015000491542
100023627529888
100021971124081
100008295709198
100035387496448
100037084203599
100036774818106
100037057565160
100014997704767
100035135497444
100035412613252
100006995641320
100035036560267
100022167037022
100036313724335
100013350796029
100030299678329
100031921507139
100035060229319
100036204211991
100028762339295
100027450228635
100034696156853
100037030776350
100036488493561
100036919238805
100035235851350
100028179938450
100022227212677
100004076404246
100035304938732
100034432304926
100036774352269
100036406843610
100035965069169
100009888107458
100033442492720
100024413964082
100025523167390
100032387572349
100036814100145
100004031004032
100011637063336
100014099074482
100028496923927
100011424818445
100033900840100
100025482394834
100036976359610
100019959972306
100002309670594
100023485056309
100008386808898
100021846103299
100032328660149
100008077812213
100036940451976
100036827327772
100036817638815
100036076671710
100035650247473
100035041013899
100033806551668
100017893606292
100004568409487
100037036745486
100005056332690
100007297717480
100010282629099
100035178011966
100037056243846
100013149846305
100030469455495
100024683022393
100027745958751
100036217413430
100036754103081
100025974882708
100004898704872
100036753472928
100029534228985
100027805400085
100006710446073
100003313634798
100036367353642
100036530080706
100035907649724
100022189814445
100036232955427
100035700824018
100035343864390
100034673631574
100036452135428
100023537829480
100030268102671
100036780859297
100022700190896
100036797986360
100034663445359
100028407916219
100032805246024
100035559042227
100037066743208
100036745343491
100035861973581
100035422607226
100030346659144
100016036816779
100013646857677
100007974672886
100003955298226
100036044497050
100024892596407
100000021254040
100035918680941
100035839179224
100007661016228
100035788152663
100034674582907
100036885552538
100035823112173
100037047334116
100026040877593
100036792106827
100036417257473
100035216379015
100030130755457
100026741562601
100017937188510
100010430582106
100004520776002
100001441098208
100036013980735
100027574110762
100036082691952
100035123387158
100034142114130
100032879835646
100032675530513
100029530903700
100026515613461
100015560319487
100011961725558
100029828133131
100036725993101
100036118043851
100036958598706
100036584115147
100036299777490
100018235865539
100037091640571
100036727973388
100025395962965
100037021925031
100037013852711
100035330100305
100024672841840
100013794640106
100036995436624
100036477911127
100033322743639
100030601523777
100027155197178
100025515241118
100022829953224
100020854493064
100012071057186
100007129217853
100006902041871
100000121497882
100036863204669
100022036987736
100026902127614
100034472121001
100031624334451
100033566753584
100036318316565
100036440347899
100035129984975
100034322956606
100023229828922
100036976537685
100035889272286
100035440329872
100033684262846
100033268125404
100028643761680
100027367411255
100018076533203
100009060634438
100008357509275
100036828886657
100036388294065
100035643371438
100035418436294
100035197671571
100034546058796
100034280799201
100034312962984
100035931573249
100030103162791
100027307350780
100032830089152
100035480734768
100023654392543
100036505115050
100026112840467
100027265665635
100031045658497
100036708493803
100034730880377
100031452171922
100036186365835
100035657961992
100026338396841
100034394474101
100035958004878
100032599121521
100012126311861
100036851730727
100030967372193
100028339513183
100028243963411
100037013433809
100035780043957
100035195209905
100034060832172
100029319374651
100003670416653
100036705166486
100024843550239
100028908891352
100028217063760
100035857940763
100032179253269
100030672198418
100035668430771
100034934166560
100034252331467
100030211608751
100028142462300
100018100650261
100023793967193
100036344194895
100032876362390
100035728337241
100025147131037
100035704784916
100017417313992
100035911081975
100018565118426
100035455243971
100036814302104
100035546505126
100029580846083
100028804779653
100036747974416
100013600022489
100034412411106
100028803517611
100036030706853
100035038999820
100033194509457
100036443573656
100032490061767
100032067010787
100033611303051
100029940410237
100035167366547
100034400003117
100033515408577
100036110732798
100036468712444
100034611272833
100028169982541
100028043323738
100027938060477
100022250644489
100002590948122
100032505782475
100026900796682
100036596871595
100026359534339
100036508340601
100035389320922
100024730337404
100034821413635
100029893350402
100026450581288
100023123300463
100003206200135
100032724233231
100017700823373
100009633765698
100036135820905
100015301178307
100028301352078
100026734253218
100026622500203
100029941593003
100027644323873
100008603173617
100036295953209
100031940958304
100034910476778
100036479034181
100036629692276
100034920367247
100022631180974
100022104650093
100035886819631
100027140771214
100024451806892
100036468481548
100036261215133
100035757256838
100035332681296
100034788516323
100029109152358
100026379753948
100029626295930
100030901396143
100034571903427
100036781087674
100021143341655
100010950730174
100029079270941
100035419944397
100034874049118
100035443038919
100035982541297
100028482424574
100035870701330
100032371282018
100034382178052
100036717936759
100035955200393
100035830090279
100035624174242
100031162305113
100029620998651
100026034817300
100023618700852
100034813929612
100036614151621
100031536557225
100035130684078
100036586595698
100032065152394
100035655676972
100034298900454
100026280910432
100034333801170
100035192592382
100035051124152
100033941142235
100032858072383
100035484010404
100034681203974
100022789053698
100009577063504
100028838600123
100031867837188
100027938315389
100031009703559
100035431862939
100031308032941
100033472746005
100033238143853
100031804994230
100035445773005
100029072060741
100035327531154
100036479271964
100034193676464
100015909034275
100035591528736
100030572851666
100035439214719
100033580841000
100022432464324
100036350501856
100035744915786
100036631487940
100035986836082
100033007201792
100036353823402
100030376262954
100031519667643
100036517020131
100000646599384
100035165520030
100034155215208
100029368339140
100034457991753
100036864213547
100006937683390
100024105840233
100035509852126
100025612057427
100036024404608
100036451911116
100036674475670
100033603400793
100026336630602
100036895860980
100036636995699
100036202133634
100035851208799
100035681452472
100033924585041
100033195515167
100032962056204
100030101331255
100029437548074
100035537777845
100034525851014
100027310662384
100032373150157
100036712572092
100028820420193
100034487259135
100034658004232
100034572731995
100036615108101
100036637216906
100031014650552
100035121560881
100019233465022
100017472995869
100017947832599
100033057021257
100026337793208
100033604860058
100023076250254
100029487405477
100031261224023
100024932524256
100036600157873
100036561140050
100033985625249
100030135030349
100036512424040
100034807611259
100031376985900
100026645539266
100026601828959
100034690170338
100008967782490
100011883136692
100030574072828
100029377663983
100035463614677
100036890760278
100002091263402
100036502952915
100030508254067
100028479071079
100036391431414
100012503587671
100029092783509
100020527361913
100031771897998
100019211618131
100035909733863
100030256185056
100034974438204
100012071980155
100036567469431
100034732352943
100035744076220
100030096005367
100026476758737
100028279550357
100027051196410
100034361620397
100026011538958
100014689893120
100035551993115
100015300437819
100034716031921
100035255071749
100036575554334
100033945623343
100032591322074
100032335300893
100012768364051
100035749038196
100008435914447
100034605576780
100034114599355
100028997612837
100036631333717
100036834332338
100029764044124
100034771811340
100033211067791
100013377646969
100010012206757
100036514073078
100034627372483
100036716107581
100036149776828
100034706177382
100033541261017
100033490592491
100027449179128
100026301340452
100023156830271
100015700068021
100015067267483
100013906366756
100028215668437
100034493073773
100025303804858
100036341622368
100035084566657
100030626239991
100035885915169
100026696303553
100035959779177
100036520402093
100026030804107
100032096599092
100007578123187
100036228397517
100009633637963
100015073208477
100000650959419
100032927584242
100034392121549
100035126241377
100025568884604
100035933049667
100026300932964
100008916095985
100034647436413
100027120611300
100025499250059
100035468408551
100033064210540
100018020974739
100015069857882
100028095888330
100014553368142
100036217733253
100033864592782
100035909813357
100036088094450
100019288848969
100036551120215
100036569088332
100013552546179
100036194080149
100036504001350
100022414337934
100023609411086
100027451090727
100035134025734
100027182073614
100034052632426
100033200953927
100000014032016
100035984955258
100031194063624
100026763215262
100025770379239
100036398117810
100033207674088
100036419273366
100012460216222
100005704508974
