100032684059270
100013178137884
100029880822298
100032155990279
100033759106370
100026418575479
100016551753547
100012817606141
100038347656275
100015530490801
100035523442912
100003319013984
100018480093958
100030106364255
100027304749418
100016070500076
100029736436791
100024021465326
100023868980929
100023551352085
100029148667323
100028137705120
100033464572051
100026852262646
100022604420026
100034491861890
100028189851774
100005752215457
100032641668508
100037706857445
100034456864559
100029540476548
100027523848471
100038162497130
100037766824028
100037334684288
100037007407878
100034961809495
100034559093536
100033907906489
100032047235678
100032030283847
100031313898553
100030457663074
100024748489624
100018522013951
100027549831233
100032089956588
100033264061788
100012792642322
100023455330285
100027598704129
100024334397248
100023697833522
100012201435821
100023403722831
100009809145336
100011513040338
100033391038404
100009045797506
100024442023380
100032086599383
100034123684950
100017678880380
100027661532137
100006454944003
100024442590125
100027272732281
100024412096778
100011753133173
100024461719641
100029283214701
100028538594577
100006627790711
100023416216742
100029068400012
100037572941352
100031500498999
100032488890945
100014586994700
100008620243466
100038256642283
100037239440185
100025042985537
100034509260097
100030832241710
100037612070962
100032827835709
100034643151903
100035673759883
100007187671760
100004214383535
100033911092121
100015528756488
100027641867316
100022443759728
100029764080569
100007498989439
100006361689074
100002273175822
100033257526722
100038134457651
100037321352796
100037307111787
100025828563776
100024000799874
100007013740176
100004326450052
100002757146692
100037833274355
100037129155024
100036318045769
100036300635179
100029967890505
100028452906490
100027346990879
100026716787386
100015630675375
100003154594647
100000577518491
100038133162747
100037945981241
100029275761484
100020216834992
100037908703935
100037565346153
100037364345712
100036918094122
100036327321706
100034894384818
100034740962036
100031653610861
100021725553580
100015243125533
100011320125984
100008480804374
100007351249260
100038126484036
100035850130358
100033864401351
100032172343773
100030296147112
100029663881865
100029612826764
100029317419123
100027600482760
100027212732175
100025820739891
100019493469018
100017830606399
100015830046833
100011699610763
100037672386340
100037018446203
100033597556984
100026308333355
100025844085918
100024530018701
100005920838404
100023712720961
100023860512620
100037548310864
100037509845095
100034889014257
100034582132668
100034464443765
100032022282744
100027244939500
100024209472666
100023979732439
100021516951599
100017034902841
100014270889386
100002960238214
100034679813003
100031516154660
100024662114117
100023643105097
100015783695332
100006956044699
100007971131867
100035341070730
100033693212214
100033455294685
100031849710274
100030541953127
100030379215874
100029165434951
100027454389077
100025950870384
100022801873700
100022243982564
100022128406520
100001864460192
100037862940318
100036983716586
100026329748688
100022097924256
100018967206362
100014383321551
100038275080018
100037994526460
100037065460406
100033345577864
100032569783550
100028347735497
100026607548836
100016956575452
100014363141574
100013002858325
100007312697581
100033698892826
100032664247264
100029619030419
100025474846125
100037928944783
100037806344829
100037016137937
100035843031336
100033438290577
100033379932673
100030155891378
100028857242086
100028183596574
100023991967466
100022171568144
100018609732310
100037401250771
100036204428635
100035587354684
100034459127227
100034058497947
100033509479157
100026360176407
100025005139325
100018495679045
100010955829844
100037995589750
100038252498370
100027439311001
100037983470476
100037853801997
100014060010162
100011197510089
100037669746141
100033792284479
100029586976280
100032222414821
100029530924607
100038001592887
100027880703765
100007793761081
100034452262556
100026941250678
100038193851189
100024844511625
100023625243020
100022850614197
100016857305032
100006913157486
100038183700483
100037684515313
100036248598388
100034554824745
100033871880097
100024193958228
100021952404299
100014339585412
100037454544145
100033627125164
100038234803885
100012610578052
100038095420973
100035061161878
100033728777766
100029144868264
100017957713902
100011459351010
100037857017098
100037463618757
100037035110111
100034662131332
100032318135979
100031613820676
100027736543978
100026790128330
100013899090595
100009066144805
100000866276144
100037812222062
100037127717207
100035979660386
100020153719048
100012408943594
100012378007877
100011750763362
100038160365671
100038053763231
100037816508705
100037392191193
100028080696505
100020786776698
100010850856243
100006514251467
100006222437949
100000795253464
100038123535957
100037819358870
100037740339420
100030172249909
100026849596950
100026821115217
100026735558930
100015164700948
100009808154363
100004143187890
100030536310795
100011388189858
100035177477409
100023223887783
100002661318753
100038199039027
100037056815613
100034565872654
100034235452219
100032362900865
100031313386105
100025197518919
100023967951734
100022284630374
100021996516910
100019867812653
100014821086462
100009834707263
100025221977495
100027143053932
100037859653513
100034517923378
100030178093482
100028113097879
100026837176013
100021515354382
100013661351392
100038374143872
100038361035089
100038294288699
100038252470252
100037976963897
100037714760913
100035095237354
100034000061478
100032915951736
100032157825795
100029763082242
100028914165264
100028299528209
100024198608811
100023833762688
100021530318528
100016986456751
100015627253697
100005303326835
100037802202492
100037794077405
100037550090650
100037118082724
100035689631112
100035389275880
100035388135674
100026572433134
100025490438908
100024570796874
100022345419219
100007369088140
100003896407655
100000132400379
100036149190308
100035880068006
100035642004007
100032909573715
100027986357820
100027426210920
100024427214986
100024080701695
100019014910232
100013295563995
100011492130162
100038436960170
100038142787203
100031918424057
100037712855994
100034721394269
100030972514591
100020276434881
100017028940257
100038038970418
100031921185173
100031275101044
100024945643501
100019597351208
100003494360138
100038049400855
100036107376442
100028309805663
100026852473940
100023111318934
100022222896474
100016111202048
100013935737712
100013292088500
100011450063137
100010756176456
100015537107418
100016479431862
100023202084300
100027115530346
100023546836292
100030700574436
100023510143992
100013614399253
100019433324191
100013767308052
100017023607618
100023103669684
100028221511517
100033795518836
100013708504206
100007405415256
100026535211048
100012927859254
100015857443255
100025354863322
100028499651974
100033717636200
100002676099251
100018733090213
100032007362831
100023036982140
100032763603448
100033510846332
100005246177935
100012473324968
100015559338324
100032178633716
100014123251880
100034073821290
100034322108865
100030008987752
100022084355062
100038280720475
100028069384354
100037108560991
100002920286446
100011076765034
100029318440850
100035592632475
100006287407951
100011599263777
100036904162948
100014908626898
100018229836096
100025567461013
100005251819010
100027767287598
100021746085528
100038294465162
100022020713705
100027056948989
100023646512025
100026723897384
100014198942351
100017673579586
100027082820781
100025196173614
100021744968929
100032131441596
100022128755468
100021526189648
100038113275331
100011358496622
100016044572966
100016727130749
100002554669251
100034760770003
100034972865711
100015068289593
100025089974434
100033998469007
100032078721899
100024221344250
100007706747476
100035819435352
100028035857309
100028564951712
100028424300428
100029477730062
100038116881613
100030401314880
100036440864993
100004494780224
100031866918781
100027954487962
100015992112507
100035223802533
100036788723030
100027927032208
100022727147503
100000975004317
100030516461659
100027989964283
100024883292309
100024697861709
100026810604074
100006431875801
100037854823595
100037209510954
100036619011233
100036152870818
100025867065142
100037796148315
100026052270506
100023217967957
100035353920273
100038175037949
100037324805165
100035057021534
100030517998607
100024329841775
100018796597225
100037756202328
100036924621301
100030185132392
100024450435898
100015943276732
100028406134277
100026368505822
100025708940650
100002331010469
100035477463703
100020579261418
100029322018737
100028112941887
100023252433202
100015921491599
100004425544435
100037224260996
100034772988841
100031567744970
100028224290650
100020538284567
100018340275895
100011259373854
100038083133395
100032238372709
100024683832315
100038198613137
100037949843657
100013959258654
100013025445125
100038185352691
100028071241183
100027708579339
100026513002924
100011922003099
100010161195559
100036367415853
100036177368993
100035137547696
100030049891933
100028676676593
100028539796835
100027843133535
100026913218973
100025914786962
100023376767444
100021813351090
100021075728745
100009035249026
100037692144212
100015750969009
100034950459926
100028523317409
100028080624116
100024256686491
100038263050524
100038180201484
100037819494218
100034490989630
100028433829425
100025876301629
100038359861225
100038364933160
100032585139290
100036369592995
100036245898446
100025719012994
100022324633077
100035626883699
100023975919237
100026882539022
100029920373524
100033839054949
100030586861290
100025320473339
100034027654141
100024959130541
100026855082778
100023231844168
100034631292634
100005487095385
100010954120604
100016487164810
100029503659861
100029688013626
100037677647143
100018610953187
100031446013226
100033330050230
100010552082572
100008224062071
100035648149033
100015352086419
100036902552027
100030187213079
100035626411907
100031739839758
100015392175205
100006273460043
100004609744211
100013306383579
100024496132019
100038125250570
100024527883987
100036122922105
100014743110816
100005664211181
100031799928875
100027786471876
100028931195566
100028930986408
100037907823703
100034740186139
100037453603506
100014692084633
100011204023694
100023476751646
100028036235796
100037039241464
100013898046367
100018894784067
100005805930986
100002927364417
100001007934958
100038363790997
100034058595557
100022794191691
100037778603666
100036991461182
100035008031208
100028483114483
100026766132647
100035471617164
100025570991778
100025254244626
100038072211901
100036038734526
100022633872297
100017578126095
100007779901966
100004367762285
100037684411184
100028906433928
100025106235127
100037989591530
100036260621494
100034162515800
100033172752368
100030933165636
100028050825696
100024521558885
100014683652912
100013983943299
100007957094141
100034030890068
100029846501951
100024232449820
100033752570374
100025328991301
100007582244227
100038204972736
100029429534797
100023953265324
100006769541481
100010347497197
100024813130784
100013948902506
100032217262050
100037210747986
100024187505757
100032201454318
100031058585198
100033524569940
100033230561039
100022080435479
100036576422531
100015121593859
100030363911224
100015842381606
100033747907616
100015901846286
100033336615673
100013318987880
100027124841783
100025170011899
100028499688647
100038064289218
100029013734240
100024577514118
100035288442979
100011936718790
100027825172416
100024302414168
100011080411134
100026884470221
100034456881916
100037320550227
100032112764955
100010236108280
100002814323700
100025925860448
100031327870540
100017074248027
100027687524835
100033868080511
100014159944192
100037527964912
100029010743614
100032922513193
100024256212324
100010949028444
100036258930970
100035781794547
100017914353034
100038204973404
100027992288562
100021237574423
100009776527996
100026470320268
100021170856219
100037700930516
100025278404877
100034733783911
100011787581869
100000525633099
100037749128747
100037510312722
100035706783528
100035156250321
100031844649985
100031534230657
100019040713366
100006882703046
100038129264670
100037650961346
100035156513063
100034721778062
100027592103574
100024008972540
100009220618878
100007406825257
100000054529033
100016646807943
100015060451809
100010976295215
100005172908846
100025254602482
100014598287780
100012103150643
100010004952336
100034922793288
100033971047854
100033835560679
100031108741194
100030366699507
100026387497830
100022870117153
100019585952987
100014476872117
100008815351146
100005283550048
100007843893569
100028977046355
100028109273961
100002455781958
100016086180066
100038119201616
100028613934390
100028387190864
100024737989795
100034775236191
100038036550345
100037468745515
100037438807153
100027922592023
100027463391382
100023050687402
100022333427411
100013799410125
100013529040455
100012924760413
100008459297460
100027870281302
100032801345892
100027923281300
100036656375548
100024165191804
100024761976278
100005172633881
100013672000828
100027934714759
100028562527424
100024592386587
100032685040983
100022946050473
100025215082335
100038017514894
100009795431035
100020844049760
100013732777561
100028618489689
100024614267557
100022125422624
100032815430988
100033668574222
100034959932951
100018387270884
100027004334854
100029100247586
100037691231300
100036112552105
100008145589116
100030567764486
100033647252132
100017248661820
100010881161080
100026783491241
100031404787307
100023544337689
100034649651169
100033281148436
100028443888979
100033772189450
100015100081721
100024886580989
100023415191347
100037882630589
100029042124301
100037572670993
100022447567060
100036975393755
100028310360779
100037923678706
100015422918607
100032996108054
100033862910706
100018529233973
100003564159352
100027516815225
100030151330865
100028624821263
100037157775408
100026385638859
100004154011210
100022130596651
100037990152035
100037830174386
100018878764957
100022851552922
100022649855949
100026371094097
100014212110429
100032392055274
100038115520338
100000420634454
100036741320441
100028666524039
100015372275803
100011653922457
100029889122720
100027782257960
100034822633956
100037729462964
100015799816393
100024503956646
100035445674356
100004072148612
100014302266447
100014120950173
100012434494333
100022257285522
100038044484474
100034591984273
100032773745352
100024882381471
100024648970443
100021116828537
100003147381326
100035378174483
100029495751230
100033763306605
100004326709195
100030572394337
100022154042494
100015248917607
100022459862530
100004732263581
100037267682562
100035653463303
100030787651702
100027769372559
100016468787649
100001107948814
100001084539875
100030143421724
100013097581953
100037127236294
100036305992457
100035020384844
100034495834070
100033551910642
100029997438379
100028424435237
100026621894787
100024066713106
100018068947873
100013710163655
100009510912752
100004917607528
100004753301759
100000786466227
100034711065856
100027260461793
100026607892389
100025116362563
100037828722655
100037474818029
100036354316214
100035679497973
100032205774246
100029112492000
100027471372774
100026741375386
100026500421204
100007150531478
100028726205226
100037712690620
100037544679618
100035249016120
100035064220495
100028624931385
100021505279485
100036029235981
100032611965993
100024789107232
100023282077057
100020983694356
100015901322107
100007751866972
100015614340349
100009552798805
100037436963358
100036320571597
100034702116471
100032898051916
100029565322458
100021080328557
100011541647805
100010762909287
100007393479009
100004101891295
100002892282360
100001865768297
100001596964193
100036873885638
100033272509489
100023563629438
100023230935078
100038145750432
100037693171146
100037318723690
100028765129880
100026396093152
100015860266362
100015761409367
100003716623620
100037528369685
100033720083357
100033319027206
100029094578377
100028496690159
100028380707627
100025875752803
100020171406816
100015668107528
100013833798901
100034256513305
100022790294810
100011770530820
100008514001450
100007741666405
100002292897744
100038050693766
100021625200709
100006861182422
100034070052124
100025780061578
100038063160272
100021571421166
100037878452206
100036199431505
100037784109550
100037392031221
100023700077500
100007743376466
100002517296447
100036975913781
100034695818151
100037787359562
100034458862438
100031282848309
100035899812835
100036681321386
100033970320194
100029651370877
100026409856522
100022075864747
100008572170336
100023481081452
100009204053166
100032870119147
100031014830601
100027844756339
100027319390022
100022934132830
100022548219352
100015404234585
100005147596001
100037768116075
100037115177588
100035942320475
100035668981651
100035291490886
100034686608513
100034088640654
100031781058481
100028043503177
100026705584341
100026615751554
100014333597317
100014289798056
100013669417651
100012831374099
100012610650730
100010122858098
100008160187876
100006474057369
100005811092994
100002063107506
100001263715006
100014503839620
100037746828810
100037501215827
100028204071757
100002332877545
100037774906106
100036379543202
100035566029204
100035423883565
100034835763734
100033834486362
100029342600833
100026972859778
100008004218333
100027720964303
100013069562605
100007300007341
100033870170532
100028034253413
100026934331270
100015483309973
100009296769860
100001525033238
100038036291897
100036540601628
100035747732196
100033352545495
100027647569920
100034743183361
100034688987899
100033703741971
100031172940394
100027009525026
100026810704340
100017280180383
100010073148789
100005121931754
100001714519000
100033822978434
100027513815262
100004417835850
100014682192370
100024355216714
100024823202978
100027979771905
100011643644435
100022786247074
100027784372390
100004318752282
100028279321181
100013987937404
100029233277885
100028827570095
100013704649264
100014237230153
100024350581051
100010372603189
100024319182854
100027678794418
100033154922178
100031445193303
100019840450855
100032915623849
100026762856224
100037345758660
100034448205389
100033253733507
100029375645272
100005026202614
100026208251117
100018194078036
100032124712956
100028458335347
100021846583370
100015438668607
100024046635808
100035027738418
100018063346352
100032189212188
100011390265282
100017155356273
100031034673794
100027970061645
100033983821342
100028358822274
100034705668739
100034601492248
100033433577641
100018705551958
100016180754221
100013877476850
100031706501035
100032922423701
100031175182312
100014908421113
100010346673529
100032745203158
100018522379204
100030981244205
100034464491610
100010362578835
100033618109079
100018231038702
100022775310632
100035122122850
100025394349199
100010875338420
100026569723863
100012600152307
100014436578183
100022721957535
100022461287729
100035786761102
100019950242699
100016414328909
100029779126509
100034033703203
100025721406612
100014725928285
100013765302568
100034119136246
100012834556598
100011031100134
100028010632855
100033484386385
100028859512440
100026625316379
100033996259768
100022809379141
100028704730487
100004432662621
100036258608200
100024203221819
100034834667126
100005673429438
100033971282772
100022582711730
100027460066402
100024491500448
100023959891624
100029121335960
100022526085572
100015994896619
100034114241166
100022531073060
100010953122851
100003184059402
100020132771574
100034034022989
100009006400882
100015139038824
100009933276291
100023367553144
100033515869552
100027431975918
100029750476397
100024905778149
100035610240909
100038049482093
100037073538620
100007947796585
100031026367323
100026771923953
100036940781259
100032697304326
100027171380669
100015034868865
100029370286496
100033860910960
100010480680001
100013503374412
100015114161871
100007664179030
100006610746987
100034462025643
100006359083899
100009563476459
100035000169686
100029168300401
100034800921819
100037161141963
100028935172928
100032604024352
100032828356738
100021387729205
100034401612743
100010605368821
100025926108843
100023435655119
100029094379209
100033310180193
100026683357093
100027854259464
100022549266657
100011309041019
100026435137759
100022244348977
100031156757332
100030914886961
100013215545183
100015611102204
100030840003036
100025785708825
100030411458816
100031481893206
100024402320231
100009569806871
100011675798403
100028471146780
100032882822471
100029871481945
100016965368316
100022832584319
100024847161069
100010983783094
100022828219692
100028130988984
100030472461100
100028114926564
100031378245937
100018124600448
100031274525070
100034731120330
100027078518273
100023061661961
100035991871019
100014511460461
100036880088789
100033641179562
100029619016009
100003988315943
100034930681110
100037422276898
100025465330648
100036745658747
100020677622658
100035280396798
100024248461259
100027684157001
100021430133975
100032822533117
100031832914096
100002131388624
100014091848003
100000062385177
100013430777718
100037919528228
100036347384619
100017324732916
100030127280539
100037621788722
100036364843744
100035465163598
100035092133665
100030266496062
100028070630959
100026894195604
100026696595097
100023771443903
100019073769802
100015155581451
100013615509842
100037242942894
100003112432600
100009117789465
100034526773576
100036262245101
100035425577468
100016836274799
100014727781228
100007660218381
100028557153529
100013606096040
100028334171564
100034780005604
100034537261555
100034487151475
100033080752673
100031583221320
100026427258743
100025906578155
100023358570602
100022288146667
100014352666288
100006970964955
100037622085541
100030312132533
100022045704311
100001018430715
100010300053501
100037955922087
100036622608532
100027775510704
100036825564049
100036156182113
100035293873038
100026513123888
100015523725560
100006363846462
100006335833559
100037573244659
100027820823905
100038035380822
100037430224506
100031537333034
100028004823133
100026734655248
100026265003202
100019912710743
100017685334695
100013941289604
100037751372051
100023210584824
100026808096070
100031615180961
100010629105920
100024089421950
100027070271570
100029665690723
100008351403867
100009917229539
100034648758641
100028404842516
100013189777760
100035861738294
100000486404069
100012596976064
100026373232419
100024786111289
100005958520060
100033385154403
100022977030182
100013808205458
100030825769127
100025585163142
100034978608933
100035926900479
100024997305938
100026507544192
100011658184590
100023786640682
100036945727564
100022691263859
100011336885496
100007477786773
100034770803258
100025033125988
100034471342589
100032506524240
100032829336488
100036495541460
100026544953014
100034657874525
100028343687344
100037802047291
100025378417612
100022100193346
100025372683735
100013018597346
100007618785013
100037006067390
100005557487540
100021918711378
100017728897580
100035435565074
100036954316959
100035916155398
100035758055506
100033750440999
100031738572145
100001121985186
100035321350007
100034463833239
100013012959062
100005977608415
100026462154020
100035049832368
100032895876359
100032779873265
100000139262988
100033491463555
100034879457637
100034837777826
100003884214283
100037118573680
100014048343854
100027430371849
100023629747566
100017349969607
100012297490253
100026011238808
100030349091083
100036939040205
100034082405276
100038047232364
100037712243579
100029142909585
100037996118165
100037752410678
100028529945483
100027333766513
100025933629674
100010666148228
100004177515648
100037547764067
100030900011182
100029218550294
100028660582655
100026278582326
100025035035996
100009515433387
100006732767982
100005306822780
100005027885273
100003695271098
100037681720782
100036721103107
100024093932892
100023194221940
100015262863190
100007999634796
100003817750808
100001479684685
100000413696575
100037683438152
100037756042056
100037026681003
100036119143826
100035914551399
100035357651770
100035037737958
100034712888933
100032402775536
100031973981096
100028960266435
100028597980415
100028481310242
100027186634793
100025802118208
100021413023072
100017788751738
100015567829469
100008991974077
100005534356966
100003354101911
100001684508294
100037749699745
100034369728927
100033543227389
100032809956043
100029970309557
100025287291074
100023846243326
100022702461524
100016977705396
100010501382448
100001262063278
100037086549692
100036715390784
100035875747872
100034716704678
100033303553725
100030208490013
100026273959013
100023834955430
100022688469594
100010073442993
100007504424336
100015123693278
100036766350188
100029252724336
100013303814332
100037326289653
100022808261748
100001609033529
100035262013267
100004305159027
100009741824914
100038062980870
100035784044923
100031308042195
100022701438345
100037862978901
100014670614597
100035075753638
100029356483874
100026304082140
100024788528876
100013105545754
100012569296918
100010545030956
100003844510829
100001582614439
100035180711484
100037198447049
100033910643711
100033546068850
100032079231760
100030132705073
100030057877461
100024912726867
100019157712221
100013974841460
100008515600966
100005560741266
100037254111413
100035932353869
100035650654879
100032493761429
100027622051045
100027522495449
100023199323258
100022483788042
100016197540342
100014070427122
100004700626567
100022064987366
100005744554578
100028936058841
100028045251477
100037694963247
100035140597555
100030403419194
100027832153516
100019912608904
100027153934575
100030270423346
100030496131818
100012596237764
100031282784563
100012164707550
100009314568630
100011356377665
100034153603427
100004882658730
100033372033273
100026996139889
100035956088397
100024338076483
100030846951729
100032840438913
100030466186439
100026465266316
100023155839878
100035816558509
100022907133813
100015176747296
100016217021846
100010971076032
100017120866782
100011376783614
100029151584769
100023867533683
100025980585921
100030763070365
100006853847577
100034633360410
100036429091850
100011374685994
100011309744289
100014460793304
100035541975190
100024510002543
100022069922006
100016983154278
100033572089351
100020717137915
100030084604302
100023878666701
100033830679828
100015142059114
100027117727073
100017619797970
100010585266340
100011210490367
100028554900265
100015098165876
100003844726707
100034189627019
100027291443713
100037653243209
100024701700768
100012466756134
100006559020288
100016494846753
100011520815979
100013044557367
100014986566937
100013676168076
100032149336907
100033254648101
100024397052521
100002133261380
100023440937028
100013228444455
100006227611140
100026964170119
100037669970008
100028862377673
100023076375674
100026508391309
100027057070546
100023611086532
100031713713981
100005911333252
100037732731228
100009558168946
100026587920794
100035869922196
100031568266265
100023417229413
100037109610109
100037332067393
100017182365220
100026145321781
100032825976499
100022625708693
100036042673463
100035261980868
100031659939883
100038010840452
100037440645720
100024619869796
100011353407945
100004026075182
100029938806761
100027419420641
100018189002506
100014260266428
100037303723830
100035888105174
100035188313307
100035066924151
100034104486200
100032662683098
100031305020624
100027991560745
100025542875873
100025038975737
100022589321172
100016479317523
100010630155846
100037716823491
100035790947648
100035007400350
100034878572551
100034782821942
100034526164528
100034404783674
100033767282560
100033696665583
100033392916601
100025984429636
100024164521071
100021304423690
100013265705852
100010893438241
100009831855696
100009087565766
100003732346265
100037342202195
100034835223827
100028111913973
100003504763509
100009879976000
100037450867860
100031949799593
100037884723709
100037828751900
100026419084998
100008457935964
100033552314809
100034991198219
100033633226165
100032385750994
100032072689766
100031024845571
100029761695128
100027730282041
100017750622788
100013461304655
100012346780817
100035912416562
100027954260017
100037750627392
100036557885494
100035671773524
100033467313103
100027568867992
100020919224825
100012111101497
100006481442949
100005973364388
100037588402566
100036970333751
100036239358366
100035872423813
100033183422994
100032771664176
100031168904421
100024263313024
100023526667519
100022139970312
100017547614908
100014110479992
100009577266245
100003602654012
100001040919713
100000718814657
100037584578321
100029945255320
100029876010642
100029011751851
100012110760297
100036151427237
100032201943056
100029877533908
100026956696297
100026909322323
100014987292068
100013815366717
100013154823302
100037962725722
100036057137548
100033384162380
100022522434301
1396432612
100025788540416
100013124734244
100036900995567
100036719089472
100003589267654
100004178014859
100035865908404
100035183946264
100030566131209
100030539466374
100027217489852
100026647425136
100011694062356
100010336152472
100010126782199
100004474325241
100004089799525
100029220076039
100010740870102
100036517281477
100032789827428
100027688875498
100025407647914
100024205669758
100023421275102
100019130975491
100018834755192
100017472693010
100013087832058
100011612946776
100035951792188
100034398840088
100031901052295
100036224270669
100033536983088
100032574633453
100031206039350
100030164841528
100014996982971
100025651102798
100032531370139
100030962160599
100029562813737
100028420243686
100024482165739
100013605721814
100006956231337
100025809384284
100035685194821
100006569795580
100038017081666
100036858253025
100035549529540
100027342198077
100026795318269
100026679311216
100024173597657
100021740223948
100008958224657
100002472465941
100035223213638
100034254671073
100031804042273
100031772139923
100030053434024
100025089841760
100019155842014
100006699184031
100028465163940
100032414084982
100016872248438
100013501487553
100029951475472
100009127451948
100025261020331
100025115871457
100028152106635
100031794392009
100028476858914
100034295166280
100035077433803
100029836143131
100027617882439
100027295245444
100021613832409
100026877952895
100003875117793
100009088339556
100029843198363
100008118938680
100014778196351
100031251013513
100018666736234
100033549310320
100027681662374
100003683945205
100023601910345
100028427631973
100029995671119
100033832942862
100030161001948
100027839941111
100021659117275
100035095994678
100035662841947
100015616033671
100001349003905
100029049377291
100008906263941
100027580151528
100035973503977
100035808942922
100011133008563
100027383375973
100036928758432
100025734614188
100009590119276
100033018169672
100006576284526
100015188400121
100035780947355
100027526491886
100015533673269
100029023411804
100035163648934
100028839173873
100023473740785
100000830712842
100024304584280
100030771453330
100006932146539
100012648854093
100011136071757
100021456423148
100015212112982
100009043599303
100023326236912
100005178245315
100036717012703
100032486195229
100014354446373
100022219443744
100023996143820
100033303938256
100037058436265
100027810798832
100009891196986
100018203341067
100024352771549
100027112117640
100030366883249
100013259957006
100031531209976
100034155131164
100033853505283
100004871715451
100017050840455
100023443966728
100024957528282
100021591974729
100032790393563
100031203499048
100012701267963
100022957290755
100026915137616
100034598075539
100034909905833
100035483989396
100011734871315
100007638377562
100035589153891
100024714842869
100027553151628
100030621161977
100025114372310
100033042999286
100023433458894
100030562905674
100015283324922
100036381167406
100026125963829
100034110350689
100034042604355
100024598710581
100024718626043
100034616932311
100005951504824
100038016691292
100033815045524
100034973100603
100027007807907
100035900956711
100014932392888
100034640145219
100013046651581
100037262690054
100026588470131
100024916189652
100013878035909
100013809218671
100018024158924
100015305703523
100034870602373
100015108974861
100034769835163
100035720344905
100037400625254
100035603880925
100034996156253
100032822808026
100028235977802
100026608808081
100025211018303
100008436064662
100003156115665
100015880994755
100033624870484
100036188960212
100034858818380
100027821631544
100022419493662
100025698882843
100029514994075
100025720879088
100028110157826
100029839320925
100031222353674
100009447795174
100020476359309
100032940995643
100027899984010
100035403514997
100035903627971
100022651536836
100027808671099
100026092869467
100017738986340
100025418078594
100023924824722
100035451817146
100025250927798
100037676422998
100029998224257
100021111832121
100036089799957
100035832150038
100035268940862
100034842643587
100033790936609
100028138661978
100016446039665
100010156871806
100001991896241
100001166526254
100000490315981
100032344299569
100029570259689
100029072958589
100028413141415
100026700815101
100024146440337
100022947334307
100015066663365
100007673088738
100008174072778
100028483930844
100008795073153
100028577134203
100035107805307
100017444405585
100035056549074
100020582145312
100012219857199
100014485788983
100011185261970
100017638573987
100004209198837
100019446450459
100027723710731
100028426744598
100013257398063
100037620161328
100035192472936
100029356176558
100024275256702
100008775750746
100030755147725
100021844414371
100027474663550
100035746097675
100006457902831
100025923183026
100017717717315
100035968870992
100037644324257
100001786017250
100029084623592
100033557261678
100027994131324
100031304978097
100019220977881
100038022150484
100037497558128
100028007885406
100023170451733
100037222624424
100028658361841
100029724883076
100011113151847
100035527505953
100034664710388
100014858777100
100034793738457
100028376497464
100002561329509
100035778253692
100025799826652
100014859016860
100037437319102
100034662437108
100037764580678
100034900183376
100034192594627
100033365551859
100031703563898
100029814427393
100005878411841
100031918130213
100032115844781
100032800740387
100030374561615
100025852652254
100020337078211
100016672506683
100015810106182
100006274955844
100004959420640
100006151741154
100037074303230
100034643506642
100030691310151
100030538443291
100026848304110
100024434409885
100021686473461
100014849734489
100006938942453
100003206173630
100037797074413
100037331103918
100036785594164
100036456858116
100030062304158
100008227245706
100008012538074
100003863909184
100037326083910
100033025189072
100027671062891
100012159272270
100036308415122
100033779568495
100034732443387
100026727105856
100015979396696
100014476608997
100010666189058
100003953383094
100003665900391
100024475907010
100035535884452
100032421560811
100031135962048
100017939624607
100006444738627
100005019255407
100025445627293
100002093405639
100037453839325
100037183516436
100036398641786
100036288638803
100035789766978
100035111533126
100035070936121
100032730054285
100012600582409
100037604479421
100031239892902
100022821815390
100018711318020
100037170170221
100035608790324
100031546774120
100022560167672
100021647014888
100021622927054
100018004753839
100017393405398
100005615945018
100036916863563
100025276489855
100037696411388
100029611308177
100029636031752
100033497803897
100028454118193
100033196778777
100031972034559
100037231231576
100036323002721
100035443959378
100027565488394
100024917702718
100022130024889
100020767422083
100006016662681
100002938339863
100004121954264
100037520266774
100035776583942
100035556070202
100034161304087
100025920491227
100023933356633
100025086307566
100022865571793
100026657044383
100024292279100
100021566867522
100016636485628
100004502794726
100037793624525
100034108355760
100016791849849
100007243546479
100005989326761
100011767306905
100001030390825
100034524877822
100035164642285
100035148302998
100004507801186
100029655741523
100034657784786
100030005387750
100006670065721
100034444715206
100014547551360
100034762174859
100028907256144
100030699429366
100025764877786
100009568533404
100009830942915
100028081566531
100021760624154
100027064029612
100005125211197
100022873423123
100026804359596
100017809029834
100027074858872
100023989073834
100035889278094
100034304375003
100018247742868
100021747772307
100009839611542
100035750154244
100021957473721
100009434051263
100022880107603
100025962977435
100032931307705
100037426961388
100033599919097
100026700466540
100015591732873
100037298735380
100023899598869
100024734175357
100014090584621
100033746573939
100037260676174
100015078308823
100026555641080
100033926799529
100004271917753
100019075143099
100037622991712
100010924633991
100013400476974
100029047128992
100009528037744
100033723843745
100020554080082
100029262248472
100035525327241
100016034324875
100027241123932
100015076994780
100014272712306
100015246062455
100033461063879
100007746305483
100012016411873
100035406810271
100001595945513
100037625572787
100037671066210
100035519955687
100035002892390
100030061667685
100024848348380
100000590164497
100035525621242
100026845448256
100035398230745
100034525148829
100031114145277
100027429859867
100017349031484
100012098261520
100037616927066
100037471753843
100034280625364
100022864328148
100000646599384
100035398957086
100029140368786
100009779047322
100037877045273
100036820327297
100035889861284
100029538631785
100026790229118
100026635642009
100024976477198
100014781167771
100012275923733
100010351726307
100008258620275
100029767686770
100010941427099
100010145702302
100007739471585
100035565510439
100028475491659
100021921787687
100021832934405
100020973109052
100016903727097
100014880364654
100010729622777
100004607798496
100002722698868
100000074816546
100028554254418
100024286900522
100027139213576
100030577808382
100024877292281
100023216295434
100006887590890
100037860366518
100037549625360
100035955455000
100035239268616
100032677088170
100027436340581
100009848353966
100002742420744
100002287206256
100033368221037
100003664581993
100036683888751
100034806245661
100033567785178
100030085521988
100027001848385
100023167700999
100002222468543
100014842623248
100014604878035
100010334351829
100036380794756
100034471702215
100029780130102
100027148153698
100026391522351
100024605916056
100023016070217
100013248309057
100009807490079
100005266036378
100030636973560
100033112843748
100031088169683
100030081788304
100029324073501
100012790155878
100037461852451
100036707164168
100036688808586
100036610449367
100034250532678
100031578634847
100031359763310
100028522362209
100027516726311
100022603126822
100021499609368
100013858627842
100006206618177
100003084267769
100035531106175
100034720273990
100030866528982
100029682227025
100029357116475
100027713923753
100027084787974
100016394735458
100015770911793
100012566172198
1257910368
100036547508536
100035785443381
100035773296741
100033125086096
100025009970698
100023983776930
100019516895233
100016067347000
100013485993432
100008825824421
1331266614
100021426614920
100032797307552
100005508167245
100037495384424
100036846310500
100036285400914
100035342885227
100030178643512
100029607495571
100029112813480
100028758634862
100026285209713
100022253852080
100017565529514
100017173637708
100015814480668
100037229749401
100037016814071
100036216832647
100032440428802
100031810920286
100030502312094
100028229833175
100024553416161
100024215685953
100023888678412
100021727002889
100001392266203
100037607719810
100036391056546
100014939011594
100036241506196
100033220800334
100032538502742
100031601632205
100031495051234
100031450299722
100027077465338
100001928869937
100037693270632
100037108278446
100036002321352
100027245119859
100025553831366
100036940237562
100031986219290
100028070326865
100027716030990
100026365391666
100024098266575
100023770060078
100013053424961
100009710716785
100006438998252
100002326178688
100037756573993
100031190650374
100030620649128
100027477343395
100022520266689
100015693371715
100015399215770
100012679248311
100022524063536
100034438931523
100037351930266
1335256838
100003641171069
100028876374095
100032358804279
100031696571098
100014973191768
100027073939793
100019168387422
100024870621157
100030908239603
100022660626872
100026103458606
100026304502184
100033212060800
100028496887228
100033473041908
100017486040946
100014909469814
100034238688416
100021594520539
100017991880389
100032323222340
100029649610388
100031888452390
100020623416062
100026975373450
100032082737300
100006732753346
100028932170807
100021993647580
100033155017724
100022114921491
100030503742587
100027386648119
100015023466798
100032938279723
100014734333337
100012827137865
100035210180071
100026832712681
100027914349701
100035720190887
100019490620041
100034519309617
100012813525472
100024388394110
100012622890757
100022656736633
100037772943028
100007511657921
100024183593349
100030028245578
100019777625659
100029043397065
100031745760854
100013464763930
100029989770214
100027412612384
100029903990867
100026813302687
100035828405321
100033971113067
100017390380662
100029203003160
100028272666841
100014591582217
100034836462496
100022595387344
100029518565796
100003618760060
100031546074168
100026742576488
100012725023279
100028852521483
100037449420027
100018082394980
100034887638702
100030929832189
100018127567419
100029173971952
100024577727651
100028437323033
100029430289893
100027506640914
100013298703879
100008392723255
100013977911024
100016125695187
100036102772809
100026709392028
100026933632738
100035734246356
100031403012353
100014019724344
100026224658104
100014910062268
100026928483631
100023701726594
100028615806221
100030146286369
100009702065328
100022516392906
100031364565667
100037170484813
100013705789453
100022833172763
100024012010084
100008322464473
100030082986317
100034265171819
100029432926438
100030314643000
100028525090173
100033853014243
100020590306088
100015069374699
100011512920401
100022266638671
100034562797915
100026555928182
100022895089458
100025238659589
100035160125856
100022112274047
100012561308093
100025270862289
100015115351352
100030880302356
100015097987393
100028243027176
100027989542919
100032503774970
100035573835814
100026374192365
100035005539410
100036047645741
100013702650211
100018408157211
100037290915376
100037754851288
100004551256702
100033422567542
100029976561762
100018960547715
100034720965116
100013754854488
100027181621108
100007956213197
100026612837993
100027747054347
100037521107959
100002655221306
100027052113292
100034027374302
100024416884908
100022804598536
100028463529127
100034949690050
100016171293884
100004892106381
100018297847499
100005661949382
100030744438897
100004762214684
100026985680159
100031310240064
100035257800913
100027026602274
100025308856324
100037681388733
100029578233302
100036508985046
100035310164168
100034476847271
100033608741342
100027757218500
100027361910790
100024503352989
100014163451100
100013145618550
100001558113822
100035365121569
100028358028655
100008077204020
100028743524714
100022525325149
100028506860760
100017170717567
100033579433343
100012210521325
100026402352984
100029775608579
100027136610601
100034436689812
100033608644164
100030818986240
100028011590357
100024737142433
100036215835319
100030994023231
100032734572548
100014883724462
100024939270610
100022110695089
100034755558304
100021668026536
100022516029477
100023736993675
100015324127497
100013562581295
100028176077443
100009663666381
100021904985537
100034802773932
100013396211148
100028572978539
100035324243713
100024507019310
100026237234453
100027326371547
100013422992613
100035068980880
100014264318240
100016971690938
100022351628968
100024763355947
100028632084396
100024535903953
100002438510046
100035976965532
100016574417056
100013300426925
100035873167749
100035333724311
100012941344860
100032476132948
100030860342754
100031842608203
100013225152498
100037650944024
100034992973643
100006395433293
100032960225381
100031088025152
100024312433277
100023178252962
100018796831540
100013981244781
100008369408179
100029716877467
100027460564241
100002719417977
100025254500385
100028616224786
100031870965117
100011883770880
100031366791766
100029262458404
100028559326996
100027749063317
100023357343316
100013811691894
100008128215681
100006089595694
100003633918546
100036050808527
100035481840744
100035469491881
100035398751556
100035328554662
100035316983613
100034864599438
100034284340850
100033074350798
100031879489087
100031100551335
100028377933831
100025417671954
100024960481152
100024848027062
100024463029758
100023536683360
100022428083902
100011437232052
100032803210716
100019285352325
100005115247267
100004385700693
100035306029848
100024962984194
100022743421967
100003827611724
100000573147013
100036000556208
100022267034906
100036760863383
100035560552085
100027244752103
100026972686673
100022208161346
100011409849830
100037264621940
100036482071401
100036267877364
100035414928195
100030634480855
100029205791963
100014726556667
100034501546087
100020626812474
100015519670761
100014250211177
100030664816283
100029956568161
100036163428636
100034734727652
100012978194332
100013985433867
100012845680628
100037254291545
100026320602954
100033365511129
100032343424072
100031707441707
100030857322086
100027896869974
100024155372574
100021519324373
100021270300436
100019438652447
100003650731901
100000344855790
100014345075965
100022500471593
100035727660169
100034811799955
100034776083605
100034314375282
100034126625222
100032176160652
100028410793012
100024923537735
100024134954479
100023293884353
100018782710380
100036484594656
100035189201467
100034284486810
100031644242274
100021982608273
100011529524385
100011475665981
100036415331657
100029398601493
100028923406429
100024633765838
100023566623947
100014581210587
100014171611997
100009356850002
100001303877151
100037649206994
100035860179718
100012816005028
100009829689457
100007695731774
100037553690631
100035355710360
100015494647920
100004178804763
100037283963013
100033754871102
100008078955934
100036010744082
100033431983278
100026923671507
100029464413604
100022222800447
100009618722027
100006239134001
100030945226883
100002517791782
100036804683672
100036714483948
100035868586910
100019590097451
100036573272557
100022865561186
100010049947982
100007883137329
100005443907601
100015305132531
100014862188535
100009160799456
100029289332689
100025640526364
100027859426686
100023677070292
100021120435665
100017871854349
100037631150162
100026283593297
100025289201064
100007053618378
100000715122067
100037353761185
100023806029218
100037641916574
100037219251724
100034982913194
100034278651842
100024131492653
100021884686301
100013932644240
100012658652376
100012457247448
100003392859092
100034837032555
100034628985192
100033753438909
100031900417942
100030845150976
100030733324464
100030313130223
100027636032386
100027412744019
100024635731014
100024554346426
100022290924000
100019332673349
100019005218984
100015205271301
100015088358904
100013359554312
100009047213551
100003487151318
100005853181263
100004680123205
100035205310204
100035142487093
100032305117900
100032112402321
100031034381312
100029618780867
100012465159842
100009226383288
100008256787057
100007378118688
100035345383901
100033156971081
100028748684525
100022619715902
100016079987504
100015121786380
100001003536211
100027166910495
100015528966281
100013497971472
100003461414993
100037275431220
100024625459908
100018586443597
100010446367582
100010103234492
100037224763782
100028861140277
100012551317480
100037504599026
100036858527065
100034915382752
100029808159509
100027828226508
100027699000071
100026818187926
100026625978231
100016233451418
100013555682341
100011442002035
100001708741844
100000500013193
100035699621188
100035242334375
100030051014180
100022522574157
100036114532879
100008640515100
100037906681473
100036458430768
100034828531769
100033281360901
100028062637618
100026742583509
100016027274423
100015631926183
100007220143517
100030750590276
100037358613090
100037237788145
100024634452889
100019581006681
100029582373478
100009962736893
100029078840639
100034734740654
100029451783869
100028927058481
100022397192477
100034048458688
100035830754941
100036230585514
100027375542228
100036450788001
100034920173029
100029585017726
100029211665474
100027580741865
100023772853274
100035663737334
100035184889242
100034768175109
100034568585583
100033798676337
100028419066019
100028076431509
100027350824498
100025320698533
100005219862449
100035940488489
100033750430366
100010116644886
100037675207706
100032992007936
100031791735304
100028903727328
100027868156995
100025910625783
100025868225802
100013599450340
100006034844124
100031357055909
100029485721173
100028625678799
100027760733264
100025542435526
100014550189802
100013812678307
100036148516763
100035804321804
100034357817898
100034311678144
100024898339001
100011513228107
100005108258589
100028431665978
100035703003597
100033377915759
100024702459696
100034753273768
100034649631318
100009456549673
100005486945686
100030625681120
100030273376813
100028225326508
100016786989978
100015267304597
100003702720359
100007027695183
100035085608197
100033779948050
100030867330087
100027581993601
100014261794289
100010392094712
100037225811931
100036654647291
100034027907436
100030785223211
100030014354792
100029396047683
100028137486467
100027205960423
100022579789143
100022578420601
100017023476907
100016122348819
100015275537393
100015186487783
100014934769450
100011708262442
100005216296272
100003241721147
100002823497443
100033490507961
100030295240097
100037597847090
100035657663825
100035458596377
100033681498025
100032183804440
100028095720604
100028082163845
100027329952666
100018026984764
100012402690094
100036604571677
100035248520376
100034885770433
100027982242643
100027081439257
100026043049909
100025356006156
100022603772254
100018099072162
100017662277685
100016640351348
100016049476250
100010744173323
100005841364819
100005036324136
100000537300141
100034261086287
100031737765701
100027236388239
100022727178499
100035083266589
100026958798876
100035874233650
100034810431674
100029902237608
100013719360939
100006481232523
100025920487113
100034192759424
100032720413897
100032274420134
100032093152296
100030653181386
100034320233490
100030822192421
100027497970490
100022995009527
100010300957304
100005695789184
100035207333453
100034543965238
100032997772304
100027326703019
100006734142310
100036711363288
100036540976843
100027649819877
100027308558467
100022357866492
100037806758698
100037651307419
100027416531552
100023501363685
100007790111131
100036578163735
100035258021734
100031332904471
100030798531307
100020505606856
100017579319656
100012098026342
100004885024171
100023404059579
100010385948674
100036902731925
100011285197348
100006240526104
100029045804097
100026632608057
100021837401086
100037437229640
100037045204452
100033404897907
100029249045862
100027260194793
100026916459668
100037697531564
100035771737775
100036720706832
100033675069039
100035873047676
100034689551648
100032589852722
100027118384149
100024055200992
100023192791296
100021150160520
100016070469963
100013582787954
100036880271054
100034571776291
100034002338753
100025779801697
100022730010764
100021495890785
100009571084383
100037607921950
100034030539649
100027425491159
100035612344406
100031980560825
100029045060779
100025328648913
100013415341551
100012356492035
100035280375581
100035219709068
100034325986995
100034124143262
100029302266684
100028919953394
100028376348608
100026158295447
100015318044901
100037239350224
100015827614896
100037568707730
100033814351166
100026483207110
100022976289056
100034158214709
100030075857149
100027254118319
100026456244012
100007828993439
100006854580248
100035057737656
100034886623090
100034473571431
100032616345284
100031273614376
100012589453150
100010394320275
100037242262090
100035935628512
100034661115400
100033147572529
100028489747525
100026523862017
100026405256483
100025777113178
100022236242634
100017492408039
100017305698906
100015518853130
100011755680542
100000393895449
100029993775313
100028038795045
100024022356216
100017575303169
100016604712152
100013858355511
100009249853172
100009146964385
100027837528687
100035992245943
100034335041858
100032003103406
100014654135019
100013801590997
100031846501241
100025244090607
100025167641077
100023035274800
100016788734804
100016573600741
100015878316434
100013179302556
100033296775646
100029815290120
100021982493376
100031891265063
100025609912345
100014484544855
100022986442927
100004360773802
100019239543106
100006282191898
100032094072943
100028233750560
100028054535616
100035167622057
100008790577196
100003353565106
100023183000829
100018727302383
100033041838231
100030889723995
100035014419110
100033087612476
100027385790657
100032808494706
100029740057659
100009385669664
100017697941201
100030194813448
100022055859675
100024371497909
100012219429276
100030551347976
100011676822193
100025194577230
100023536606666
100027782274169
100022737112257
100015061294824
100031493760809
100033138980148
100013463521523
100013056036478
100012783939496
100036572550078
100012313929394
100007123772573
100012941952616
100013084960243
100021065267527
100030487743188
100016501483177
100023789241021
100027462336965
100015918210014
100016982829967
100018053706767
100007064839065
100026999690304
100024597557341
100010334143470
100028225279393
100007337745696
100009037838324
100012174879728
100028785421493
100023102118240
100034106421404
100035055032958
100010729081964
100027880502767
100019445342591
100004718168492
100007148652866
100027832262768
100033589908272
100021589427865
100011500783907
100034231883654
100011951324385
100034185137579
100017293658788
100026445493642
100032288564489
100008367123517
100033717850257
100025500858148
100014831206528
100027955129059
100012511968916
100016020368694
100009363506908
100022995155066
100035228236177
100022180812005
100007438801227
100025972339456
100005236666223
100023704687535
100013277146466
100012546551982
100032417433174
100026940405339
100035351950366
100012616894417
100034078118261
100013011648255
100020763170708
100026650892949
100034580262921
100029000174900
100033835811650
100035719097613
100009069973274
100030937784860
100022931286408
100012336573452
100033580282792
100028546337492
100026661632004
100034941580155
100023531112122
100025909693314
100028093110664
100029225970611
100028746405774
100022344054181
100022382193185
100035813761543
100034325830316
100025768212266
100025046358853
100022364988602
100034661572259
100014940786620
100024414661809
100021806061315
100004077606551
100028520413983
100032170990556
100011521620224
100015220655892
100030681561667
100024748358272
100028429906729
100026830448962
100026622666127
100012891857312
100012852576335
100013194701670
100037203220403
100004279592824
100036436925440
100027292320758
100030918675027
100025323462052
100024228520384
100015250846064
100012965174989
100018957618246
100030302010506
100034270650918
100033421370584
100015646533788
100029755462053
100026675943233
100007553406737
100033654757947
100027485715390
100008426132855
100031530397605
100029612971815
100029135869525
100033864006637
100036545103904
100035524892696
100025494300286
100031597097023
100010774419108
100008667667897
100025327446544
100031119912870
100025106511061
100009128341909
100033946430797
100029281087181
100021107811227
100015932220738
100002749839760
100029045624266
100012296136747
100029744287571
100027247535286
100032321896298
100035836080322
100022359390967
100010853806612
100024935752216
100034004731848
100026802813246
100010038181924
100017366317805
100014845754881
100009530320525
100003214386872
100012758315212
100006507635092
100029684445430
100033744097620
100021943335894
100026924736607
100011540742453
100034004331058
100023534645164
100022692701206
100005958677466
100017886430893
100026642627716
100003252736869
100031617556534
100010783511778
100028609852493
100035139421639
100031821038998
100016554314054
100003720520100
100034035190538
100011170111255
100035183804091
100029269193849
100012856324756
100013325680726
100033768912739
100035129072176
100009482430897
100013537547451
100014087179089
100035424351507
100034473946030
100033403908104
100029976825699
100029787310534
100023508819425
100023371547576
100009171945945
100009156977115
100024915001033
100023316962163
100021633846631
100029551748387
100021952775069
100035424435935
100024052791686
100014408737082
100036802934470
100030187250608
100028171370674
100037692180949
100025263197105
100003312236373
100035702253037
100034851252535
100031988232959
100023493639658
100011314927613
100002420827374
100034851250364
100031015958761
100028948402864
100027263528160
100021700113843
100021063452782
100005012133401
100007541024353
100015690997405
100026441409444
100007876984880
100035970862993
100034001292658
100011749651239
100032681632641
100026900113001
100011605710025
100000574202413
100033408231333
100003235854797
100018609965889
100034783785695
100031710137758
100034724957991
100036556636349
100028755043093
100036200891196
100025152084345
100029208339305
100033599801603
100031537010433
100026431522330
100019822390560
100026510746204
100029455718544
100032890939157
100029039090783
100027987380647
100022004074982
100017667034837
100013210355405
100028715806993
100024082310545
100030544250219
100005491182049
100023765530579
100022729567171
100034785336953
100032114140666
100015210962881
100003401240982
100011330552147
100023493787255
100004231035942
100033430266211
100013948932866
100027455886067
100025698666228
100026577322922
100023424456782
100025829243928
100035789982782
100025176728947
100035171588660
100024333754942
100035517514558
100027970320811
100021887044957
100004217827307
100032898759458
100014554608506
100012342038602
100031812082579
100024981374732
100026382697471
100028600026132
100023378551723
100015115052315
100035092652570
100026674395646
100023650786807
100031306933126
100024252442252
100025715117011
100018565474626
100031954293178
100023114776600
100019237803348
100037295452456
100022909307945
100014716923624
100018502121988
100024000818343
100030652989770
100029761305102
100031022417236
100031721749990
100035291721753
100014138562618
100023230853443
100015156727209
100026351894828
100035799046315
100025160628235
100030992925866
100024329599608
100037428102671
100013566570863
100025351835577
100028130030960
100028459942569
100032010727469
100015962102393
100027534841699
100023875363840
100034817408496
100032646792570
100034255956616
100025670823456
100035459708717
100013654754919
100024846617034
100026637528791
100032233120754
100027041562380
100021931568040
100014807048996
100023909599781
100035298314955
100021844794104
100016517716205
100025567141195
100009539576204
100031973440711
100010631435270
100023634932779
100021478987874
100022851098488
100001714116190
100016804081181
100027325057106
100033431536616
100032602216658
100024305033782
100028255565906
100025829929852
100016772702579
100028965272127
100024375654019
100026473936847
100027801583188
100033340562548
100015994323627
100026293283963
100034147741740
100026925623280
100023817192768
100021216841651
100030875167251
100021899283864
100021908558791
100016839469190
100035251334505
100022157030234
100029511637462
100031851309147
100006430936625
100012229847445
100033254032871
100014657820664
100002346808999
100029601495869
100026952315875
100010035189922
100021888473178
100027414886624
100022768090384
100012300615063
100028036085896
100013821764145
100009435568468
100029119627356
100013783094520
100032601113951
100022958502454
100015710378818
100003839836642
100036426912418
100036289210659
100015918155861
100037681004945
100027625212768
100029605933280
100027014411721
100024708512940
100022008861161
100034948080827
100028225282280
100027180818168
100017132685559
100037553494535
100001591462529
100034791859075
100013327710416
100012063884522
100008909950826
100035862223269
100013938603363
100011945418056
100035848780659
100033059570623
100029752837261
100015048752269
100013363217039
100008823546671
100034003111021
100033527731148
100030549216086
100023743230894
100020736578290
100012456251156
100030677744175
100027152773753
100026818831630
100026091131587
100023523673403
100013363185641
100012711344862
100011763812385
100009512859390
100008035603270
100007201213221
100004471922242
100001558069591
100037018474596
100035763016398
100035064932772
100034546966044
100034450933171
100030577956662
100030558401084
100030363843856
100028481526064
100027782023316
100024369882357
100023668323501
100022867908854
100028267152721
100037717984641
100033512863243
100023908629493
100022441157413
100022264816313
100005515123690
100004980780794
100034087404379
100033503627501
100032739620571
100027001263781
100025604751212
100024164207442
100022678091123
100021360228510
100012199603674
100002775917122
100029968006400
100003867104223
100037301707105
100036241162109
100012593044745
100035569000372
100033961870180
100031163523171
100028745072317
100025573388827
100025277682820
100023794704008
100021874611528
100015165544608
100014766467444
100010328528500
100000918686484
100033701232764
100031596171837
100030090094636
100028789755121
100023257456951
100022699632158
100021975820084
100015744662754
100015537735184
100017730450068
100033265932624
100009332135836
100036883306698
100035713519623
100034976586977
100034248845246
100030523717859
100026484560172
100034917258577
100030566716768
100023892701645
100023632909054
100037380079805
100035367481135
100028245094335
100009374605193
100037194180124
100022466134920
100015884285753
100013906746145
100008931103704
100035543866232
100035156260569
100034763484010
100029488577681
100024926711525
100023831702158
100004927367354
100035129022097
100034641125795
100028757779623
100026716801437
100021874027859
100009878348111
100006247512796
100000180423926
100030644333596
100030207550264
100013409148234
100035320723063
100026022532739
100019119311491
100033823183919
100029462413531
100026668742933
100023917448027
100018443682411
100017467119320
100011774259092
100006542555511
100036745961836
100036541396714
100035578080668
100034769730186
100029572658735
100014968565027
100002980213881
100002923385679
100002390624730
100025531403229
100035488665674
100035328981821
100033498376039
100029307322471
100029161673943
100026123380328
100025583451620
100024327755099
100017657477848
100014831822723
100009889202127
100035123001174
100034532347746
100029691158658
100029134144919
100028213440209
100016088104743
100015547023474
100013449936473
100012007123651
100010397593555
100002317911009
100023670492968
100037576120866
100035675640186
100027963887025
100035830876451
100034617575913
100011167360424
100036130531570
100010152391346
100037817340843
100036354912311
100001905082454
100037572349745
100035785822800
100035325440521
100035233721207
100034845660682
100034193243769
100029185970075
100028067394274
100025416621065
100025291714433
100022492188480
100017011273000
100015308476748
100013992007207
100011516627736
100036384641394
100029637012755
100024307956495
100015758592300
100005457902957
100036043393137
100035216230463
100034713375422
100032065095019
100017280132315
100016560840141
100015389745616
100009638850394
100003385833509
100034824462742
100033295726189
100030047376734
100028875919220
100026987500958
100023045082354
100018629850865
100013948445783
100034804112500
100034713942300
100034349451960
100032376224759
100032376220884
100029269163256
100027373264919
100017338994148
100009549252324
100000624511729
100037073192385
100036262305603
100007488961083
100001640347269
100032397519987
100037509351603
100012158461604
100027990764282
100036667779259
100036563310184
100036255105505
100036145245051
100032489326474
100026534100962
100024611671863
100016232227972
100012222065936
100009448819398
100035565614096
100035159777026
100034926552522
100034924040406
100033682774207
100033404475626
100026974939097
100026974934048
100023641911715
100009714888288
100007911186099
100034603182837
100034574951818
100034081867722
100032965201506
100032593953966
100031189910806
100028186412754
100023289411189
100015308291888
100013656604906
100004206855071
100003255397918
100002098953340
100027279362391
100015704130071
100035262515478
100028474852117
100021734229326
100013594998657
100029207513765
100016774877283
100019132023190
100033741486735
100036476000274
100036332100604
100036141769336
100034474360633
100031565164842
100028598842696
100028447684982
100028302874947
100027383490407
100026427302508
100025993626460
100025667585396
100023922550872
100017415346163
100013315508745
100004747566202
100035494910833
100037122180499
100036895745347
100036433762295
100036010151576
100035740565049
100032964005350
100031693609652
100030962640513
100030483830376
100029552380194
100028130522833
100028064191623
100026899330313
100026310668735
100025111422075
100023486320227
100017582321513
100017538556699
100015600794238
100015560327091
100013830307619
100013481980242
100013041195601
100006403565966
100003572098419
100002258835774
100001321464929
1543738035
100028385680054
100035053656778
100027055087992
100010247520042
100008615617684
100006142783007
100005117328945
100017039778201
100036293834226
100022270082906
100017417985787
100002088635152
100025382033543
100033172230480
100028318343102
100015076380224
100012483000755
100011623245627
100037280058683
100031952662720
100030386772323
100024897160018
100036886849652
100035506231971
100035130342225
100033706264985
100031629903946
100035032391914
100032948599464
100027538354992
100024506239694
100002803581042
100034678718674
100026179718577
100036098028606
100035279370613
100033854627577
100030148398713
100013342960773
100006208305301
100003056919086
100000573807032
100028192687442
100032149202052
100023216416901
100010766742066
100003987691261
100033710043371
100024330620469
100020622043661
100007847852265
100002214448879
100001920494589
100035602025618
100027576761988
100014863693560
100012913518896
100034576668545
100034276370842
100033566826532
100033447741653
100032764554252
100032311941865
100027765054024
100022123248203
100018705581420
100013366982134
100037271903979
100036464430564
100035387283869
100033217411239
100024557644556
100010385610588
100008252469096
100005301034350
100000079946561
100035118438910
100034194713697
100032840659864
100028632052088
100023715918874
100022417787402
100021686182985
100021262996466
100013860034759
100012519426480
100011354838287
100009734590686
100008805345563
100036467830733
100021710351771
100013384392160
100029073890828
100001875652690
100010935573187
100009951947596
100030161182636
100036582004332
100032956752459
100017302510394
100010017429371
100036450998381
100035775750523
100035546475481
100035091682128
100034500584212
100033592100297
100028759475143
100027127650865
100005925309610
100035595943544
100035117018609
100034954093377
100034765813019
100034053879399
100033441742735
100031735533361
100030057954322
100029701503554
100028524572068
100028477581384
100028414874765
100025708641058
100023968374143
100021675849639
100019035186034
100016540753923
100015288150189
100007718954691
100004260604260
100034160922151
100033297314976
100032589456086
100028814092132
100027306473014
100023505780061
100015252032361
100006861188808
100004538192484
100000294368787
100037486080517
100006992059265
100026901340477
100023545568865
100003917036446
100025140250395
100037574894428
100037130954796
100035182664401
100031941972402
100026730812949
100026461688096
100026371398995
100025467092701
100024611236342
100018706831260
100016101101181
100014444917658
100011062652011
100032935100299
100030417921339
100027653618287
100027051559950
100021729874233
100016665796160
100013086044691
100035318165223
100034758799041
100034371711862
100029443901373
100029048977031
100029046725485
100015300678136
100006203793298
100000519655711
100036906400191
100035172765373
100034795503243
100033414302575
100032258438293
100032233132133
100027830327221
100026473872441
100017915801419
100011379347736
100034267486799
100036586863952
100030963271086
100029254336982
100028803511866
100022064829625
100034773276489
100033388621682
100031332833040
100028052239198
100014111234512
100009612799679
100005453135026
100034536639155
100032784530343
100030133744520
100028049177144
100027967212221
100025343190953
100018126130018
100015995981162
100010275485860
100006436372902
100036078646377
100034502479216
100029388420930
100027817338577
100023869763846
100016993897455
100013580254591
100010421551673
100005237382162
1708348651
100036301724896
100035440334487
100029989992685
100011375009947
100001123033952
100028058963489
100009972376631
100025531683114
100037429732946
100037282097276
100030959130077
100007617608079
100035152682772
100029869681378
100005775277955
100009195412413
100009289398746
100034274392260
100034064003508
100032012941508
100028610261353
100028324840261
100022706169894
100019246683192
100018432660234
100017276227061
100034599150802
100034493170711
100034081007855
100033373731189
100029227070571
100029007351606
100021376217535
100029325318721
100026610073158
100026341963008
100023311012985
100018986341406
100012740767012
100035668205207
100034925674897
100033766732305
100033394987630
100031723341583
100030257472935
100028777724864
100028399282627
100022220781224
100021723614431
100020234730300
100018217897064
100011667053467
100011574313095
100009619425058
100001728649739
100034976222670
100033947615452
100033186062033
100030653326544
100029722924585
100029523589119
100026002086095
100018226715955
100015909877754
100013452828001
100036565873378
100035973515948
100028900088046
100028005214469
100009820609213
100009350592548
100034645176290
100033425829261
100026893611178
100034781775329
100030622514996
100029769541973
100024690397232
100022302915055
100022237655424
100016573993727
100012294872059
100011148707035
100010770792250
100002259853868
100002135029493
100031394795038
100030792683248
100030745999125
100030608320583
100026492820792
100025870113823
100025699354115
100024118110437
100022483457989
100010952049898
100002567482689
100001677229892
100016405093699
100015383501401
100014249131337
100014092593667
100011725169494
100011353798620
100035849760897
100026011658275
100027740465011
100034543421602
100015561633088
100031374224659
100013882749845
100027805374278
100028686009930
100036099196182
100035105829807
100035016525096
100034442592869
100034274141326
100034144351198
100027127005442
100015908740417
100014182965222
100013077846801
100028280775293
100025741642346
100021846336404
100012039090001
100035122007114
100034412420387
100034370826094
100031847014686
100028683575955
100027834691715
100026387917955
100026183393201
100024542042753
100023156916147
100012332101611
100003859167659
100009937541867
100035338510917
100033852559219
100025699831102
100037559527483
100025291590322
100027742040797
100020008056370
100031952227064
100009752588538
100036528015922
100035338934598
100026824323742
100003143180442
100001056904887
100036065593786
100036042444343
100030890753010
100034869076170
100033259068909
100025643070869
100035804775018
100035184039057
100032999093360
100028175326207
100014055555226
100012822855816
100004836106220
100037243125144
100035074179021
100034726027902
100029130766438
100027174704028
100015164111856
100035160460143
100036638177037
100035784573032
100032684160600
100032666563067
100030577370192
100028806333236
100025241733831
100020943439915
100005636955852
100035648502092
100034805664338
100034782131525
100032614511052
100031966732360
100031931084091
100031240237108
100030235175823
100029355334200
100024372923046
100022346610032
100018741664395
100016708357504
100016296213248
100009217033430
100004706355349
100035630207766
100035627018506
100034683696040
100034328014376
100034071069438
100033645224864
100031509063110
100031397292439
100029525375008
100028351958779
100027373383747
100027302618305
100026302611595
100025550551493
100025323708861
100024557511946
100019844981370
100019185341434
100018944772375
100009704436142
100006062231971
100036116055570
100036035768098
100025350969428
100028728571774
100022194614993
100010873629411
100009253806297
100034767560315
100031156519024
100022761547985
100010585654663
100007825482187
100037225565669
100037030156671
100036942484143
100035029852193
100032439316298
100031920551327
100015242522387
100035730044095
100013048452980
100030342704561
100025178864369
100007076299112
100034190206798
100002005110642
100035587538780
100035029761122
100033571929603
100032145857188
100030731970571
100028321003289
100025887786652
100024268792557
100005073618113
100037849354057
100037720681140
100035439032800
100030459793791
100022080709755
100015452284432
100004006488670
100029607497088
100012642511391
100011891374137
100006761855560
100036389700792
100033848767279
100033443525704
100002587085025
100036420642201
100028116303141
100027049280216
100026889442691
100022683711494
100021843284030
100016196076148
100015040980486
100012386645975
100007265108241
100007010316785
100003369221983
100032850171649
100031127584285
100030663018637
100030455975791
100029402043201
100029339932767
100028574632509
100028481444677
100027668769823
100021708879032
100013959882769
100010093334178
100002698846508
100027906619108
100026889042611
100024083405614
100013269002104
100010961582043
100010155909846
100009673934273
100008530716380
100006662161841
100004131843259
100036426544644
100036110582789
100027688112384
100018946534372
100003017098205
100034870786411
100030648612854
100027286956884
100026502182925
100015843033374
100014916156143
100004040645997
100001514877870
100000226129282
100035968883884
100009459705338
100036382832359
100036324198021
100035936181445
100034716123969
100034460002264
100033670939527
100032046514905
100030487391091
100030132833665
100026771504480
100026182543020
100025044976830
100024976583271
100024701656308
100019355372646
100015983925365
100010817351000
100008251395307
100006411730853
100004892889771
100000524472784
100035367154549
100032865110558
100032393801629
100031355581257
100030242288709
100028381298675
100027416595053
100021927891479
100009251898284
100007568312072
100033214862128
100029163107812
100021957762861
100010325310882
100035680686473
100035632515347
100028502497268
100013718949553
100004922923705
100035743174093
100035281732568
100035036452773
100034960483056
100034636513318
100034631973004
100031204130027
100030029478102
100029689747028
100029502760692
100027523872947
100026701818808
100026626291188
100025563857755
100024439471342
100023767246121
100022733171292
100021711620742
100013841680232
100012767555568
100005657568302
100002545391943
100035809680050
100035206898598
100035145690561
100035077484284
100033103234581
100029044563388
100029025642889
100028857670181
100028774007200
100028232054057
100028002610704
100027485681389
100022449281207
100021944044802
100019446162400
100015204919017
100012680315692
100024218654241
100037071933888
100035566164025
100033719178682
100033322456638
100032968054908
100024766718415
100013971818238
100012077040316
100010220588841
100006652786441
100034128336074
100029199189150
100005420883387
100037357503551
100035373822641
100033498963901
100032867327636
100032439850123
100027069465281
100010806579461
100033913127294
100035005029339
100034987910255
100027267990292
100023844021049
100007717653936
100037510551662
100035217304017
100033764235957
100027205125630
100009423367945
100037607201727
100034637193151
100033532650965
100029148159428
100027353941455
100024213301266
100023228526785
100022572601475
100012268458100
100010191349481
100006831427483
100037561069741
100035417960399
100035104716891
100034740196209
100034216943281
100033932530190
100033898361965
100033476719559
100033311475260
100033084981436
100030919913745
100030790160860
100030773618479
100030220193598
100030209775894
100029494933339
100028538941135
100028445704713
100028002526335
100027968584482
100027528666301
100025003666905
100023828854393
100022444443029
100015821290041
100015598530443
100015340591241
100012779881447
100011358145401
100007891392180
100002067311830
100000338956606
100035988583419
100035970251237
100035623836207
100035003673235
100034900773376
100034786140346
100033343900599
100032966931998
100032077430115
100031515198227
100029614838848
100029297951472
100029066207561
100028296671068
100027263745695
100027056190603
100027004891727
100025691715011
100024008923103
100023914382306
100023327684914
100020139490957
100018422916839
100009203740352
100008726496478
100008424731656
100007635107414
100035808461860
100031713335569
100023489059925
100023097010929
100016602577242
100016138716483
100013357810326
100023941611366
100016759064118
100012431021664
100003776046867
100024729633122
100032318112023
100028063718712
100009213010270
100008852916363
100033210946094
100006712960109
100036196032176
100035942709566
100035107069768
100034638339335
100002081013203
100036002102425
100030748163746
100021951292287
100011437094157
100009262173685
100004473455180
100030214907230
100028805721432
100024872144336
100023494998306
100035645201977
100035223833606
100035124942774
100033278509023
100026731974354
100025670771218
100013704063598
100011674152028
100004132235096
100034494615098
100032612921024
100030558302230
100028373194419
100023942646560
100011331375348
100009483572827
100036242373852
100034497882487
100030375613575
100030270825142
100026130251598
100031007362079
100030126525252
100028743759510
100027474996234
100012533743331
100007540715056
100014549985856
100026362847960
100029212788650
100028742798809
100014263686156
100037838164574
100037770338509
100036785194016
100034931503439
100033034182482
100024251253167
100023509718841
100037598418421
100034395981770
100019164527539
100036314070167
100033187712221
100024985306332
100024946148601
100025471233579
100000720009048
100034807792149
100027183110721
100019126536556
100015037531691
100007191346054
100036541741677
100035363932827
100034666141041
100034565303334
100032106872134
100030693977419
100030109067702
100023752930496
100022419107694
100018677790650
100014371984143
100009550100296
100012480701997
100008223031801
100033603248731
100037528273237
100036516983543
100016612985053
100035552132733
100035533005833
100035153556504
100034851151102
100029386023029
100029281162374
100028113290748
100022820496960
100016121196412
100011078028060
100004154440094
100002394757475
100037331903863
100037016230781
100035206170098
100034849711308
100034824396757
100034370071222
100032488411399
100029488350665
100029261496977
100025268204942
100024061609652
100014624563980
100012749310092
100029038368670
100008833354458
100001662115581
100027986942848
100033374528193
100034781460932
100030569316270
100024625605609
100007576515649
100006186550169
100035449476104
100035419845400
100034785195260
100034548197516
100030652800627
100030222802963
100029577905318
100027622036250
100023756831976
100015469328431
100013810396221
100010845915737
100009483946967
100003074376199
100035206012110
100035544218986
100034384761238
100034131183688
100033266900895
100030774853689
100028536789399
100026259210137
100025010040978
100024633870475
100014497860424
100007273890039
100005081310496
100000402072970
100036227285018
100034896554050
100034131180260
100030729911402
100029281603133
100024217551474
100022671194861
100018919565712
100013984332350
100006521505365
100035053605040
100034313174073
100029168646431
100028805028997
100016613689232
100013090334232
100002611682941
100036219755416
100035635323074
100035635024065
100035579948404
100034522043929
100029605425766
100029239962183
100028408272277
100027239643151
100027120111282
100025918386350
100025820025194
100025698555006
100015574472494
100010491335344
100009463233215
100034644794036
100033192669818
100026289077872
100016118259620
100012226451209
100003351095299
100036273526931
100036251320900
100036163787490
100035271605199
100026611426703
