100029921211186
100033504756564
100024050794333
100037959257129
100037937254336
100037919556951
100037770984027
100037687125065
100037432965925
100037284606167
100034658805255
100034620661810
100033331277945
100031301513980
100028945244646
100027868363777
100019393661179
100011263784147
100038080835314
100038028438269
100037844274261
100037796623508
100036856278298
100036157005049
100035793894136
100034493716683
100032039584104
100030240577937
100029394049971
100028963507792
100024702639882
100024358622746
100024092582263
100020666479577
100014535102437
100014399731995
100009930601076
100038108652900
100038079218901
100038021288755
100037751805036
100037270328297
100036139480984
100035416443267
100032988762985
100031270671704
100030011691412
100029716208408
100028818802875
100023750599286
100023557181149
100022069271441
100016995281438
100014645986975
100008380097173
100003158606219
100038136728397
100035662774085
100034706890453
100033134343373
100027373094917
100026909535836
100025304033223
100023722217547
100014350359424
100013891389118
100011199521926
100005436189876
100004818702886
100003961116323
100001238361107
1808042990
100037874382330
100037900399182
100037824153080
100037061903569
100035939720730
100034463282211
100032981045518
100032654619590
100031113077708
100027890920843
100017759222158
100017079162679
100016595106641
100014815413946
100013037168289
100012758707971
100011540892525
100009345206962
100006594820359
100000523518306
100037868415296
100036915399227
100035356785577
100035286932812
100035118670276
100034917947507
100034729841610
100034487421106
100033233751827
100032391045754
100030324997811
100028632104606
100027595632543
100026960646601
100026647627869
100024606270950
100021614942204
100007366265013
100037933964487
100037870115588
100037553844104
100036803940526
100036547119816
100036195517332
100035877845881
100035855681921
100035709977357
100035260363432
100034710182053
100033904434156
100033831683836
100033795042027
100033336945601
100032522466444
100030900107234
100030734794011
100030209861478
100029726992883
100029083993686
100028335375808
100028060293540
100026952851037
100026915389402
100026498191024
100026391943979
100024049770303
100022251456492
100018017461001
100016717182398
100015561092564
100014623696682
100013715012766
100012784236569
100012773805821
100012316064731
100012081579134
100011693910204
100009493361488
100008326188387
100004589356075
100003614128805
100001377153742
100035393259907
100024010223198
100037958527649
100029580068698
100036865131985
100038017356570
100037869037213
100037705906230
100037670411197
100037025558139
100036685810621
100036587542371
100035638868583
100035006079559
100034640324603
100034610616395
100033676576524
100032982247556
100032143241255
100029095894245
100027828204284
100027810618866
100025878766554
100024797387378
100024355182348
100024155331313
100022600898676
100014325727501
100012153197738
100010103138211
100006209912090
100004587605603
100004170931142
100036820936404
100036581595190
100035745617337
100035681117435
100033768460349
100033332790048
100030897933047
100030467836682
100030232354398
100029291891629
100029211323541
100024741200008
100019593731658
100011063655497
100010109085373
100038037785324
100037195874052
100034749041442
100033682157436
100030061432199
100029964671837
100029740551568
100029400439130
100029177243917
100028961141027
100026721307558
100026039654199
100015827468951
100015702435014
100013124854452
100012173027833
100037989725323
100037101961214
100036721530876
100036339585312
100035253759272
100034461763374
100034179900784
100033329015304
100032704541987
100031899046646
100031223358636
100029864192142
100029530903700
100024630192744
100024594111820
100024349323240
100006231734985
100036873617615
100035754469822
100035188671204
100034694235064
100030816554840
100028254766134
100017688822449
100015853393032
100007476406430
100035191350315
100037779999818
100037149053636
100037062397432
100036598936171
100036387341782
100035601490031
100035497932920
100035340668142
100035083973001
100034800522335
100034582386629
100033835334075
100032722390891
100032013643224
100030073027492
100029376552755
100029311485300
100028067674756
100027414738421
100027171331137
100026752872030
100025601423140
100024639292995
100023400392955
100023274580818
100022524660868
100022234114482
100021902761956
100021825515004
100013130148517
100011034492466
100010815588746
100007930698604
100007627062096
100006739419374
100006366709278
100037752941106
100037649316293
100036288110246
100034579313238
100034524138119
100030564068088
100028639084229
100027670763834
100026867498897
100025955229392
100025596969065
100024960452840
100024727809040
100023704370712
100015938166715
100014988847661
100013852920707
100013321450119
100009676209185
100004961550719
100035292725389
100008452262441
100037557884010
100036804397737
100036067865373
100034308692928
100033748531435
100030868357942
100026366934305
100024975159696
100022011708564
100014359058450
100011308657060
100008472910439
100007044843088
100007012835733
100001713125880
100001047017712
1596812806
100037712437881
100037631194822
100037262652496
100030829543678
100030569390527
100037546521070
100035879361252
100034824832173
100031139478292
100027791205983
100026491843475
100025870421954
100022443834351
100017248722927
100013523190238
100012277713660
100010176253302
100010154014629
100009943875352
100009260590975
100009109873692
100008403467091
100001519173974
100003343340397
100031335949616
100025916670460
100037450251922
100037330243768
100037313001802
100036790471322
100036232823187
100035597024004
100035436051443
100035278218828
100034137301779
100033955745229
100033906432634
100033421882281
100033280654148
100030533777581
100030332748591
100030264381300
100029098533617
100028425317178
100028415386854
100027571246434
100027567780975
100027390247731
100027076819553
100026819034225
100026755781195
100025583378743
100022506074350
100019004671490
100011401938915
100010837069066
100009459705338
100007470909753
100005899748523
100028586612819
100024137748399
100023977421365
100037832760255
100037450283842
100037717925183
100037447175562
100036318369082
100036239175550
100035546700669
100035323413110
100034337143749
100034070052124
100034057241369
100033536940399
100033284018561
100032738560723
100032349585824
100031659440513
100030288310842
100029409161300
100029318559067
100028327367268
100028162702579
100027800768636
100027793943594
100027668449064
100026618687362
100026544555011
100025786910288
100025329398831
100025065217431
100022735460848
100022054732463
100019329612662
100018405038290
100017805402324
100014733099240
100013426627339
100009529112510
100007634798125
100006655669015
100011501043164
100034359280206
100036993620593
100036242496352
100035567091010
100035317399962
100033813874923
100030029227552
100029162329285
100028644821817
100027725224277
100025985016900
100024581631757
100023997603707
100022703853454
100022191278925
100014091872171
100011020894931
100009481329272
100037491280693
100037437731249
100037328505456
100036522731718
100036014343744
100035486162897
100035053460450
100034585234841
100034208191341
100034034569075
100033767400106
100033756901188
100030505716782
100030431355797
100029285949402
100027560460297
100026472471899
100026376870074
100026132839045
100025874797817
100025203463460
100024920059196
100024751086118
100024545932101
100024491627262
100024246167774
100023046640808
100022813073857
100022497999553
100016567000072
100016394161813
100015464500411
100014622584431
100014574302425
100011186595121
100006313247389
100002957821258
1190212672
100037602846324
100037426351493
100036723097416
100036449414155
100035776878463
100034588921151
100034222157084
100032481046059
100030718303609
100028551830512
100028330598585
100028183247488
100026844800265
100024665410321
100023599896973
100022546539355
100020804195426
100009934260177
100009161318220
100036914630483
100036747554448
100036677270002
100036270911241
100035756419751
100034205208226
100033844069261
100033438977118
100031562463051
100031333333012
100029975897404
100028884252701
100028487111874
100024939697174
100024528465181
100017327678404
100014611364638
100007945866204
100001052493144
100036652603196
100036197662048
100035711631805
100034706701089
100034555698478
100030953730490
100030835101992
100029326712908
100028994530271
100027212923336
100027153610401
100026600871315
100022007983690
100015850902781
100015815289977
100014067911533
100013343440865
100004802941797
100037699923051
100036300683718
100035747704804
100035313090876
100034883983126
100033517533952
100030924002761
100029731722972
100027473131553
100026676249857
100026177266975
100017639839285
100015048975179
100012116741621
100011762101951
100010259329169
100009877924681
100009693519706
100037587550262
100037362382670
100035667037526
100035448550583
100034324987606
100034207310395
100029120857354
100028937883883
100028881162206
100028183892965
100013614941273
100013579351373
100010155558518
100007619433621
100006759371442
100005122487579
100001859303339
100037215664414
100036366219246
100036284646079
100033541175222
100031171563604
100029536663169
100028435575319
100027749464031
100027450033716
100024167616586
100014279284924
100012862836906
100012768706301
100005818145307
100005636509254
100003379039522
100002051990489
100036034263046
100034954448253
100034450516779
100032670943034
100030560614237
100030167915487
100030036487594
100028130663082
100026558537888
100026407129187
100022780788927
100017512384414
100015499054049
100007813573307
100006252785574
100036717798556
100036244181221
100034568827601
100022605499625
100020950995659
100003713592060
100000646599384
100037520646128
100036611011772
100036384579080
100035518998465
100034997707692
100034971413340
100034663933463
100034435831814
100034105653682
100033771815170
100032820698939
100031134998497
100030646853974
100030485614537
100030240080346
100029713847024
100028807609309
100028626371774
100027145449211
100026289680009
100026053428485
100025468170624
100025431962748
100022526571487
100022461812498
100022454781078
100015238967828
100014653519246
100013158191655
100011255163141
100009212775306
100008897281398
100008042022440
100001774498564
100001157263327
100037302980783
100036857333313
100036688120821
100036121729826
100036067121199
100035898064699
100034365352082
100031438893967
100031139393012
100028232318518
100028042631541
100028006112783
100027566656273
100027561114284
100026850153721
100026188728712
100025319494744
100024989919920
100024225160417
100023967914204
100023332870057
100022664287707
100022523235010
100021789917197
100019120447269
100018827531148
100016974540274
100015006886924
100014399564135
100012269556935
100010296310118
100009737468503
100009407720130
100008823636764
100008003807519
100007651959860
100020180800844
100037022433770
100011384249009
100034474752675
100000594613270
100037238989638
100037229262038
100037009050020
100036707956687
100035438713191
100034739024586
100033999766978
100033850610896
100029650509701
100028309727422
100027343081716
100027310627943
100026496982862
100016506640151
100009336919028
100036328790907
100035263204518
100034911313362
100033003405346
100027654124860
100024248760588
100022620005260
100014329667844
100037294424053
100036975639923
100034642477619
100034584434142
100033072832866
100030584470572
100028840491730
100025071423742
100024951674317
100023496640960
100021934483930
100015360610988
100013886416231
100013296996894
100003903408586
100037241861541
100037304409754
100036921108897
100036301430580
100036008061313
100035474863173
100034951202132
100034522091365
100034239643855
100033933095397
100033826920714
100033455926494
100031238174714
100030881420134
100030134588759
100029934460140
100029424260975
100028595160297
100027870922661
100027384691220
100023988019256
100022639791692
100016819966528
100013749731655
100013272815790
100013258025555
100011101654133
100009252139985
100006501870777
100005227022544
100003753532560
100001345146740
100000746132534
100036944173657
100031585608230
100029468554850
100021368023720
100013239789586
100012588811285
100037311881854
100036533970317
100034492842583
100033152646590
100030953985329
100030754995500
100030087245539
100028428824970
100027038297990
100026711927223
100024525435879
100017989905130
100014283481007
100014153291170
100012631500609
100012589214500
100010800361688
100016725611116
100012687482606
100002130036227
100021186781436
100036611385310
100036564253372
100035391469555
100035151544299
100032248072513
100027886250802
100019891844392
100004038272937
100037396112493
100035600527690
100035190456520
100034691333931
100034622953706
100034246969846
100033647748075
100023620215722
100021892902248
100017255890679
100016614137789
100014891739815
100008374835764
100006425186789
100005126677298
100004715942598
100037451431451
100036830838665
100036587988792
100036093213117
100035563101865
100031049111375
100029336863193
100028242473787
100027569912015
100025520735988
100024953401773
100021800173424
100020634946722
100019478190555
100019049027601
100017341481190
100014802786854
100011911447999
100034451602528
100026772640661
100037025659077
100036790641024
100035364493214
100034447761043
100031631176737
100031520703301
100030143502494
100029582885595
100028273073558
100028056257520
100027517749330
100027436761474
100027409086349
100026844084077
100026017514269
100021905148821
100013394749160
100008290659902
100006290317670
100034081104129
100013383522650
100035967471930
100028447390708
100031998201360
100028504358169
100023688052431
100031300903319
100036446628417
100037133620611
100036751462378
100035817157672
100035621236682
100034745802253
100034361720654
100032922287545
100029614242614
100028176752870
100026437003217
100024107535518
100023865233291
100023844369263
100019192266405
100012735759600
100009583953496
100003191258654
100037027311266
100036685363206
100036333023020
100036228032078
100035035371474
100034934372050
100034807419276
100032941042401
100032931049739
100030067455007
100030042676910
100028998076133
100027775682335
100025562601245
100014416933623
100008677935629
100007925559916
100004424349494
100004354578238
100036861934576
100036827880272
100036464840362
100036189120501
100035674515483
100034687029920
100033927427891
100033723549946
100033285135731
100031677383694
100031054297530
100030108015226
100021678156929
100020634812693
100015203948412
100014097788092
100013191460697
100012285128417
100005760015652
100003942010400
100036313276405
100036291857635
100027582530115
100023563874721
100010563273801
100013827097110
100029493952282
100035345451882
100024862940718
100034209307747
100037010173270
100036814473899
100036447814143
100035688320897
100034539575183
100033606376437
100032944982962
100024840442109
100015138399982
100036509583163
100036110641055
100034480392426
100032594178676
100031363811304
100030837700876
100030502354450
100027954527805
100024703083419
100021531883132
100019330804560
100014522714166
100006602320338
100006106983166
100005108055117
100037067988784
100035976466000
100035338867926
100034448922531
100034322115108
100034191197002
100034076648377
100033852984118
100033821742587
100033087462921
100031302279867
100030469022713
100021975398295
100021642708748
100015076517711
100011492014145
100010886198037
100037150452060
100036105642588
100035828886141
100035488006519
100033968086559
100032504903444
100029146881145
100028110464919
100026540202577
100026465625975
100026205694426
100025646109112
100016558246352
100016424681556
100015690666959
100013834564260
100013119578519
100005169738507
100002897565556
100000127159574
100036925400861
100036095212911
100035575669206
100034943644010
100030634480855
100030233182249
100029408692801
100029274587631
100029273944054
100026399152256
100026351381525
100026333238695
100018580718740
100015332137140
100010858632934
100008157541154
100002675645883
100000572502414
100037141899652
100036991089461
100036572600661
100035190066969
100035119551081
100035078146832
100034718793345
100033380296092
100032445060153
100030892539087
100030827169329
100030373942188
100029318140492
100028517405067
100027467498996
100025820233234
100025047740718
100024819427072
100015921853014
100015596463106
100015424478628
100015208213279
100014283731996
100013810541241
100013009831833
100011313000990
100010415913176
100009340138494
100006451193519
100004746799476
100000941498144
1394875081
100033371550585
100028327422479
100005422123047
100034923436027
100023152402730
100032397713687
100015134501655
100034610781377
100003646384665
100025268617117
100004769521101
100010152161486
100034197283297
100029713484966
100030218912781
100019264992158
100018732822262
100031434902025
100028030543080
100028946541492
100028644977148
100028536933672
100022049081986
100036976869548
100029514092896
100027111761446
100036025866367
100035254500490
100037081062178
100022117985327
100032071981323
100014898247737
100036975708709
100036565486101
100037153771348
100037050671379
100034448344652
100037162680099
100035508002523
100026398867602
100025116558137
100028798600361
100006519885275
100022819870363
100025218900787
100026284733790
100025114452437
100033699453350
100009830119488
100026006514268
100023819052514
100034127930774
1751653892
100027880688533
100025023527085
100023556997227
100028760360191
100016740999809
100026815941681
100009367043239
100014369102013
100025984390192
100035542821771
100027782421851
100029793812900
100036269424342
100034912583625
100035220370353
100021226208170
100037131151336
1212711832
100029197173124
100014449390280
100037004711643
100036765917734
100035114491623
100034802447500
100034470910098
100031473214509
100027916927817
100027377233026
100026951044346
100026277494415
100011411109066
100006276855450
100002559708195
100036998950822
100036904894524
100035699743301
100035525442621
100035380010499
100035043392491
100034906241731
100034433890555
100029523521722
100028371074911
100028133161984
100026701868236
100023954896794
100012929681458
100011500656428
100010032271329
100008064849477
100007892736225
1365207237
100036945555368
100036383444335
100033438218836
100032607738275
100029259558957
100028671404459
100027581933495
100025839831771
100024154221772
100022862672094
100018353491242
100014708112028
100013186231035
100012815468569
100009619775500
100008475248963
100007257432272
100036739980836
100035466331653
100035200924983
100034566078371
100033280128586
100032805246024
100030761533826
100030364331154
100028326100382
100026121932751
100025008219305
100024172453596
100021775806081
100018478781220
100017055813421
100016475119017
100016302854449
100005793785138
100036876768137
100036190938028
100035244220511
100035176881924
100034702984892
100033991968926
100033728568371
100032581686936
100030258641963
100029896960606
100027743407475
100027549635434
100027143210691
100026961589942
100026887716402
100026699108010
100024037581246
100015586419713
100012161744719
100010517166718
100010204741991
100006049818054
100001577393412
100026306739356
100036744863581
100036554702900
100036383177168
100035072844374
100034696156853
100034275364596
100032870692287
100031921507139
100030721892530
100029375645272
100027863152785
100027548931233
100022192838734
100016721469452
100016244142917
100014776745100
100014468311256
100013839514117
100012287175629
100025919825636
100033294348318
100027458180758
100024341132761
100023824431585
100034522505922
100008110507086
100029194993922
100036792756227
100035212020581
100034172350197
100023609265369
100022829953224
100014923022854
100012360512173
100034546058796
100034345483414
100032281326392
100030519499512
100023053480274
100022835023402
100032091063339
100036772756346
100036513737898
100036328328433
100036182974266
100036135820905
100035956384035
100035725007319
100034047422938
100033900840100
100029817966924
100029217390897
100025641392502
100024277099124
100024132303424
100023888250002
100022892206308
100019912608904
100012827593424
100004485169154
1263270034
100036992944794
100034102433254
100036816752678
100035318207618
100034917459223
100034820950567
100034462335718
100034298900454
100033715393633
100033077791507
100032862662375
100030788439094
100029426251621
100028168180361
100026876030977
100024158028599
100020715873334
100017738283987
100002473897195
100001743486111
1721204064
100036417607836
100036270722168
100036046202784
100035487712435
100034790780724
100033589832728
100024717468288
100022979704670
100015800374551
100004364527132
100029210945307
100033195515167
100036866434847
100036508131422
100036639382118
100033759584572
100036874089307
100013511807686
100034497551149
100002387226101
100036541088934
100032179253269
100017374200278
100028142724084
100035015864930
100036386242225
100036494553637
100012659255588
100035478769272
100032398441047
100030114348298
100036983670238
100036112426580
100036341622368
100025156718867
100035226038876
100027662171318
100028129297183
100035977189013
100036504001350
100013519249444
100036329310507
100036085395053
100035531624710
100024055760790
100022799705463
100029167666424
100036046620016
100003187198101
100003093297753
100034422218945
100027439631890
100035463614677
100035891051668
100036727084769
100036596871595
100036647440318
100035663291156
100035544623550
100032966858254
100031159384735
100031000533583
100028784640137
100028539465327
100027077593211
100023705377022
100036809012138
100036769537413
100036343572228
100035655676972
100035575533221
100035383419978
100034738700281
100034055062435
100033757411461
100029357093438
100026293754208
100014978164329
100012565599260
100000605844867
100036522943545
100036274743856
100036125524538
100036070755154
100035411472946
100034660485176
100034198056538
100033782194123
100032749112807
100031602007260
100024772712660
100024013312566
100022789339127
100013916043737
100013401347952
100007995641412
100034525851014
100035534053906
100035470503824
100035315223543
100034473823349
100034350167684
100032315011401
100032206791492
100031793873529
100031493916469
100031426611383
100029254172129
100021754670353
100011192650692
100009884712338
100036772440073
100036716107581
100036715750894
100036255407186
100035939912750
100035862259219
100034818502665
100034609450057
100034345574538
100032418792728
100031328013481
100029160907172
100028574407397
100027945473394
100027692896593
100027168518901
100026745262885
100025898190849
100023314302861
100018125378336
100016396119340
100014689893120
100013293703860
100010076011379
100036700327111
100013168860810
100036738005344
100036577090740
100036509172752
100036454100730
100036419273366
100036391223480
100036185402366
100035758791680
100035723153611
100035396273661
100035107460758
100035008341220
100034997844200
100034868258605
100034481239698
100033901530155
100033795135957
100033603371591
100029133680816
100027039705124
100026946677172
100026692818176
100026567165895
100026500603954
100022217080996
100007578123187
100004937342920
100036721384592
100036561302879
100035653124784
100035413852800
100034969130547
100031312896216
100030497327406
100029840380505
100029259815224
100028724475767
100026754094434
100025755861846
100025080130332
100012166957642
100036788401342
100036459465477
100035829241000
100035754349159
100035462060755
100034911466501
100032849647414
100032565352986
100030833231634
100029654263238
100027237501154
100026567839673
100015303394823
100014194090209
100002083468832
100024414227490
100036656100967
100036157367772
100034931583389
100034184087314
100033416015296
100033318173192
100032535227740
100028705098251
100028547342822
100024086242504
100009679476079
100009296389376
100001722187594
100036669212040
100036459502532
100035611620934
100035443943450
100035283303145
100035000645536
100034569469521
100034468043015
100033532163409
100029176806620
100025454826508
100021807797995
100015274549278
100013193586583
100011557592295
100010964431181
100003786809229
100036444883997
100036306923915
100035900027833
100035827803069
100035171505723
100034987279406
100034879012358
100033700817633
100033428468379
100031040231239
100029610607434
100028193346896
100027930310752
100011019974279
100033587105219
100032040621177
100036575044846
100036095285744
100035727363499
100035661351035
100035046052435
100034580508023
100033887594387
100029765414889
100027557144503
100025741911998
100024622745795
100016834903260
100015822676922
100013235564952
100036343669074
100036133099487
100036049689002
100035787555442
100035678061510
100034929910810
100033027544612
100030943811845
100029913338803
100028309566885
100027899313405
100027530224949
100027037463218
100026061010634
100023858379090
100010601054353
100009004851810
100000775635028
100035765990183
100034856837836
100034780242033
100032138630574
100031763434766
100030413105007
100029736159439
100027447545007
100027413856789
100024239341989
100024115480426
100011858262231
100009138036696
100036656521282
100036651301067
100036529204823
100036519632529
100036273880568
100036240312216
100036134760690
100035715942278
100035522916902
100034326550477
100034283352897
100029810273004
100028707069808
100027468421473
100026665005515
100007809279040
100036515827262
100036437193874
100036239946122
100035971339236
100035721502096
100035527274882
100035284413759
100034827832137
100034827244196
100034408726481
100034203049484
100033770198803
100033634575440
100027103279565
100025185636400
100023700291032
100016770362052
100006796204373
100036542855982
100036376542711
100036265432996
100036182045488
100035726539413
100035724273649
100035284290848
100035159912546
100034880460672
100034427521142
100032966949294
100030976190051
100030579752874
100028586602845
100027769032682
100027675471233
100027489106676
100015073208477
100014768888264
100012260982620
100012007337941
100010159329080
100007645939001
100036371900165
100036186612136
100035325151553
100034487520060
100033862814625
100031859423012
100031519602270
100028988522913
100028254340277
100027368739292
100024554709864
100023175575665
100022699670033
100016799792182
100016315458128
100012147648388
100007293493644
100033932232515
100033712333723
100036549511568
100034305229902
100027850009799
100028800744260
100036248530699
100036090881910
100036078454814
100036066434157
100036025410203
100032363012708
100030805571855
100027362949569
100006541574539
100036610110459
100035996554267
100035776664123
100035537539377
100034823444573
100033660916975
100032619186418
100031991629543
100031442462442
100031331341599
100028487799223
100028078365108
100025412655519
100023680054734
100014053448613
100036029531146
100035683561974
100034967449137
100031794430973
100031642660941
100036520655423
100036308071520
100035976453579
100035934993001
100034745405892
100030330279002
100029481515901
100029224632353
100024682712266
100023949709285
100023805073015
100019050125982
100036261549729
100036245133428
100036092536110
100036081363711
100035828504674
100035426771589
100035289485587
100035193132541
100034541116493
100034114269355
100034094255135
100033516800630
100025340042702
100023995629998
100018025867496
100017622822070
100036348332270
100036340387104
100036226894927
100036045158752
100035736974809
100035584566775
100035063615065
100033764780341
100030403156094
100027694710774
100023785970770
100018217006024
100014616466037
100010132144051
100036289273077
100036224684344
100036212957197
100035658042090
100035101398684
100034899997936
100034690338073
100034047541395
100031958587732
100029320233796
100029000313725
100028172653437
100027518478516
100027493830531
100025503413597
100017877125444
100013736679493
100012702489517
100012563658861
100036397984242
100036396544647
100036338799884
100036271564977
100036259510469
100036222260682
100036068571689
100035910231121
100035814132476
100035664422059
100035313564039
100035159288787
100035119602477
100034888487545
100034782633016
100032644294036
100031635318587
100031183490496
100030693435541
100030019544061
100028792491478
100022521708999
100015509015438
100009643354245
100006274479989
100003895633828
100034087410428
100014390836540
100034699989227
100033862811794
100036234150355
100035555587480
100036295953209
100036262534687
100036053805386
100035939854494
100035789385474
100034528337807
100034482432242
100032970261093
100032016215281
100030157277039
100028312153862
100027370926773
100024993072751
100015959311439
100015014591692
100014557605137
100014016520023
100005884173181
100035956722170
100035935008181
100035656569866
100034404512915
100031589418401
100030710081500
100029022489094
100028452753287
100027656171188
100025533709882
100023843329631
100019081809235
100018250564447
100013926549927
100010607326334
100006732104172
100035997100350
100035525621242
100035391944011
100035169487116
100034709413947
100033125707339
100029759324149
100029001226376
100028826891127
100028386636246
100028136288449
100027168440545
100024086167821
100022062330343
100018123168333
100016570262966
100014041095759
100011090610938
100007250401979
100002326246766
100036057194838
100035668519306
100035226918302
100034718122746
100034586079550
100034580414020
100034257262096
100033803676870
100033686271167
100033571710237
100032512358277
100031341960296
100031257526936
100030909951595
100029663461227
100028816192406
100028650287136
100027912913866
100027815793717
100027367359147
100027211352883
100027164570366
100027053085044
100026981134142
100026133600185
100024785827944
100024071227392
100022783882113
100022632976254
100021949537939
100012042826990
100009339948010
100002065996936
100036063824284
100035518400378
100034330365097
100030947340111
100030606439325
100028083397141
100027958299194
100027701179062
100018691986781
100018619596903
100016543775359
100015145333247
100013715958807
100012607687862
100010972424171
100009311166362
100008659488428
100019309450176
100036181779297
100036293730670
100036103590331
100035898106644
100035729542174
100035724823691
100035561446202
100035400464703
100035340051223
100034872424086
100034647840821
100034304062786
100034128456606
100032996373268
100032970188798
100032296411222
100030564200228
100030449282459
100029824630343
100029551383089
100028699599428
100028424731449
100027658301798
100027074734388
100026062326773
100025718810599
100025289132394
100024170070338
100023936405895
100023615913590
100023509447761
100022205933462
100020609373548
100015662191342
100014681744303
100013886557703
100013574174568
100012622482288
100010639604900
100010136370124
100009913607355
100009798810310
100006930576034
100005957229869
100004672595588
100036096943735
100036058516357
100035944870227
100035906319680
100035778739366
100034490408194
100034073199915
100033431563237
100031913197537
100028580824625
100027780785485
100026777433497
100026729976513
100023911760877
100023851179827
100004568058694
100004496761992
100022263492481
100015365641658
100032162550863
100031609845971
100036067515301
100035250226140
100034982494742
100034119630988
100033294588710
100032463198585
100032023330615
100030348339483
100030100759473
100028533859394
100028247692325
100027878821570
100024124575690
100014088162811
100012332734739
100005643962649
100005028338988
100003242314355
100036163807349
100036054214488
100028865532065
100015339970377
100036186932660
100036021944286
100035925290763
100035773341200
100035554283764
100035333590659
100035019469305
100030487879940
100027834254753
100019013584037
100013836282542
100013505973217
100012503587671
100011392915297
100036246061690
100035888829724
100035883114218
100035755398943
100035432381430
100035315856937
100034950370148
100034699267251
100034661520218
100034397581594
100034220286862
100034134402992
100033819170664
100033135005884
100032810748900
100032491814987
100030813938267
100029879821077
100029759823217
100029388571273
100028813942104
100028252148554
100027123913257
100026592644217
100024272782615
100023904493505
100023592440710
100023409107587
100022859911610
100021601089760
100021357247442
100017801046510
100015781485467
100014533877565
100012631181023
100012584224087
100009757813190
100007046505110
100004439297674
100034405064240
100032314815643
100030497989636
100025467345777
100022995729429
100022071784581
100018104316053
100010056270522
100009116079386
100005025558237
100035067902493
100031175512436
100030982801285
100028111188216
100027104033864
100019558175426
100017603619264
100016700081902
100015721325730
100013854008892
100011454934078
100011346669025
100010875031936
100007297983047
100005533096956
100003691597344
100003584157302
100002554714185
100035956397285
100035947455452
100035930478341
100034625291790
100028724640480
100025604433009
100024976959599
100024008660701
100022796653402
100022410003503
100020112005347
100017442725569
100017079462878
100015223901893
100007302434546
100003139525967
100000716512268
100036101524087
100036065373615
100034138260669
100031135154589
100030503469400
100028972849313
100028918271792
100028045341650
100027984104516
100027897040776
100025782900486
100024628310342
100022729757085
100019309754180
100017830508096
100016725495712
100013826687027
100012238803207
100009376391176
100004345787209
100035245670339
100035212386710
100035195803489
100035189467810
100034866123954
100034775416486
100034174685773
100033832459727
100031061135289
100030517146425
100029254521483
100027033977335
100023728093726
100015708917295
100007429444862
100002208792719
100035897619060
100033415763362
100032224221717
100032159855514
100031848122699
100028512781478
100027141876858
100025612073752
100024160843001
100023142200536
100021057110325
100015242730672
100013760821283
100012695198370
100010655058367
100010455070586
100035970164250
100035879778581
100035769452977
100035562242586
100035259727397
100034553239106
100034196169227
100034022400889
100033651677559
100033457027740
100033057113765
100032857083793
100032841499340
100032069833535
100031163282741
100029393116927
100029245897166
100029177235515
100028851332403
100028799550936
100028175142445
100027747511568
100027092806797
100026658470169
100024520984512
100024383363925
100024373600005
100023927615573
100023446554223
100022644315915
100022586910102
100019654384896
100016089945263
100014721662089
100014709721740
100013779274542
100009016124542
100006496580445
100035912235896
100035891511081
100035623283396
100035032426205
100034584516493
100034201902035
100033661953432
100033412180303
100033265870023
100031795905038
100030624375697
100030108588994
100028722676724
100027350793860
100027274209074
100027113529298
100027064069182
100024669550558
100024506274352
100023408640009
100022736863523
100022127105917
100022036750253
100021819847396
100021476476173
100017928663470
100016166357154
100014667099501
100014236687220
100013692994969
100011590308533
100006757420101
100002585752777
100036028477648
100035880617881
100034370643804
100034199532643
100033892413990
100032480287110
100029982691834
100029011064380
100027314072719
100027091551580
100024762705812
100024725767780
100018971464946
100015858273623
100014764142698
100011696541385
100008690940058
100007775921013
100035155683640
100035077594113
100033653641040
100030065892035
100029361404581
100028656736418
100027140299011
100025469010623
100024996214935
100024517987895
100022393246046
100019358053469
100014302188972
100013882370706
100012193783591
100010151507404
100010109012323
100036061301912
100035982669074
100035938178431
100035663633522
100035434363217
100034789470432
100033168600977
100032603328453
100032483082245
100029809211913
100028921592553
100027880991819
100026734132961
100026613670520
100020054196540
100016089720793
100007863452938
100004108573138
100036029163326
100036008411745
100035861932645
100035713636935
100035224484571
100035099022767
100034867030513
100034748149317
100034627148078
100033382612896
100033090876471
100032356427097
100031872381515
100031443796162
100030184127521
100029968159976
100029891359126
100029532343298
100029462643230
100028525818110
100028137840632
100027704332682
100027419265767
100027291680241
100026930663226
100026609911605
100026453119105
100025642070886
100025427203280
100025149834188
100024996939243
100024542433393
100024519710011
100019667706575
100015543225479
100012452567820
100011255773421
100010966068385
100010337911039
100009843789304
100009843306300
100009217512771
100008665803245
100007987186816
100004434667295
100004352283673
100003694148603
100036065763791
100035843329934
100035824758385
100035776882884
100035681420262
100035518719257
100035163921698
100033611979991
100032013383359
100028760644554
100026750463263
100026586914105
100021626472230
100020422353213
100015439086766
100014434032594
100036119222520
100036028358097
100035530399450
100035437073149
100035268123744
100035122995658
100035082707098
100035069384611
100034821473710
100034661873190
100034226078498
100033760669570
100033623101533
100033276589836
100032591292552
100030691865620
100030691007992
100030330312017
100028591895109
100027368963989
100027211082301
100026734239414
100026655692226
100026521472878
100025500541753
100025489849022
100024135994488
100023350338464
100022655168992
100022600272756
100022126744117
100020531020569
100013963390387
100009365816624
100008373670051
100007113406969
100005457976400
100036082354500
100035781586304
100035458062498
100033756172622
100033315012441
100030617562860
100030592573920
100029045588509
100028674751594
100023195988595
100022578043782
100014352733906
100008950923370
100007115704175
100001055107592
100000730531809
100035933563619
100035886517063
100035847141270
100035610820709
100034766299240
100034637599444
100034389812372
100033590934176
100031336756586
100030081828832
100028384360308
100027726370831
100027193193597
100014451736249
100013543245258
100011524080099
100010896185509
100036071015879
100036049057374
100035903797562
100035742923325
100035672693038
100035549092372
100035349826206
100035290262574
100035250258534
100035241286696
100035212206556
100035191837913
100034919763232
100034867651236
100034856646951
100034815067619
100034745403291
100034267784129
100034140106631
100033504496570
100033491436011
100032097728438
100029964549615
100029579780987
100027482290140
100026495564785
100026321010624
100026318093123
100023248084327
100018183033653
100018133186039
100013783140459
100008718874306
100005750264642
100005474613875
100002476225835
100036124950077
100036059644547
100036028566304
100035914960739
100035886315384
100035813213851
100035626385919
100035597380094
100035524564947
100034636813434
100034503081922
100033185076139
100031557977370
100031306152981
100029988701377
100028728562299
100028510610381
100027926812756
100027020837613
100026659540083
100025710010083
100025355769534
100025255920601
100023776341389
100018574184335
100016677091206
100015937279446
100015399857028
100013695644910
100010168422801
100008609775250
100006622838643
100004958228410
100004163858836
100000082391709
100036051666360
100035987799853
100035822032088
100035676667007
100034553222955
100034531576835
100025049774287
100023852502008
100023546325444
100022732171364
100013433642703
100010404763704
100010323187057
100008391151896
100007182557005
100002874530712
100035934488254
100035839642661
100035670605217
100034560876580
100032918113531
100032301369807
100029023817338
100028503048078
100026871921265
100025957783261
100024924101518
100021928404015
100014901727435
100012599616950
100011361592069
100036105813235
100035837631877
100035612714524
100034704185739
100034463178447
100034159098625
100029348866682
100028549561708
100028343310275
100026753540290
100026647001563
100023653252059
100023019606244
100022583320336
100014836295024
100011701926379
100001439810485
100036015125764
100035956089557
100035821308000
100035791601965
100035264297323
100035048856282
100034954663497
100034442573112
100032984753800
100032400453038
100027258848220
100026610901332
100024677659621
100012700209759
100009156789610
100008252531072
100007332248108
100005800113998
100002939883905
100036054181721
100036037835752
100036032797862
100035860660027
100035849044659
100035838857115
100035807991966
100035778323759
100035771794196
100035752493983
100035706273051
100035689454476
100035573207652
100035348259657
100035307496507
100034867086138
100034756362722
100034302367720
100033813563427
100032294839285
100031400333013
100030174876920
100028692030641
100028684102056
100028400557955
100028307332424
100028297844334
100028264116631
100027420139193
100026915869457
100026386252461
100026045836568
100024971883757
100023605554112
100022669811440
100022211535797
100022048703299
100021950013947
100021899017742
100020198735103
100019141815402
100018387374552
100016925928570
100016397402287
100014808798028
100012694653393
100011282323247
100011210045939
100009079141625
100005810881007
100002197630392
100036126271441
100035891499924
100035694679409
100035535942281
100034459788326
100033187189201
100032702105266
100031606119211
100031102973187
100029125641022
100028071916206
100028008583365
100027820470089
100022621640745
100018998687167
100016023182856
100014345354657
100013819447252
100013819230758
100036069663147
100036058624501
100035915464068
100035774724029
100034568899163
100033668563004
100032585893658
100031670135322
100031143230601
100030338334080
100029734005523
100026591813817
100023470153211
100021364189540
100011242560667
100035243735532
100035239244989
100035173541502
100034994573119
100034798313169
100034798170576
100034656645734
100033564823577
100032468573158
100032340810564
100031455020752
100029136613444
100028665141672
100028650473866
100028399572796
100028228083666
100027359140366
100027276403061
100025795911848
100025616919484
100024592448402
100022677792826
100017350695436
100017006053902
100016900689072
100016120091656
100016004131612
100013761153122
100013185730893
100012963611605
100009180150790
100035691521585
100035674572018
100035661306299
100035522090473
100035247730488
100035044999185
100034879920686
100034505806234
100033919537238
100031626245249
100030610807882
100029226892832
100027723556990
100026283354368
100022062464031
100035985610360
100035977416477
100035669409141
100035040870874
100034880711938
100032288058802
100031837205980
100031160233455
100029587934256
100027843713237
100015376864343
100015117552218
100014670511089
100013845976536
100004511207988
100035942530314
100035932990829
100035901339863
100035541053348
100028535702260
100026347263733
100013573386169
100012565601238
100005467158164
100002155311021
100001522962360
100035891320166
100035743133893
100035740403800
100035731494323
100035644607560
100035616855921
100035608923104
100034884039235
100034595356345
100034245362713
100033884961311
100032075973421
100030061873173
100028032725581
100027568171754
100027379267282
100026976982204
100015097449756
100007418558742
100035884956181
100035802979508
100035724052435
100035695339155
100035146177308
100035076524160
100034923615791
100032908871914
100032600916426
100032171233837
100024070159251
100016000388479
100005847342811
100003743433142
100003080657735
100035922700872
100035866187547
100035855027535
100035385642566
100035360864642
100035264737904
100034329666540
100031989309671
100031865071793
100031636433853
100025583010349
100025110289346
100017250607131
100010372486964
100009107086347
100007049768227
100004780445111
100035908774636
100034731499947
100034659405489
100033960831768
100033501533611
100032691002485
100032580133375
100032570952546
100032053281872
100028651660258
100027830370771
100026989660201
100026298166485
100026192830764
100025840552336
100023477593977
100021538382885
100016671481078
100008840861361
100036097021155
100036050551660
100035985156295
100035852568085
100035757616935
100035661197730
100035622017665
100035422149122
100035287057544
100035085523177
100034989197578
100034627893648
100032700785303
100031940169452
100031534188112
100029302410359
100027955781798
100027869872330
100027392417551
100026482502173
100023701683437
100023195370853
100022070780828
100021492890133
100021234372896
100020305459025
100017141532409
100015531421165
100014665322193
100013279230557
100012820178916
100009580187568
100008152961181
100004872660107
100003322974144
100000300805692
100035726239190
100035583554758
100031773081137
100025649841708
100023670409359
100010080241510
100002024591865
100035817109735
100035706083913
100035510943633
100034602489072
100034315963987
100033591293271
100030106088171
100028489833354
100027034311129
100024997478559
100023335410581
100022692232693
100022563429167
100021889093789
100019089754708
100013982914943
100036011135868
100035955336485
100035916939235
100035863066198
100035840149366
100035836278575
100035778374774
100035769382255
100035751561594
100035723387026
100035712068817
100035692806008
100035605320980
100035029854287
100034821791276
100034676887701
100034649046753
100034515843234
100034470768367
100034385137113
100033386260836
100033238521255
100032631246891
100032585293693
100032095871988
100031443631997
100030953445423
100030423188169
100029724190654
100028450188666
100027692641511
100027569175332
100027425808898
100026767878907
100026519960904
100025969278066
100025252608241
100023510062574
100023034003069
100022675716818
100022163978532
100018248350689
100016746073615
100016297726715
100015534523361
100014448045421
100011990689022
100011450564016
100010147772105
100007580169508
100002786237709
100036110280067
100036062972241
100036051603204
100036050761744
100035920598113
100035787633072
100035745340730
100035653852412
100035582133393
100035233732992
100034805080648
100034552989826
100033938190691
100033900360648
100033830642518
100033755931540
100033328982669
100032979409080
100032909003874
100031677770487
100031372483048
100028470433148
100028164060248
100027006397470
100026616915266
100026379491685
100026322255978
100024828106878
100022593561015
100022032021748
100020169253940
100016054577294
100015664717992
100008103040549
100007797699799
100007142658086
100036033333519
100035967756095
100035920566654
100035273542317
100034651980782
100033259371306
100032081621230
100026709724535
100026540839440
100024655432973
100019335585374
100016937767379
100015610092237
100014350892413
100013401360614
100012329087929
100011968544763
100010006831012
100003198151576
100036054364566
100036030723289
100035874433649
100035728188935
100035675482764
100034961330597
100034465233858
100033453425571
100032630625578
100032397519987
100031161726511
100030939294096
100030102801405
100029253073244
100029244433154
100028979240663
100028068518649
100027699484606
100025825928152
100025579762706
100025324900356
100024456693172
100024042908921
100022261305377
100022095600459
100018959323332
100016539728830
100015526693315
100012627014121
100006520477529
100001684971791
100035717630215
100033409453222
100022908472803
100009707228188
100035977565423
100035977201363
100035975075145
100035917448150
100035893443361
100035806548444
100035731821823
100035560870459
100035265289230
100034897683420
100034809249666
100034780091685
100033098081879
100031421860840
100030901158613
100029503742714
100028433343683
100027240583382
100025591865922
100025523167390
100025004584922
100023587854360
100023586462207
100022620977841
100021587355608
100019170166127
100015572012478
100013683990361
100012918252353
100011774225089
100010684661805
100009010404760
100004384992493
100035882048317
100035802528219
100035075000148
100030925401802
100030787403254
100030707723245
100030444391017
100029607982960
100027481292532
100027381079070
100027203438603
100024398714790
100022823372255
100014864112005
100009654919531
100003492578579
1723174591
100035722634077
100035371393603
100034758163656
100034155996680
100033410777008
100033378871670
100032378029732
100031796646989
100031385752687
100030996993781
100028377195096
100024896167761
100023653523712
100021935269224
100015358411651
100003728044576
100036023100164
100035835732722
100035705212659
100035202787000
100035077690471
100034655611854
100034120232660
100034093907499
100033356560601
100033192821543
100030697331165
100023593870801
100017885432201
100009435046468
100006873932457
100001757128238
100011130360380
100035800667143
100035640594179
100034700513364
100034004644423
100032247557934
100031645596475
100030778248583
100029823917762
100016695910595
100015274188768
100010998426908
100000853622649
100035721742407
100035378630337
100034207895840
100033987855619
100033934146549
100033086859429
100029340789036
100027904028016
100024160277985
100015115692566
100011250821177
100007963387770
100003644060963
100035876798125
100035670615292
100034257291248
100033586933850
100031749525599
100031268687609
100030519666341
100029783619370
100022888764271
100022589374050
100021912736568
100016517773627
100013710308724
100035779608306
100035724741978
100035185985053
100032931465451
100029029634385
100028030304152
100027934695624
100027242530947
100025581756065
100024499761651
100023123300463
100015187781090
100013780770329
100013336808974
100008429771882
100005666141844
100035945854391
100035931480890
100035884774644
100035180564147
100033424603305
100031059282814
100031005983546
100021630558380
100016138481369
100009164210890
100034361262614
100033952653394
100025015809488
100033662462701
100013886898880
100028479613661
100035901842519
100036035430279
100036001711704
100035797516392
100035358170431
100035330992892
100035253045817
100034166947952
100032470267172
100032387116072
100032089593806
100030469452846
100028435207175
100025643861711
100014411041634
100010490680742
100007140547125
100035663604269
100035509279190
100035463559914
100033708921352
100029891499851
100028301593245
100028256092590
100024581179844
100023887322500
100023299912977
100022278270899
100020970362250
100017274216608
100011837113506
100011483805661
100011144880771
100005366738055
100035767608116
100029285581904
100029083971583
100028313091575
100027666218569
100026617721778
100032117915205
100035950261796
100035672900153
100035161163304
100034701110052
100033308807681
100029633252213
100028582523096
100027723150311
100026736802997
100026444467546
100024960306714
100024760211915
100014605300000
100014461502138
100011297585275
100006587084643
100035685940248
100035587470358
100030758983780
100029969058563
100029044852169
100028145227976
100027469055000
100027284582952
100026372250956
100024881172519
100023817606457
100016621848066
100013186903019
100012410025170
100011736165930
100035806628809
100035702090894
100035612143553
100035155621880
100034534904101
100029378333759
100028933642978
100028736362477
100028322796417
100027519915825
100024946771285
100024285644821
100023914461302
100021775464158
100019559552883
100012725340712
100008305189600
100035868760274
100035784525796
100035664082499
100035515461539
100034764645091
100032972618720
100031750134014
100029202632205
100026632275790
100025056110935
100023932922518
100023479695060
100023449500537
100017624203863
100013847918158
100012738104302
100011460470061
100009645406259
100035998861545
100035756928941
100034666786582
100033406866659
100031006750046
100028532509466
100027939165333
100027758236734
100027173383688
100027052944315
100023259542639
100012601957602
100009433317560
100007991232512
100002665681747
100035845091875
100034994529915
100032727350647
100032356178014
100031688041043
100029779536685
100028694710065
100027923596990
100025634055821
100024762581160
100013619438752
100013385437432
100013194637760
100010068480822
100007277618724
100002792862585
100035741807493
100034412415951
100030903460088
100004976742162
100008541907106
100035754167241
100027840464349
100032735735195
100004404729179
100029369945990
100023892962436
100030807081495
100010639741129
100023508274357
100033220356996
100026301241794
100035579948404
100035776363468
100035718344118
100035607202267
100035506089843
100034703615827
100034608713170
100034527762549
100033063962004
100032544711779
100028388029955
100027109099615
100025848801297
100022609416917
100022173764506
100007907646118
100001006268812
100035463740489
100035401688764
100030176043234
100029956119544
100026015198562
100025834224359
100025499580929
100013477472568
100012183697379
100003273249006
100035965830990
100035807263698
100035544401769
100035018541260
100034572524743
100033314704775
100032944747441
100032504375361
100031721108964
100031679023478
100027834531641
100026579959031
100024573280392
100023629110944
100022898766236
100022464135889
100008887183492
100007537272034
100035962710736
100035427409175
100035029208854
100034978938175
100034077736314
100030171801851
100029705735524
100029644883570
100029249077427
100028548942852
100028445387002
100026726496121
100023348271203
100021816799097
100017869426445
100012893328874
100012699963602
100001350573572
100033869137650
100032330104752
100027168743146
100025895373394
100024950823892
100015584773585
100015209651154
100011035201830
100009812229906
100035594714435
100035319099544
100035149065308
100034177151000
100032972291440
100032755899548
100032033628845
100031770647349
100031088334059
100029546388444
100029508348119
100028457135149
100026782444136
100026747992696
100016298821388
100016273057483
100011468265946
100028904557634
100035572451268
100025643030313
100029019798608
100030456217175
100035353659063
100008723494017
100028094889480
100035574915625
100031432397924
100029429870232
100026620181809
100026150760728
100019413362844
100012304478112
100010917673898
100006296354666
100035586876490
100035073558872
100028194710995
100024548931651
100020690283591
100018104162220
100017349970806
100016079418608
100009933581879
100007908637542
100004194618453
100035528627698
100035388084311
100035328127980
100033947970343
100033286158652
100031809891471
100030239010989
100029320390186
100027071894511
100025180914337
100023694071710
100023635365424
100022141596039
100019415114495
100013995161059
100011960445018
100008619486429
100006845239012
100035318502801
100034432966539
100031906689083
100029132615167
100028708038664
100016243245900
100001596803669
100034674576432
100033950902595
100031158953492
100030117512953
100025008229218
100019223373997
100009166319198
100033992953982
100032897470139
100032691047326
100030359273455
100030330529023
100029872057724
100029443790634
100028793299552
100027133361239
100025514405750
100025069111576
100023864874203
100022900321882
100022651643836
100018948762718
100012101982356
100003368863275
100001918947935
100028522484868
100027180965279
100015247819246
100035727696067
100035620093812
100034242886222
100033337963208
100031257859398
100030911014358
100030895216713
100030795184356
100028031957323
100017882475740
100011439330683
100008449084601
100008179142779
100000150462934
100035492079334
100035374831892
100034530170097
100034510990085
100034193220832
100033978183974
100033219456887
100030772252155
100029294114327
100029006027649
100028300839761
100027912751465
100022474478635
100021748033256
100016974768382
100016640860515
100024841643545
100035427603680
100030447754438
100035111829610
100013765751023
100035423042975
100035496964475
100035111191445
100034998349994
100033064492324
100031333836572
100029250182180
100029225284167
100028951547546
100028061359243
100027679455122
100025313165089
100014216491218
100005729797772
100003982536890
100002290223680
100035137597217
100034613453414
100033612010281
100032800325732
100031465871699
100024917290391
100024245293188
100023912406083
100022224291444
100022169057534
100022151109063
100018901832783
100013858189839
100009893714594
100006359083899
100027575541942
100035667425771
100035071757732
100033383440486
100033368301972
100031777863266
100029034076231
100028265086714
100025664981339
100024067710065
100021475129477
100018454510163
100018108851927
100012497291713
100011655447822
100009957228706
100002782927271
100035368276392
100034609671288
100034225697170
100033359146407
100033023446892
100032484792570
100031159342417
100029106780030
100029057479671
100027624616810
100025349700667
100024082982966
100020638280015
100018348286458
100015199208686
100013171448678
100012287731324
100010599014714
100008990803701
100005927742240
100025650188387
100029479820704
100035366920609
100028327627109
100035613576152
100035556548021
100035312661143
100035274923495
100035060840618
100034945080040
100024666679392
100023555521300
100009700081389
100009277497296
100006720228498
100031016590743
100014578306281
100035567407909
100035205157255
100035580519015
100035546043679
100035308786092
100035087723638
100033983561533
100032861933680
100031582720403
100031058553707
100030933201334
100030727731008
100029361893871
100027860495536
100008122302988
100034474322684
100031012785409
100035586545031
100035453712464
100033441276119
100032404194118
100031404079462
100031279845798
100027719054316
100026243832741
100025240295390
100022462003699
100014904422974
100000284522342
1715840321
100023924730652
100035535574456
100034862208396
100033207332360
100033096879506
100032864354202
100032832743651
100030294842848
100029799852260
100028581578739
100027424702762
100021566777831
100015858610695
100015528978531
100015305522862
100014675373200
100035574693706
100035544843532
100035528970610
100035487750958
100035427336868
100035240603261
100034968619720
100034930776004
100034704662703
100034445444528
100034036073359
100033855750385
100033748413749
100033389115553
100032128292498
100031229379920
100029858501879
100029039823134
100028442971924
100027846084229
100027614342198
100025885598935
100023659669974
100022592640510
100022563443289
100022271700930
100021702830553
100021281927007
100019187834786
100015632730727
100015303155469
100014818836653
100014535885043
100010715474449
100009601723528
100007207657410
100006790126254
100006102284064
100003315892754
100035252041201
100034963869717
100034561056661
100033293285291
100032204281720
100031507365458
100028988799242
100028697658761
100028134111793
100027306184270
100025421449892
100021970823962
100017445930617
100014368636937
100010559851166
100004917374521
100001425488443
100017197846701
100035414140812
100034038109982
100030389178600
100026552586357
100025535121249
100015784745649
100015393577239
100015173949099
100011790934661
100011350959733
100009454273964
100004193650863
100003363844281
100035042762086
100034701622942
100034664838278
100034458486197
100034084566081
100031344032353
100028961417430
100027456127806
100026734657345
100025394451716
100023679276324
100021730720677
100015126004231
100008096701913
100002520383671
1333964921
100018707314365
100018677011396
100035528102729
100035490394425
100035199102398
100035132544149
100034906810092
100034308795744
100034243962073
100033120913231
100030531834174
100028800528255
100028226346052
100028122036335
100027091521615
100026967766352
100026849120068
100026803463585
100026801747677
100026586698648
100025370942572
100025215474385
100024732341897
100024039683087
100022220928727
100020216686458
100018071264835
100015201104673
100012668404152
100009134411705
100035256155061
100035161846162
100034501039054
100032947758348
100027356171810
100035018476551
100033742212022
100031781749986
100030133350795
100029400578992
100029216970540
100026443998081
100026339686972
100022056428225
100021513969438
100012237367140
100011850725734
100009359405272
100008809426865
100005927446267
100003551575801
100000978311022
100035414101546
100035257981464
100035171602243
100035124740902
100034451554141
100034262572763
100034020532385
100033856575737
100032725561213
100032015736472
100031825991208
100031288758675
100029725808392
100029567047547
100027899882338
100023794672334
100004780984458
100035406034528
100035297200849
100035186508560
100034690875101
100031923452988
100031722522911
100031050220292
100030369288959
100024984811014
100022842496782
100015892027349
100007330653717
100034000510696
100031951162670
100031171710511
100029509175425
100024577574753
100024223690484
100021228314804
100016026402632
100014506905321
100014357204831
100008513225383
100035323807523
100035198835629
100034734924381
100033948524115
100030735610463
100030437534719
100028265655190
100028059732542
100028025083172
100027848530904
100026924464870
100023463637192
100022910837699
100017568049111
100009437687374
100034827773578
100035112166633
100032945110000
100030565816599
100028772243121
100023721064917
100023027273746
100021480665536
100015540013599
100012815677179
100010526646001
100009029944160
100006049867515
100035147509402
100034944978171
100033802894022
100033616416369
100030919494312
100028470870782
100025151342993
100017571768612
100012734201030
100009557584323
100007093116067
100035324527301
100034934973711
100034910790389
100034738234265
100034282922589
100033439506993
100032773543619
100032082061964
100030974768371
100030908660336
100030827433323
100030231704126
100029196514355
100028434544975
100028089859939
100028084133134
100027509270265
100027205661869
100027137508762
100026185489184
100025424450396
100020790675883
100019198980947
100015955392274
100015758358774
100014556496358
100014445823599
100011389075253
100011026688942
100008010488049
100004973251424
100004932965835
100001448872749
100030201646619
100011546832783
100027509160049
100035313900686
100035094112794
100035196585822
100034627074128
100034364810535
100032680457769
100032508337599
100032232216968
100031311135515
100029859762426
100028182855346
100027476858032
100027419870476
100026705591908
100023580552167
100022744420508
100021915240253
100019128960235
100035227603458
100035068002137
100034173410006
100032742184265
100032633003941
100032038944105
100029699746772
100028801187470
100026632815631
100025789814261
100024812500960
100020291084338
100019087934472
100018908048868
100012139920919
100032108777115
100031574611349
100035147019395
100035104593487
100034526573565
100034370813572
100034217087517
100033895123656
100033015994188
100032462833294
100031872726358
100031780427813
100031176046309
100031053765421
100030332264434
100029767629406
100028161036941
100027513012167
100026940732509
100025972032769
100024830318204
100023921319008
100022978021992
100022760690072
100021701583125
100021269388130
100020190072196
100018671561344
100017832570996
100012636100418
100012584837546
100009652688635
100007786185159
100004589222469
100003320738819
100034648990270
100033640081771
100033605772527
100030834515146
100030612254323
100030423755241
100027520335710
100025848532604
100022036086518
100016115251498
100015570734555
100012179404271
100003969475548
100003873544179
100002658306079
100035214461203
100035043534057
100034964992916
100034851279274
100034712205150
100034522704062
100034143948179
100033911866146
100033811233502
100033008256150
100032099232876
100032007082248
100031978515676
100031947502485
100031046166339
100030649983278
100030284719530
100029384512648
100028470353944
100028305720060
100027883643741
100027415883120
100027210401354
100025293586934
100025123942916
100024224556494
100023420107605
100021830229816
100015117247479
100015108223118
100013709890153
100010366099592
100009962563308
100007782853936
100005654564891
100005651685575
100035077191641
100035000512687
100034628287197
100033928429209
100032667374074
100032108741968
100029718245643
100028523585252
100027247822238
100027084613803
100024866391045
100023730993755
100012027432114
100011399346979
100009540853736
100003966803356
100035083607294
100034601478690
100032743841182
100032179129971
100031595808036
100030388194148
100027638203722
100025469866846
100011145309258
100034783809402
100034671681339
100033820629376
100032411564217
100030054346025
100029514092175
100028378952959
100027920040696
100027649657253
100027572285914
100026566756099
100026133732327
100025900965758
100014766035182
100010614067456
100009370355242
100008808677776
100008455116134
100035161295876
100035050877748
100034691678335
100034284514062
100034054245953
100033635329599
100031912459145
100031853331600
100031235790077
100031188525766
100028446353678
100027975934246
100027811541003
100027347131875
100021973357060
100016379761371
100012722559521
100010985712208
100004424496104
100035048484186
100034900433439
100034218980351
100030868447309
100029133871997
100025746750683
100024856357629
100022703354635
100022006695902
100021383533121
100014901044769
100014810053248
100011273370334
100009605760641
100009182844126
100002644818319
100035165954393
100035136941493
100034773007120
100031355057788
100027138907332
100025472490417
100025409841023
100024662421257
100017535949228
100016615333448
100014024268460
100013765124131
100011939706583
100010829293421
100009333950824
100008526390106
100006978999956
100035423490907
100035306735843
100034939043651
100033850302589
100033179154168
100033104240789
100031902554397
100031539699751
100031342930136
100029347658414
100027279639636
100022081712145
100018237877897
100012681854006
100012608852326
100009686914275
100008756231095
100006485442449
100034053430951
100030859662292
100033546141100
100028261605778
100026743434346
100034755258515
100035266656945
100035005044157
100034317611474
100031383460477
100024152645996
100027666125968
100030858439418
100034587653135
100031524393902
100031128083600
100031936299442
100024837275560
100029019765305
100032070491824
100027135094982
100028613415855
100028176772167
100033751303179
100014320658491
100034590820625
100030903760871
100035296144373
100035287144372
100035221120090
100032738912796
100031982593761
100031763834368
100031213414658
100028862316186
100027759112293
100027037672004
100026690555275
100026623270536
100025899038322
100024475551915
100021804211371
100017674414218
100014314021857
100012513946663
100010785575334
100010617726979
100009018170102
100006700451553
100034980707816
100034697229278
100034627868003
100033488671427
100032938402404
100032198596283
100031184566865
100030766991485
100030421514822
100028882969607
100025713850757
100025006341484
100022433822412
100019671134918
100014219045478
100013933488114
100013692372157
100013002699126
100007532971324
100006509649302
100005905174213
100001864218690
100033427070574
100034604763524
100024949904438
100006560176440
100022609752145
100032941430978
100025259616504
100024450645523
100007177980606
100033046059583
100025059523831
100015115052315
100026060349578
100028800460087
100019105451829
100033742114865
100034366817547
100027731461660
100029940772168
100032499699334
100034561773565
100034519328318
100033965078550
100033275797700
100032622682167
100031431634904
100030346053185
100028265536222
100027917103938
100025704367033
100023596364499
100022919002570
100016919205183
100013772103346
100010209182190
100035239775728
100035213672812
100034818950941
100033919808986
100033376913125
100033213113649
100032912343052
100029416804311
100028344463646
100024112752953
100021045787559
100016811289561
100016239612371
100013297236768
100009755023553
100000166829189
100035171588660
100034964566730
100034890500241
100031940958304
100031871870243
100030701341189
100029945888845
100028863820296
100028768205920
100027270555373
100022483943916
100022101199346
100015028068805
100035240404952
100035198077595
100035106315055
100034853692321
100033481191415
100033338089507
100033073868171
100032867351849
100031644335890
100028472316170
100028331602955
100025094615700
100022021114305
100014056419347
100012416803624
100007465684040
100023621980711
100035055464445
100034939699523
100034604560990
100034213832981
100031988102872
100030446265453
100027932110025
100027475060637
100025885719543
100025532943052
100024123344451
100014744389451
100009890383908
100006994578629
100002455839966
100001972748206
100035183109720
100034921341823
100034789401025
100034788407779
100034632863217
100030766213235
100029880073243
100029297750489
100028978698889
100028344910400
100027044550365
100023576913157
100015271325415
100015261817621
100014118913176
100000166345728
100035186408137
100034981932486
100034749473629
100034579484147
100034507928465
100034345732858
100033639473967
100030837062931
100030760145029
100030084912314
100030084068592
100027243813677
100024409927734
100023164686401
100017454906994
100004742701263
100004710662496
100003986512486
100010321264287
100002422715075
100024552982903
100029399403720
100030592592101
100026133331258
100026749950625
100011298754715
100035190634336
100034947530875
100034894161975
100034572084106
100034083532028
100033529489942
100032424787363
100031401183614
100028297387528
100027803868109
100026466464113
100025384719476
100025263803447
100024602056034
100023210910141
100013713360375
100008584900219
100004091424721
100035041690592
100034930699780
100034086543435
100032004615756
100024685758874
100024684216348
100023838789954
100023266716814
100022558837453
100020362380878
100014043124736
100013784193201
100013218040243
100008128209430
100034139136308
100033121521376
100032781587566
100027586572529
100025619473673
100024173385146
100022711595811
100020959511441
100017505641403
100016668904989
100008124632346
100028131016215
100017950082517
100035139939494
100029014880731
100034898064358
100028021926326
100034744667825
100026000610231
100006186190270
100027462125902
100031304253799
100029033182569
100028123839614
100015181566357
100034020673482
100000211244931
100034906814827
100035267100959
100016872105161
100035109067997
100035077391846
100034773739841
100025229062603
100034772550145
100032038190688
100028562351905
100031202960735
100033342040515
100033875562699
100009677659839
100012725801193
100033677045543
100025195820601
100024495425469
100030837272773
100005616124716
100012926371306
100034954629158
100033842471792
100034674882228
100014171596836
100024247005642
100008418872141
100033269610607
100013565866394
100031164335404
100028255840762
100030569173846
100004671182440
100006942764720
100032477266253
100013194003972
100029758328858
100034896575094
100034924921749
100034693385136
100034693238568
100034119723615
100033600861583
100031596827123
100028068012791
100027254833737
100024756634883
100019993023822
100008156208798
100035071866484
100034723716365
100034569487538
100034526207632
100034195095141
100031565438442
100030493297612
100028795534028
100028352981775
100027118011565
100027043281382
100025376988715
100025129021965
100021220771170
100015033459113
100018966600816
100035076037756
100034840131354
100034690173727
100034660163720
100033433188924
100030406184757
100029593040324
100027497843546
100021848857517
100019914607517
100015474000239
100015194955435
100010996037521
100008681074425
100006253719766
100000096212574
100034605951536
100034330807247
100033510016933
100033359921565
100033054228586
100030773524097
100030111793479
100027683983561
100026464564554
100026049043568
100023230776685
100021837491329
100018293445876
100015665888226
100007677938917
100004323378027
100035014357100
100034950458497
100034867061954
100034641161544
100034604445981
100034586627112
100034570010888
100034138373530
100029928012158
100029453783146
100025000313693
100022305767268
100019829078522
100013440196778
100012589662102
100011569530192
100009591049853
100009053747654
100005717280544
100028530759860
100030980415512
100027882810770
100032429502031
100008693611023
100008780740066
100034893964721
100035097270579
100016349040519
100016113969146
100022087242805
100034894600175
100022572197995
100034657764272
100030834797103
100033929027360
100026937164033
100034656252250
100034976737997
100034549512982
100034512800677
100034369265140
100034294551283
100033463896675
100033391802061
100032959883388
100032649648660
100031326706374
100031318155461
100031097356813
100031077257935
100030624951910
100029692332622
100029528289246
100029426491797
100029227479183
100028805077308
100028587761377
100027846192572
100025944614252
100024661924097
100023869223150
100022787680523
100019692004766
100015264314801
100013717450692
100009819403460
100008835159855
100008304222348
100004083225679
100000614584135
100035116351512
100033939683268
100033865193146
100033823370946
100033112205052
100032683655729
100032470341924
100032021356437
100031945817396
100031201056829
100029912918930
100028766722912
100024517698375
100023715002522
100011234264977
100009455468054
100007881160800
100004084174310
100000381084563
100035044650144
100034717209666
100034401830900
100032282769069
100030202131886
100028241471647
100027876645777
100027683022196
100027474349472
100025607269858
100023147464899
100019155284281
100015825721316
100011722224246
100010923529219
100010303321562
100009110615438
100007676193858
100035006195918
100034605817919
100034091419512
100033772148063
100032225731980
100030785085744
100028813044064
100027931937272
100027834074895
100027371286980
100025919963404
100022720590130
100022681591300
100014978073323
100012864184441
100011067037749
100004691114043
100003789091059
100031738791291
100029287446319
100034801277937
100034746215034
100034614832875
100033963741505
100033086043119
100031893352138
100031045658497
100028566613607
100028240111543
100027385471097
100024798524380
100014699984799
100014565841238
100005975251030
100005958660828
100034203406921
100029055441562
100015238170728
100009446131166
100034865536078
100034700837719
100033455041874
100032052892031
100031612463221
100030178147219
100027105848339
100026318500928
100023194548346
100022522541164
100019405716892
100010199108099
100009062681233
100034926277928
100034610774781
100031381713629
100030147823459
100029547797627
100028293046750
100027159787469
100026702502343
100025374819971
100022577553550
100021230406030
100020840231307
100018798314344
100017979931407
100010276421069
100009886332399
100007229055825
100007095456583
100004019424167
100034679950603
100034615584351
100034531371937
100034440466342
100032171320910
100031788646590
100026051993090
100025631483977
100015904712732
100015114754657
100002386048196
100034980574124
100034797220410
100034570627297
100033840413739
100033831225301
100033632269546
100031564354615
100029554641284
100028707514603
100028004170448
100026985561960
100024186470447
100023891930145
100023035374355
100022350871557
100013066240941
100003825046171
100003336783814
100034897175343
100034795064755
100034775712354
100034766196255
100034566846528
100034393220342
100033331870123
100032765388060
100032709049538
100031133312294
100028451028767
100023708480480
100021311837118
100020625212738
100016299194078
100015665492365
100015144763020
100034804422411
100034780836856
100034601803871
100034580714193
100034113484832
100033834492470
100025439761962
100023874430110
100013349024772
100007644947187
100006567638925
100004069180252
100034906507420
100034638730761
100034355374444
100033505270160
100030910703529
100028544086768
100027286851449
100025853402472
100024405907968
100023323112376
100021545357166
100017605561270
100017041726692
100013621327881
100012525278825
100009927256711
100034351841647
100031699500453
100030994731137
100028936380771
100026824912601
100025956499625
100023624194128
100019608781329
100019506581996
100016909904621
100015341057240
100014926605848
100013304583038
100011314830854
100002729747330
100027360467280
100034881390246
100034859920026
100034858809380
100034750950362
100034711817087
100034684931853
100033408383519
100029564554841
100027078254684
100026288273858
100025934010498
100025105817530
100021761110743
100020467691919
100018977379534
100018263015928
100015039163355
100013648594144
100012126311861
100010548996425
100000752173556
100009938836019
100027661844393
100028925179721
100007554345922
100031379626607
100013320817638
100025633913411
100030349071667
100026491427602
100027435138393
100022289077386
100034740193738
100034179812588
100033136299617
100021719887061
100015548401765
100013561592202
100013100504617
100011053990231
100006447784899
100004618533947
100034627959373
100034529750356
100034051188007
100033703263561
100033598234966
100033410385531
100033218002462
100029151198755
100028954157479
100026218754961
100025296679425
100014473034300
100009268964604
100007533458426
100000516807401
100028957052258
100034572084150
100034730773732
100034706714380
100034687756066
100032555803323
100030319281491
100025448870555
100024254990150
100024182329301
100023561718340
100022611499944
100018998259398
100012190232936
100005836363982
100001105123057
100030450247865
100009049466819
100034851932538
100034703082426
100028812723536
100022924880130
100022226681665
100021833358603
100016472019219
100014627768896
100013842721148
100013552546179
100034543309633
100033577273403
100033212320868
100031650726778
100031035816993
100029887001170
100029877216801
100029666784308
100029514662628
100029435496147
100027668890848
100027443271985
100026482336897
100026474222130
100023967789672
100015280368360
100034716642628
100034326214258
100033554994200
100030875573403
100030799909059
100029320268147
100019278829484
100016922325141
100015416568096
100008880427385
100014567828351
100034642475760
100015329286444
100004042707198
100026434272867
100034471342589
100029980331030
100025582267711
100029747747130
100030504277187
100034462010257
100034096853789
100033347748761
100031461068858
100031424078391
100029650814496
100029019409947
100028352322004
100026732604307
100025409296566
100024408200796
100006656679573
100003280148722
100001139917539
100034589194863
100034579302780
100034503691190
100034335035308
100034057659020
100032979458082
100032171984996
100031745624292
100031084274083
100029780088234
100025419540703
100024946991775
100018225678016
100009523538397
100008423956318
100003545750551
100000731301789
100034695247206
100034595294343
100033463384877
100030607908652
100030375739066
100030188707335
100029987581487
100029382872543
100026007306040
100024895867013
100023629564016
100017009010610
100015282039476
100013947434265
100013120266540
100010107783255
100003462220217
1121410355
100034770543413
100030738543702
100028526108127
100027258502903
100024873099062
100034561279921
100034541407614
100034526542225
100033191178224
100031455540320
100030454870819
100028001227260
100026582451280
100025396983669
100024242630030
100023412993280
100014296836449
100013511591210
100008464602870
100008364090416
100007924238480
100034675056892
100034629452399
100034605631244
100034553710928
100034453748930
100034413347829
100034402253925
100032935331047
100028309300446
100027639125809
100021176102168
100016372639466
100013045290921
100009176440793
100031781589251
100023456917175
100034020812840
100034460183512
100034569643715
100026494233573
100034686214267
100034500051180
100032598653437
100032073291447
100030803135165
100021850044287
100016945080371
100015465342831
100013942500951
100011205753330
100008120941005
100003210562022
100003154004000
100001449260021
100034493899736
100030854322425
100030668087972
100030440738746
100029067252995
100028168636243
100027568570595
100025381473690
100017598703834
100017538946830
100013939448908
100010944783018
100004666334847
100003036345693
100002590396442
100027670741678
100023771589313
100034760913140
100034723894024
100034701156316
100034632851293
100034527738032
100034509708405
100034469692097
100034427184256
100033874821046
100033182573654
100031529566678
100031219939078
100030950405081
100029082563584
100028697837664
100028292740371
100026401865289
100025399000715
100024794979300
100023693199398
100023006105041
100022781267664
100022648029002
100021903113840
100019334203423
100018416074007
100017585730933
100017531821960
100014986566937
100010794486472
100008501980433
100003559920199
100034694915521
100034692485532
100034682281207
100034281047124
100033860166983
100033245183678
100031996512230
100031410521446
100030203285285
100027700778173
100027599258646
100026339283019
100025820863530
100025699451787
100024082513263
100004375479603
100034578870460
100034516746878
100034070083249
100034047556286
100033200929595
100031519452483
100029365513804
100029037983095
100028075142872
100022056970268
100018423849563
100010153269342
100001802163704
100034767633094
100034708714089
100034687020558
100034602493429
