100026623775194
100038216731444
100034457482198
100037313777044
100034714245803
100035407058083
100035537868545
100036148516763
100036183489973
100037729293359
100036410500588
100032124498881
100024061583931
100009427245752
100028568838445
100007243815473
100037533921421
100013489931512
100004202674353
100037378481921
100028425317178
100030670142272
100027730248024
100036090180915
100024242090082
100037457663846
100037555542073
100037652293211
100037658139692
100037671966308
100037717928853
100037778075130
100007303805005
100035798289005
100007619433621
100014696342497
100016058713477
100037226751509
100007446191058
100037332440051
100037062412676
100037271714581
100036192875913
100030482136449
100015474487210
100023858379090
100033730980836
100012387483606
100021493611459
100030291289415
100037693171146
100030157954224
100033346926958
100036829986477
100037337900538
100033060561110
100037447065907
100037511261264
100036213443930
100000156735419
100006313247389
100026866493666
100029225262743
100035537073790
100018777792206
100035304780883
100037627534027
100023490886915
100037360640876
100029601886076
100023474460464
100037097315705
100035143822334
100037431880104
100027875556292
100036588545199
100036769694442
100036521808820
100036197854686
100035850303079
100034973436944
100034337587112
100037519662346
100033764705042
100036120553670
100037385506829
100021064503201
100034986943989
100037053737553
100028152511735
100030666473256
100017848531892
100034225191231
100034219637387
100036321966642
100030021487883
100037037409639
100014888353035
100028459518142
100029784243761
100037216762601
100037231523267
100037310867264
100037474806118
100037488515861
100034982934305
100036156030241
100036118748623
100037503841236
100036717798556
100032919100862
100034736446513
100036417527717
100035804137980
100008231345004
100033999766978
100033457830824
100012588370281
100037304409754
100002493559607
100026723497357
100030589012069
100034703070792
100005752607171
100036909308564
100028466634162
100036515353411
100034917362153
100029137571154
100035115130449
100031395473023
100021769358153
100037300512483
100026401362337
100030784572629
100036685363206
100023967914204
100008347932031
100031854787609
100033134520471
100037050671379
100037199330170
100037270333370
100037441596168
100036483936468
100035959150939
100030583338027
100036117512662
100027292951776
100027133278521
100036353823402
100031829076589
100004907461294
100035588860501
100014935849444
100036790641024
100035101704098
100037362697456
100026611635527
100031888221155
100030699073120
100035251818123
100037353061169
100037267660436
100037253467805
100037189596876
100037099401749
100037043090407
100037028419557
100037021551195
100036994523602
100036877462640
100035477351301
100034671893642
100023448334953
100005160609084
100037129740454
100037120140677
100037105086053
100037022316582
100036936290259
100036927044935
100036850247130
100036763605789
100036689135135
100036657679048
100036395473333
100036313276405
100036209014783
100036131041102
100036089108861
100036075603391
100036046897574
100035960225976
100035942439463
100035736473102
100035680605524
100035276202371
100035086328830
100035031097957
100034882850084
100034645510068
100033103954761
100030771331560
100030517598350
100029886234221
100029123829925
100028224905523
100027731075112
100027647513929
100024830916974
100022879087971
100021678156929
100016694768035
100015294518316
100015119893966
100011194781752
100008451409446
100005582448310
100003950366562
100002712244220
100002141638872
100024480639072
100028355089029
100035648708609
100037204802010
100036558495728
100037273351598
100035931000801
100035651870660
100033362564448
100018522374714
100036025866367
100035710177987
100027487853070
100036899597457
100036928161177
100033898996143
100013442894987
100033490593315
100031405536876
100036676134157
100022895950100
100034900504600
100035948723323
100035870920246
100036976967216
100036927041416
100035966383731
100030563293328
100030546188413
100023882347608
100035888567014
100011384249009
100036963252864
100025935742178
100002808341917
100035254500490
100030494927576
100027371494814
100027821538868
100034938048222
100006242175312
100036683715594
100025322676453
100035842611730
100037160402641
100022003814768
100036252550949
100027580203560
100036991272064
100000646599384
100004982977182
100036768318599
100036815481027
100036981700256
100037196250167
100036619334685
100027634324835
100026277494415
100013885636080
100026771353501
100034015524238
100028272311249
100014386697652
100010254999185
100031394680172
100013421881572
100004902859071
100005293872127
100032522466444
100034350712068
100025097732463
100036877999295
100030103112977
100003964985080
100026951044346
100030392237482
100034756671136
100030689749981
100035007849892
100036228032078
100013442594362
100001126781780
100036745343491
100036848954672
100036919238805
100036960132039
100036969099611
100037059696692
100026961589942
100034663445359
100036118043851
100036911170434
100036318523246
100037052072207
100030926580753
100035643371438
100012547993816
100027039705124
100035178011966
100034497833821
100036384649001
100035591837154
100035376095799
100007129217853
100033444484175
100032535226416
100036701437120
100030828946720
100035790593043
100017937188510
100035861973581
100032805246024
100034066830089
100029227449037
100036694935470
100007273171383
100035725007319
100028803517611
100036227687732
100030745883846
100017873260921
100036637219791
100035668054498
100029962518098
100035733574833
100029530903700
100003889680442
100036472201774
100027976426645
100026991224164
100034081430061
100031297218470
100033853357649
100028301346372
100036772909894
100036186365835
100036639382118
100036586340661
100036584692369
100036557964400
100036479271964
100036447533061
100036355929035
100035924952863
100035857211086
100034426836323
100033621156755
100029097879551
100029034164629
100028643350223
100025147131037
100015318040272
100011513262030
100008405790963
100000064416799
100036970354393
100036891366651
100036873634673
100036866434847
100036856931516
100036854347187
100036848734312
100036836771888
100036803436226
100036800136207
100036795616120
100036776055752
100036774317115
100036747554448
100036741500825
100036738733429
100036736238842
100036724036651
100036723885773
100036719382532
100036705500202
100036673460679
100036670605965
100036190060205
100036044103091
100035456854067
100034866791911
100034155215208
100033894186301
100033061478510
100031792562159
100028221367176
100026753228009
100024844862544
100017057290824
100014082497067
100001813692056
100001111382413
100000127159574
100036926402789
100036850626939
100036682685090
100036604958533
100036508637209
100036461703122
100036412532571
100036257433031
100036236557179
100036231250042
100036133718672
100035901077121
100035784999941
100035732020156
100035709079934
100035689267035
100035636991537
100035453714475
100034831733242
100034797501903
100034755151397
100034696156853
100034547199088
100033824604302
100033611303051
100031400481801
100030572851666
100028078280883
100027860169028
100026056575186
100025402684746
100024528855104
100023509420485
100023367710295
100018779507546
100014096445395
100014075796519
100013916043737
100012503587671
100012210968377
100011738210746
100011388152838
100008168437754
100005380573453
100003519046075
100036586542879
100036384261988
100036353692225
100036337116868
100035809085920
100035676652981
100035624183974
100035583131075
100035544623550
100035442278205
100035243312606
100035101185687
100034809879931
100034597236939
100034145102980
100033846011112
100033583063469
100033394155986
100032807945444
100031968632957
100031657853342
100029913773481
100029805240647
100028951840811
100028166797558
100027379639287
100027155316250
100026375353937
100025473263821
100025436501062
100022452753351
100018476988565
100015415320128
100014755211502
100014689893120
100014175193124
100009977585138
100008435914447
100029014999459
100035790845753
100036725420214
100034587886620
100018815134939
100011962453683
100033513636752
100027678650030
100022716845240
100036596871595
100036864213547
100027587581903
100035339942903
100034525851014
100019083813402
100036088094450
100033630340492
100032250693090
100031572969676
100031443917704
100026903922163
100012431717576
100003672423272
100002387550742
100001803312207
100000014032016
100036827790418
100036792633204
100036773283229
100036769056227
100036766052776
100036547275259
100036546979181
100036531211725
100036522943545
100036520402093
100036513227624
100036476989565
100036461632542
100036450375116
100036445456120
100036444287576
100036442127859
100036387978950
100036367961007
100036245266874
100035889251270
100035527925178
100035426225662
100035251943873
100032427850769
100032314780162
100031337979978
100028080262249
100027294215689
100026333238695
100012166957642
100010162052418
100007499257981
100004172376347
100036572677004
100036424625900
100036353262101
100036184628062
100036173921484
100036075768514
100036046620016
100036008160375
100035765687119
100035650358508
100035236145119
100035061231153
100034613811394
100034474669632
100034296723341
100034283352897
100033937883348
100033900288529
100033410980496
100033402516780
100031406422506
100031186216438
100029840380505
100029810273004
100029112342060
100028766864501
100027934304422
100026920485645
100026038457955
100025454826508
100023473729546
100022708565148
100022510382064
100022359935967
100015436054790
100015069857882
100014701936846
100013519249444
100009664216985
100009010404760
100002959903593
100002466872938
100001175253025
100000995171146
100000694960065
100036560109398
100036523182529
100036506919394
100036500162957
100036423164217
100036415572887
100036397971308
100036279352158
100036273524346
100036048456771
100036017954792
100035890372551
100035849436560
100035821670585
100035801771876
100035787843371
100035782053964
100035741447603
100035282562562
100035275424276
100035192205086
100034970762858
100034728816573
100034326550477
100034324549589
100033410749164
100033177694835
100027451090727
100027244752103
100026363325820
100023971626464
100023785099689
100023714206226
100021907748411
100021611856077
100016759750461
100016060445041
100015274549278
100013825056254
100013473228620
100012241844633
100003195249002
100025261001416
100027794088425
100036700327111
100030646787272
100036339845627
100036669483664
100035808846490
100030901414363
100001491624090
100036503316814
100036250284228
100036221670834
100036204938486
100036074866188
100035841151644
100035803935864
100035766858561
100035764215649
100035675147522
100035613212524
100035429776541
100034870241958
100034716202343
100034078808082
100033310719872
100032948478604
100031051068822
100030397402226
100028341376011
100028095032213
100027807421356
100027551105838
100027093455857
100026701959616
100025540729518
100024910522606
100011562428197
100009672098072
100008019768640
100007645626114
100007178344645
100006972481085
100006479756497
100005426169688
100005311148495
100002893222364
100000703929847
100036505000162
100036354139546
100036278483546
100036249331993
100035976548152
100035239968712
100034408726481
100033147279679
100031921262625
100031665014610
100030485614537
100027014011763
100025873599322
100024815447602
100022806090351
100018320358406
100009846409095
100036665040812
100036549033526
100036512620255
100036437891347
100036435575286
100036148722882
100034767470763
100034203049484
100033926738549
100033631332193
100032756469080
100029528533615
100028685541805
100028496742230
100026786856683
100025439440801
100024669831351
100014254329417
100036566672313
100036405731899
100036265131814
100036231256994
100036230362038
100036041932795
100035949554131
100035870197463
100035855420284
100034656138729
100034535414354
100033652599446
100031912387885
100025076389495
100022158620526
100013350520344
100036460687562
100036417430135
100036386520708
100036366377806
100036324468839
100036311060597
100036144053535
100035285477657
100035098901745
100034752903565
100031298562454
100030554556290
100025234565202
100018311764192
100036484684379
100036241011109
100036211171187
100036172482548
100036081519839
100035748580485
100034505242296
100034079616078
100031748955244
100031519452483
100030917107130
100028864599730
100027833212821
100027810150789
100023700291032
100014348530886
100011810823755
100008279140600
100036554461103
100036485044018
100036438635231
100036339585312
100036144293469
100036100145838
100035884155668
100035812424058
100035546033900
100034584046833
100033569739595
100030505119689
100028142470884
100023762541896
100036541656515
100036513577709
100036513368201
100036240312216
100036133935679
100036072132995
100035738083736
100035677246504
100035611446799
100035467569655
100034740638004
100034730033728
100034436302505
100029566837711
100017953263315
100013589234000
100008807972634
100006447485618
100005931250818
100031363071242
100032913053519
100035104333325
100023224807226
100036290483882
100009431669835
100008375473795
100036172659225
100035943457394
100024682087419
100036420842411
100036228231497
100036220552948
100036129861981
100035811941902
100035563084021
100035353451820
100034953703206
100031766645060
100028580993409
100022747505910
100022103050415
100015325758520
100009285807997
100006702131236
100006670603884
100036460322744
100036336222718
100035922700872
100035549649603
100035364044646
100034347318674
100034203631064
100033137193613
100027969502152
100026553130234
100025853945342
100025008785045
100023772313467
100022126890212
100014648761458
100012725863885
100003440067828
100003376570196
100036369819134
100036263946687
100036254991123
100034521336240
100033741563702
100033321608984
100031183490496
100029654211848
100028226511540
100028186433052
100024401359607
100024326480763
100013465210778
100008624640805
100001087413950
100036545221349
100036523622346
100036518430022
100036467764098
100036441751157
100036413136387
100036383622845
100036350374623
100036298665015
100036280273068
100036242480926
100036181544872
100036131240583
100036070153286
100036057616539
100036028218272
100036026147205
100035998115163
100035972932804
100035924886068
100035822393177
100035739158597
100035214968049
100035078146832
100034610440572
100033405064376
100033355749818
100031393483572
100030568927017
100030520934036
100029908659560
100029793280010
100029141131488
100028816341646
100026262306603
100024267304724
100023466584889
100023354328775
100023024167892
100016688805977
100015809376833
100015717973264
100013423217884
100009827683042
100008223032558
100006930576034
100003014285885
100036490983540
100036261093833
100036233079417
100036161355923
100035908420078
100035850520176
100035519165403
100034994739721
100034108567912
100033571373425
100032857571147
100032370782415
100027209868994
100026339253958
100021639522346
100004277296401
100036456544254
100036196187172
100036092765639
100036067515301
100036047334119
100035237260450
100033587981572
100022456538402
100010596001745
100034829204437
100031998734259
100027273576614
100009505382820
100029617170260
100012183586642
100031856433530
100035305412870
100030275321274
100036173894511
100036281018251
100036416349046
100033637599111
100034283883716
100023622920222
100036147300084
100031074772648
100006029229644
100025272005726
100013620764725
100027344911482
100033622482598
100033370423211
100035823918463
100029111657054
100031602007260
100034644413309
100035920643528
100030638228393
100035740362670
100032232013742
100014325727501
100036077753514
100036206181779
100036219404602
100024526403720
100032416683814
100036248838326
100036251627766
100036282250479
100036401079220
100036407288999
100029875174508
100025778294056
100016532821096
100034351421213
100036222260682
100036355301721
100036495451157
100027479062664
100026905119285
100036332533453
100017381861415
100029895224083
100033750793514
100035090152798
100036150200673
100036237799310
100036249312973
100036396397543
100036459662454
100036464430564
100036472531633
100036490141085
100036526230262
100030305416402
100012116077098
100000751713177
100035148920844
100013872573336
100023551883003
100034212112088
100006963163752
100035993887615
100034561773565
100003472029977
100034988344070
100007670506567
100035798160372
100014418062653
100035966389952
100035393746616
100027885863899
100035603793210
100036239261037
100030260914268
100035980068871
100036025279960
100034090486822
100035453562732
100035065479257
100008505160837
100034434262123
100028123726770
100036319150625
100036373082653
100035579385268
100032076317203
100036117766829
100036168343971
100036349871778
100035450751478
100015949955985
100035927563664
100003970896129
100035158689684
100033812798911
100036288511204
100035906359210
100030578152051
100036099735079
100036041268020
100036249948124
100030188662800
100035916173703
100035797090024
100036026570483
100034832558305
100035854120030
100030297918342
100004286137382
100036216829992
100036240315788
100032681731370
100028080972499
100027546008448
100030488501609
100014806786215
100034159718830
100036217204062
100034795042123
100034749140183
100034455913611
100028006485621
100036366303192
100036384909180
100035835120810
100005494124420
100034018085340
100035943542861
100036302804348
100036132131799
100027069939545
100026829859981
100029522423368
100036031762994
100036139010518
100036143777881
100036149776828
100036185540076
100036190610724
100036278415094
100036301993342
100036349989947
100036363572636
100036384759144
100024916688561
100035600992788
100035625709364
100036416886680
100036420906173
100036479220249
100035026680641
100028504028945
100029431770580
100035522703089
100033698444666
100034338020601
100035265067245
100028110992362
100004086962451
100033875378427
100032484374420
100028288807045
100035950052377
100030677537948
100025688868501
100026593969713
100023986263520
100029829726542
100033523321167
100027035497086
100035112551804
100035689271475
100008453770551
100014698023895
100034938424333
100035214676980
100022015125935
100021329282570
100032506902325
100033504234214
100035422064621
100023612673995
100035502030025
100034457919873
100036064604069
100032418503787
100035956097074
100035750387763
100035707780776
100034613232499
100016216299052
100023677491664
100012668040912
100036390037271
100035961254838
100031170580599
100025013170235
100033743118840
100018978948465
100036164301966
100036160852383
100036136343908
100034202056775
100010741472684
100005960708609
100012880758403
100032110899575
100024034430699
100028010599000
100035810533237
100021510765393
100027296089412
100035442099549
100025700831133
100030580274125
100034809790100
100035258843059
100036090019315
100036152632402
100036172997689
100036219736092
100036233147437
100036255465500
100036263445444
100036267906811
100036299143122
100036316746745
100036363120866
100036396936641
100034548562258
100035736226326
100028935519374
100001033911553
100033518295633
100034927398916
100010860435293
100006650680612
100036067865373
100014291016885
100005685639029
100035689250057
100035663675896
100010080214895
100018431747969
100000674740045
100032764638471
100028316739843
100034491317146
100036143693074
100031190933792
100036057977975
100035976142505
100004018036570
100032953123314
100033406637894
100004033615760
100007343671455
100036266894594
100036341439881
100033568981088
100034928273833
100036120952623
100036211758339
100036266834157
100036445440057
100003317720631
100034331239951
100031481043491
100035587782698
100032030190604
100036202026200
100035618412870
100003389573159
100035984764173
100035639195014
100036072514680
100036080983984
100017419658100
100036035471163
100026290654566
100034493417175
100035152753739
100036154577576
100036207018373
100025193510927
100032797053805
100007366384570
100032545327905
100002768138745
100036308921431
100035636989469
100035790765247
100035236292265
100010789268656
100035987143223
100007953019154
100026933084249
100004745792188
100011142572528
100024996937339
100023668277800
100009166702945
100011682991055
100035941492180
100036082656537
100036135202631
100036164210745
100035344364548
100036386886413
100027259770938
100021406230026
100035740576325
100036152961422
100033666874708
100035495070599
100014792914141
100005147745285
100032724727989
100031316206924
100001086731556
100035094694088
100001046511403
100036018472515
100036108683534
100036134242041
100036176267992
100036226894927
100036269442711
100027053085044
100036289061746
100036321063543
100036328149809
100036374496831
100036377046206
100036421713155
100029213625004
100034795810772
100014173994403
100035543173255
100009909040924
100004044893359
100033165196276
100009075586511
100007170964999
100035672781541
100035674040826
100012601608122
100011130122755
100026882342454
100034466469179
100000596711769
100034911673297
100036134436624
100024856823586
100028237265858
100035657478394
100035689384153
100023054356759
100028729726380
100001305116837
100032259516591
100036218506019
100036277871839
100029824655530
100028100991595
100012731588463
100033318000950
100035961522053
100005425689835
100028617361703
100027041662834
100032828675422
100013681601035
100036123772751
100036285723787
100010890467416
100035911401450
100036143690756
100036176830267
100036302461496
100036333368519
100035950364696
100036422731998
100034750234545
100030395311973
100033216438593
100034638221647
100024619836185
100029771060267
100034241990704
100029189109134
100026391549401
100032003715289
100024301293074
100035295023726
100035894884183
100026431263191
100034856776147
100001566993144
100028636569153
100031966267308
100003086966564
100036367321574
100034470038167
100025313361291
100035890493289
100036089356685
100036163609015
100036171827203
100036173777327
100036180766902
100036182146797
100027316460859
100034888487545
100033414582554
100021834354362
100030168920713
100018025867496
100034640525519
100035999611596
100024693572392
100036048691061
100022650072611
100034274103113
100026601692709
100034632941660
100033721776201
100008600501030
100029630883916
100035473593528
100036117218623
100028461035142
100023532710658
100033405949646
100015365926358
100013175803018
100035970316757
100026492292865
100031384313968
100035789503822
100036140179595
100036368855227
100017984133642
100033488512652
100034171471992
100030469452846
100035155903343
100036330570077
100022496855010
100035763373144
100035913036525
100033429855983
100036054106955
100035592402749
100018448471511
100036202004445
100036248558778
100036305948426
100036387242610
100011110844526
100028511880054
100014709247388
100029216829520
100035609692736
100013806944504
100023567961826
100035774324134
100033660769643
100025046963401
100035647764247
100036031486650
100026147141444
100032170508268
100029377190880
100035289485587
100034625168482
100011393467668
100013804412750
100025569069237
100036106475956
100027654169428
100036078374247
100036201701609
100036305947450
100008697841713
100035620279488
100036014447409
100032920247736
100033712333723
100035954352923
100034941274040
100035468949583
100022984251345
100029155053012
100035905939461
100036082011665
100036227050045
100035814609572
100036149022428
100033272537179
100034460293214
100035957033870
100023814078505
100025563683784
100036152345295
100036234150355
100036249063006
100036395791217
100026188177713
100032653969457
100035714689484
100025997010639
100035283363005
100027493300262
100015846814970
100035640403046
100016600325023
100033707681757
100005826935916
100028914936365
100029567077255
100024785827944
100035934848087
100036270578326
100035817571204
100031803812742
100033435791019
100023509447761
100014754881197
100000004945973
100035560925005
100035115979218
100022783882113
100028061414620
100010499711907
100035137549242
100013349024772
100019754103568
100035575427858
100036087511854
100027976823075
100034183074198
100036017540870
100036254793372
100036332580455
100035134132268
100035567193024
100024761706874
100034979372902
100035621654942
100036188889396
100035431013594
100035927393099
100006915273825
100035935543467
100032389745899
100023917371336
100035146209337
100036021935618
100010337056554
100036009113842
100036346621527
100027183113885
100034406111834
100034971473388
100024527229952
100035778123055
100024743406977
100035053312176
100032334861044
100035262788006
100035906512165
100030947340111
100035910080597
100022271837203
100033298214001
100026083754148
100015603393477
100034641452623
100034620873919
100035704632384
100035207027917
100034823420818
100034664590396
100034643195605
100034496598468
100034255296298
100033046600018
100030283351177
100024784058683
100015404430726
100006081434431
100036059627467
100036058516357
100036056236928
100036054587465
100036046308237
100036045405092
100036044625267
100036041381135
100036035330020
100036017088179
100036010457362
100036000828375
100036000258065
100035984653728
100035982468750
100035968283654
100035967172117
100035955230324
100035955200393
100035954899475
100035949534305
100035948750203
100035935040859
100035932340800
100035925290763
100035920014239
100035897242852
100035894362848
100035883203686
100035563629561
100034870836774
100032996373268
100032947541955
100032845582762
100032763244422
100032066076848
100031149030557
100030223503931
100028979240453
100003784331545
100036269584010
100036267030092
100036242102093
100036232382023
100036221498328
100036209345853
100036202237720
100036201935235
100036196745701
100036181717138
100036176525224
100036163807349
100036154151829
100036134980596
100036110262731
100036102101889
100036099524480
100036097571535
100036096943735
100036071652976
100036065116159
100036037276675
100035984598385
100035983938319
100035881280700
100035738026386
100035363685187
100035225152677
100034718122746
100034459486451
100034233663504
100033792872700
100033355989646
100026293754208
100025876213649
100016043042509
100011411365994
100036248072249
100036219330282
100036072152102
100035979753234
100035957801907
100035913482202
100035896625447
100035880617881
100035865488090
100035800354786
100035724823691
100035666601268
100035589342613
100035340051223
100035245726907
100035114282540
100035029512446
100034806255870
100034586630049
100034525119501
100033783050115
100033683121728
100033341220552
100032632927664
100032309862976
100031507090328
100031079687882
100031029941485
100027781294421
100027212142443
100025955040917
100025503413597
100025202234316
100023923099917
100023335410581
100023089541634
100022022205688
100021831456032
100015965505406
100015727537865
100013761153122
100010701788458
100008373602326
100007931614563
100004672595588
100036120901703
100035901397810
100035840304055
100035711805542
100035610850514
100035590512774
100035558658202
100035462380082
100035067412494
100034560350128
100034497481609
100034338141100
100033256359544
100032171233837
100029975773272
100029601965461
100029089062592
100028745105601
100028316237209
100027746712178
100027421400481
100027036383886
100026986181609
100026614283829
100026224607819
100024871145576
100024025639608
100023817720333
100022446463822
100019294908509
100016438961801
100015923377191
100014579651290
100011196287868
100010849082776
100009101895053
100007244388090
100036103413623
100035901789553
100035826726709
100035810688755
100035785600673
100035438497957
100035426453011
100035342000307
100035297917109
100035258153640
100035164146066
100035055402290
100035000869392
100034699930429
100034433253751
100034310112947
100034117967851
100033624323803
100033396394103
100032960811635
100032912139111
100032541785347
100031374771431
100030731895536
100028772268442
100028544984602
100027857825776
100027284236519
100026218581096
100024884850379
100024882392576
100022287995556
100021632736501
100017248933518
100017079638062
100014557605137
100014484553287
100014016520023
100013635099105
100013557971772
100012607232622
100010093624569
100007654230944
100005300837053
100036148112127
100035965928436
100035954882724
100035893652190
100035817371298
100035742022836
100035721502096
100035656670830
100035595278649
100035574185812
100035573293738
100035414304285
100035212386710
100034958446565
100034905034071
100034876217207
100034630988201
100034544103164
100034391062297
100034323502755
100033258082709
100033158502687
100032962231639
100032406529730
100031998912824
100030449282459
100030415540668
100029692784666
100029052126288
100028880644484
100025199131448
100024893134618
100024644160246
100024235960630
100023986112005
100023747102949
100022382978685
100022110168787
100013353795237
100010164164418
100009026512250
100003990158871
100002099512149
100033556092445
100035322829794
100035836429502
100035754248095
100014874522781
100033814931299
100003288368238
100036037631710
100028506651071
100029620998651
100022403143187
100026417633616
100034599047612
100035916561274
100036067843392
100005230770703
100001023577389
100036082691952
100012652576236
100034229228258
100025649841708
100035710637901
100035971384575
100030265036602
100031909389568
100032827710781
100036099155798
100034846414549
100022710788306
100030353311977
100036118299744
100035588772651
100034891938475
100009737913572
100003584157302
100036044624795
100036079482189
100026657078733
100019232882768
100015277661123
100035696679309
100033233119499
100014446110536
100003691597344
100032662399063
100034407912062
100035284072251
100029587472297
100034799268242
100004237428397
100013277674990
100035934134328
100036052183438
100014832012738
100020448378838
100017745582988
100035961484296
100027167391836
100035840642236
100035660454161
100033676478698
100034899216897
100035529318247
100015820595765
1760280224
100035160468321
100036010995571
100036086020639
100036144096769
100023894376942
100035211794526
100032494449703
100035717901831
100034900057819
100025165338483
100035214667955
100031330743302
100028357516447
100035955060283
100036099039971
100029341342315
100025937152000
100035770400540
100035413260166
100035306748701
100034689882831
100005909325657
100005673438193
100033489559790
100020609373548
100035966747351
100035996236115
100031810530942
100011255773421
100035391944011
100011509242461
100035578700802
100015645793271
100035966290865
100035713744371
100035689640909
100035488428318
100035268123744
100017213834338
100033966520263
100004087846764
100035927053350
100010012262239
100016677310220
100025197411857
100035855860929
100023668398302
100032989971931
100035597403511
100035883171506
100035929363141
100035934463018
100035482902584
100027829084562
100036200010196
100014595932766
100036146585315
100036208831910
100036077680672
100030424071078
100035575175832
100034642321705
100033600076979
100035884484916
100035927118782
100036118208339
100006527221390
100024718126695
100004549126827
100011402261841
100024805800621
100036187172867
100035722387411
100034196222619
100035954597630
100027436848132
100036140705570
100036169801968
100024362985562
100027521623993
100023715711218
100029336863193
100022644315915
100027507350439
100030327818228
100034692695560
100035640862831
100035458613852
100029545273009
100031094289524
100035851283488
100035901770215
100035901770371
100035905366937
100035947455452
100035965359415
100036002864219
100036027849282
100036078062875
100036122317501
100036211111403
100021967104305
100034081570291
100027573321944
100027036911039
100035795298698
100006197599234
100027662231638
100034751137743
100035854065019
100031156504417
100035241366489
100027902835372
100029600162016
100035400464703
100034945209850
100021725648446
100035180689175
100023450382491
100028275404059
100031230198593
100030579752874
100035499730528
100032093772991
100035693121891
100034174685773
100036049000915
100008015593659
100020630792529
100034408800861
100027033977335
100031299788190
100036162872621
100035363655622
100028383397071
100008930800089
100032334076906
100023230052276
100035906359110
100032894979860
100035673532563
100035231221210
100032712602807
100035678472018
100034484285634
100035873450579
100035931137951
100035934557826
100036066873439
100031009731475
100035951926077
100035974995378
100036026322214
100036072368797
100036135184333
100036122461180
100006527944064
100028527172634
100002917486981
100025983158748
100035763811227
100002326871761
100009550835134
100019244445684
100035715696587
100035492655567
100029217272754
100034666786582
100034882749359
100035750116934
100030317983244
100033158866283
100008003499023
100014757885955
100003953106408
100033376123071
100011051437795
100029702991501
100010796742628
100035903197025
100035740934882
100023199303011
100034361262614
100020625212738
100026197062318
100035153076525
100035544793977
100015955398911
100036122645773
100025957783261
100014597776436
100000650495316
100031598536758
100016227914753
100031280612800
100001480634936
100030619041276
100006990257536
100035151462764
100001421982892
100029340074794
100032840564834
100017114924491
100003801108906
100028471593344
100028963427901
100010800253518
100035112483441
100034880711938
100035742923325
100035817291110
100035833464356
100035840783740
100035855389991
100035857583021
100035866189412
100035866668266
100035867659221
100035869191344
100035873267119
100035875066618
100035886314606
100035892768616
100035894897192
100035897504654
100035905993631
100035912235896
100035929455779
100035934614794
100035936085995
100035950960460
100035956722170
100035958704679
100035959481319
100035966111303
100035966384179
100035981172974
100035994939494
100036013780577
100036016689281
100036019841208
100036020888168
100036022780462
100036024278525
100036024399372
100036026020594
100036029163326
100036046479876
100036058779903
100036061297915
100036071227697
100036080916217
100036087426381
100035096813117
100036099546237
100036107405493
100036111724866
100036128283969
100036146193761
100036166021435
100022835561884
100034491647360
100028389742557
100032468137106
100015780939662
100016847621334
100033554883872
100030386558629
100029596522692
100034980038200
100034033484416
100030100759473
100033410083327
100006472564257
100034816664203
100027869493975
100031321712196
100033898051668
100027711671605
100025846381497
100035340046173
100005977267177
100034467798359
100011687559208
100033567283425
100035315123692
100033902373738
100021744250444
100009227968917
100028377240820
100031395878015
100021611948776
100030199717867
100018867757909
100009319865364
100026391530595
100014383321342
100035215403589
100027782299839
100035238108673
100000272252201
100035796281670
100022218106067
100033049902552
100023360993819
100030319035178
100010655058367
100035164490793
100035478874940
100024159222144
100035326860323
100033667909258
100025079410367
100032186078567
100033961621414
100009992195537
100031524611260
100034636424032
100035621509757
100035905504066
100035287277672
100033064247529
100014593175188
100023605554112
100035852472787
100035673260669
100026888656693
100035781316487
100030493914245
100035726194050
100025524769958
100034338762927
100009217512771
100014198377655
100035885227652
100028388662326
100035871519597
100035248844754
100035897162725
100034889046930
100034647633750
100035713636935
100026520138471
100034214153702
100034517289726
100035602864685
100023831882340
100035733101293
100010360997515
100035912230795
100034924987930
100007393486401
100002476225835
100035085861911
100029094677997
100026495564785
100026527295120
100021503871980
100035619970643
100035630752594
100034349568608
100034674308789
100031196313076
100035718071410
100035455380885
100018077857868
100035944172435
100032286426079
100034312222188
100027258848220
100011327522920
100023193276948
100025812787872
100033704361342
100033279993138
100031423505362
100035801853608
100029062067490
100033775064311
100035624327876
100025612073752
100006405702546
100030503469400
100036008942249
100023789261662
100035890060183
100022106168663
100035548187413
100033192821543
100026975983124
100023712468157
100029964549615
100035881172253
100032279590105
100036064982796
100034057774073
100035668397353
100029162769965
100035057898384
100035266592815
100034870093799
100020061512283
100028412541222
100035941866722
100033223733679
100034498907962
100027561403959
100028158320732
100024160843001
100033844266959
100016095332673
100022908472803
100035536544666
100024927394237
100032455417152
100028189685384
100024254124114
100035634437498
100035879077326
100035168055422
100036038700322
100029074698666
100035161163304
100029013291569
100035784647292
100027926812756
100035839937172
100023472219054
100024718713828
100035982990733
100035545485279
100031629189594
100031236020033
100035703244150
100012709156532
100027843791251
1258874815
100009756031811
100035957621919
100036037688839
100036152580272
100001695133154
100007621034035
100020614636056
100027449452464
100033423583910
100011801529901
100000552885424
100027276104624
100024625721804
100004803812234
100033722827888
100035139166016
100026166289817
100004993416779
100032912310159
100035393259764
100018938715603
100012738069936
100016217645985
100036058650612
100020202884671
100035937362672
100033590934176
100031385130234
100035068547263
100028062588548
100035919122174
100035745555229
100005919946800
100019144906597
100024500138217
100036071015879
100036104730944
100034867651236
100033450817444
100009993271627
100032230981595
100022858336293
100012950088453
100028997561926
100024856461765
100006673931237
100031343389117
100027729141053
100016031435851
100003294079840
100032591292552
100030777360432
100020075944563
100014980740749
100004607626922
100028083710405
100024105934081
100025383907306
100014352733906
100030084068592
100025306278825
100035031374024
100031087961062
100032689803913
100033654067878
100034740141071
100035759932264
100035803163870
100035914960739
100035917332276
100035933742795
100036015426217
100036017918494
100036027307871
100036065763791
100036098763247
100028184897583
100022814260582
100032529317240
100009393317766
100035216538797
100023019606244
100035535941624
100031854424926
100033637729124
100035511563036
100023847977788
100002624481659
100031319600089
100030184127521
100028168990129
100031168724636
100024850562962
100028549561708
100035599281631
100015828612902
100035870198703
100035542598755
100022834082675
100035757012303
100035731671063
100030458474548
100035098550055
100035283050088
100033423878961
100035765611171
100029734686571
100035799816205
100023408374067
100026589852860
100026620867894
100012253231455
100035090059381
100033404651085
100035870800019
100029031909639
100032971763437
100035773044112
100035905599839
100036051666360
100034821782817
100035097188791
100022805387932
100035309222809
100018601623322
100032529451918
100021387636121
100035033929226
100035499312661
100026789040673
100028333484324
100026611351022
100035678210373
100032034714071
100034585393686
100034505806234
100034771872048
100034695705311
100016120091656
100034798313169
100006327971671
100012489668576
100025867811444
100036064711486
100028927250093
100033767253064
100025349022727
100034078030300
100004251812635
100035754112579
100035883608235
100035956089557
100036060934974
100036089101052
100036105152286
100035264297323
100019528144605
100034148261546
100035905985594
100027830031057
100027660470245
100033682576813
100035774718111
100035838857115
100035932990829
100035998447855
100036058624501
100036082712417
100025710010083
100032570952546
100033101508083
100012234010336
100035601830246
100022244011235
100033912878934
100034221300268
100019802774485
100032507719436
100004721103373
100028264116631
100032955489949
100028134020707
100034496146622
100017128389091
100035849044659
100027153067730
100019666386680
100035889783445
100027351158070
100035373576171
100034675910969
100029563252281
100035105557805
100034249751609
100029282347471
100031873026677
100031936201119
100032397519987
100027895656490
100012826817054
100026960270477
100021776362175
100001684971791
100025382761947
100034220112340
100020373225211
100029494725637
100018959323332
100028603320174
100036006966832
100034919161752
100003322974144
100036081601987
100034165132319
100035661197730
100034734030442
100014651102263
100029129122712
100027955781798
100014132070083
100029521264923
100034191947301
100035740403800
100035789089751
100033832111006
100025583010349
100029755041520
100028182365294
100027952652271
100034527995689
100017708131371
100026540839440
100009595776020
100034207032743
100020305459025
100031636433853
100033368225970
100034509095495
100027431764913
100035456704893
100019038398079
100022070780828
100035668565737
100029019798608
100026835108989
100031389243634
100028588591180
100017388305428
100031236488243
100035679290572
100035852262588
100036110280067
100022095914503
100027067159260
100035868849377
100035904455617
100024480780482
100033929617809
100024469549056
100014493912057
100035233732992
100026268104157
100033551401806
100034677967457
100015362202926
100025840552336
100032949846701
100003510452529
100035670615292
100030953445423
100029000442178
100036042574376
100032917522273
100026742924095
100035338937494
100008103040549
100035891320166
100035903797562
100010397949098
100034897565561
100035395849073
100029009359128
100025569813738
100013194637760
100034982648673
100035764652887
100033206053598
100034379404389
100027579818820
100027812220425
100022980391309
100022593561015
100031372483048
100022074885527
100032953904326
100021062373514
100012276066172
100012553303467
100032075973421
100010848228002
100029554215192
100027383449344
100034365730399
100035413993929
100034666330325
100035086003666
100034034400416
100035252259095
100035702831505
100034098198756
100012767555568
100026019750344
100035648952080
100034673631574
100023609835104
100036070080848
100035146177308
100033913232271
100034788863081
100003730210262
100027578991671
100025464858756
100028412640558
100034374183063
100029108985835
100025321700396
100035603867637
100035890090325
100027038656377
100030646870327
100033589433519
100035729303993
100035767101966
100035768000641
100035787917528
100035843086322
100035939017952
100035967756095
100036017013867
100034439598108
100035334968153
100027707417441
100007234448914
100013477472568
100028178353290
100026046766282
100034552517426
100035760400132
100026523136061
100035679050196
100012333373163
100034940955176
100033093529124
100009544834665
100008806896839
100019335585374
100035057416588
100035465145733
100035758270247
100035577978908
100027635753082
100027314619781
100028377195096
100035059162961
100035675931072
100004830854554
100021989914608
100034378755247
100033533894465
100035875411047
100029682227789
100035716852914
100034235136512
100027921279134
100013038461452
100024922877788
100025516073134
100029089580346
100027279166857
100009628457195
100016742110975
100034174183500
100032832517862
100030881412392
100035744272566
100028416104966
100017571768612
100029178876132
100023779834566
100001691886455
100035252537504
100035305412786
100035670373619
100035802017504
100001948325606
100035669930502
100035670172090
100035805795681
100012928036839
100027811050833
100027381079070
100033549603758
100028684237392
100035515216909
100026177173846
100029179242893
100035528627698
100034524669130
100011683802054
100028745770426
100033393334107
100033513856157
100024450969446
100035930496409
100000428732874
100034384634928
100023593870801
100032416776180
100035237529643
100034539307188
100022090400763
100035051124152
100035693956205
100035828264374
100035848088961
100035931480890
100036023100164
100023089654007
100027561014753
100033409453222
100004915092465
100031060806941
100028584762915
100027934295799
100031026112830
100024008802643
100027921084187
100031416633707
100030896768395
100009435046468
100033546938757
100034636477626
100022361025287
100015675452139
100013504509349
100035920413449
100033855228147
100035821755660
100032714573680
100030274462448
100030273682236
100035529889248
100034794761335
100035724741978
100035800667143
100035122385062
100022140720297
100030131168671
100034216241556
100034303535368
100035772406268
100030899954969
100002203628999
100036045690092
100022370358758
100024927561356
100035596699666
100035600625416
100013211370007
100028258123703
100033609451964
100035770068879
100029594493477
100035593972676
100034900719363
100035219620299
100035695851382
100035755009748
100035779608306
100035841072379
100028433031726
100031706671722
100035395066746
100031015065488
100035404186995
100025578877832
100013812093425
100023212485290
100027281054201
100014498944810
100024571910434
100034432638069
100035557595247
100031451650162
100016789331143
100034070859682
100034883447098
100031568561916
100028789380895
100034382596168
100035311387677
100035895007066
100027660169747
100035406853980
100033388370354
100032677192769
100035607770209
100028256092590
100002481082311
100035551475294
100028935944517
100035663604269
100035793789675
100035862672109
100030392268642
100031467671394
100022903171626
100035548673517
100035643470424
100030042073212
100026155771731
100035591871360
100001385305790
100035420573404
100033092386358
100035911443862
100035672900153
100035694529480
100035726985541
100035762898319
100035786025495
100035865817814
100035889426580
100035998291183
100034790025317
100035396448473
100026571228910
100033463511402
100012625990956
100028043682103
100001640523381
100034938412075
100034502685927
100030958128663
100027445592704
100027391872729
100035792085733
100034865750670
100003024901264
100035845091875
100024762581160
100008412873715
100034554824745
100027498621533
100035664082499
100035744508487
100035068003746
100024615373231
100035536563486
100035249240915
100035397125619
100018092585620
100035702853330
100035719210203
100035807894231
100030781493972
100035478665932
100035786408056
100035110249590
100030438429576
100033005973039
100034123223996
100035588062310
100035680490731
100035711389349
100035808546655
100035870619951
100029378333759
100021671445813
100014772427952
100023084057633
100027325025968
100034325538793
100035279839044
100009658833450
100002636374408
100033449850228
100021542894783
100034357881049
100030719378005
100035075892106
100035448442992
100030758983780
100026449749643
100035873616047
100012292419906
100028721566912
100028705126616
100027690692273
100035822892739
100029430071835
100035786864743
100027074585784
100024784802463
100031910297558
100035892902965
100022180812005
100035431551788
100034329730437
100034459753563
100030587721529
100024629830812
100035850362400
100034515862590
100034692773049
100030176043234
100033314704775
100035579602804
100035691201294
100035706077596
100035776363468
100035889483670
100035127143142
100006865449710
100029992509858
100005891141219
100022493932147
100011402928816
100031535171064
100035418876561
100034575709335
100033415890488
100034230723922
100021926273689
100028827785498
100034608713170
100031558862133
100035206635068
100035569282999
100035630423947
100034530961734
100035166162644
100035851269085
100006679776123
100035852409945
100035882463848
100026408748783
100035650342783
100035816168681
100035842026178
100029114355422
100000113391045
100008665472264
100034299691308
100009662477495
100034467066666
100034222903190
100034790179546
100025614609955
100031905169283
100024742989948
100031812813588
100035116159807
100025949682104
100034970620614
100003720499719
100034682044743
100035151615073
100034688449934
100006689883585
100022332563149
100035332470091
100035689909634
100035692069350
100035710968412
100035732503205
100035736466850
100035739316890
100035753745763
100035754315245
100035793759348
100035797723038
100035816621786
100035860748903
100035879074125
100035884472698
100035898483313
100035912792480
100035935411361
100034942352082
100010012625953
100028503320746
100024932133952
100032143293083
100000272183080
100028406658413
100022702030057
100034913359124
100034573000065
100028176399456
100023749958367
100004181528336
100009379380217
100016301674045
100027085236120
100013498293778
100033323768607
100033060100974
100009715662689
100026561419381
100019354270464
100035624172998
100013809393123
100007598625309
100029460156191
100016356841876
100035647602026
100012817475239
100034802948249
100035746110970
100010446013046
100035562788586
100030019760253
100027426190425
100027793461025
100035532261219
100035694852143
100035809626212
100035816111424
100032780493598
100034908485842
100035429115786
100032286351850
100023633145847
100001405156912
100028850739170
100035101217755
100035596722087
100035682002699
100024161838098
100035578133308
100035728276857
100013659856545
100034807281443
100009455993368
100008151817707
100035896443068
100030634687675
100033478882000
100003209537444
100035459537756
100035472219164
100029083993686
100033994095480
100032234913843
100016898348378
100005476141590
100034644168328
100035706228719
100035733616971
100035795352741
100035849615276
100035851595574
100035931061107
100035309569638
100028079588408
100032861417830
100035209639222
100024045333238
100003036543435
100014815416832
100035348661052
100035520817546
100012768527886
100034913063698
100034476919545
100027404724338
100027704169623
100034469589967
100026613919860
100012579696269
100028471095454
100033183585229
100021423502362
100002235828030
100035586710991
100035635335252
100035644247374
100035661651410
100035686249837
100035745825805
100035763164291
100035754734924
100035765324302
100035768111149
100035775223955
100035791355078
100035814577690
100035834259770
100035848838552
100035857448151
100035858138481
100035859547890
100035868962289
100035877273306
100035877511481
100035892482661
100035896772773
100035915461536
100035922030862
100035941140278
100035416187894
100010663781974
100030889532678
100003250211840
100035018684675
100034463712865
100002141191549
100035508336729
100034764841564
100034867028879
100003833456482
100027658634261
100030245225007
100035183170097
100030005771653
100029905541688
100031922766259
100030357323650
100035567624293
100031618567606
100029923028706
100011764980569
100017682605968
100010413287245
100003976215179
100034468934003
100031885823637
100026678467291
1764813815
100033980254247
100007467464969
100024475170140
100031017080621
100028164060248
100027988313244
100030311925193
100023443667778
100032619186418
100011990689022
100015077028826
100028399654667
100014468619572
100035033243009
100034865602752
100024770581193
100009313403505
100020883274145
100023678106810
100029400564241
100024555528018
100023670731822
100015375217625
100035472901576
100031024900111
100009200789946
100032241592318
100029595214152
100033133151901
100035554213083
100035544541345
100034677669055
100026626673089
100018619487443
100035482390755
100035444298830
100026778336188
100034840925829
100013024232284
100023963794232
100027172669049
100027224380547
100031296723837
100022085255319
100030243090427
100028030657998
100023727102158
100035678375883
100022865744161
100027178472338
100035336858798
100015256066703
100034222157084
100034003710895
100031437364189
100025251083489
100032484942963
100031167889732
100034244200045
100028676340332
100034131810623
100035537791728
100033767904283
100027168824832
100024812798805
100035734246356
100035820608872
100035923560125
100035542365789
100002655784454
100035597000926
100035874003453
100023592440710
100029923839317
100034503143051
100013285302400
100035068274565
100034720656939
100030217992347
100035748615212
100035762234241
100015907955654
100026763191859
100025904176493
100031965678082
100034897148673
100021928943441
100008198225471
100035688812712
100035057484186
100034362533968
100034590527825
100029417375141
100007779153656
100025552086337
100012558462449
100028941223118
100032492477671
100035254641248
100035580709347
100035623490455
100035635942012
100035662100440
100035706700729
100035728693667
100035749753271
100035805670966
100035823548647
100035862067433
100035864825648
100035880991366
100023744240376
100029636259501
100034870089773
100032348144279
100027781234320
100006750106961
100035388970381
100009485955687
100024941628255
100024390880087
100030136020644
100035679932305
100021719254499
100035128442809
100034546007579
100030889844823
100034329742755
100034061055299
100026503462849
100035690176579
100035892122173
100035183619090
100035630229139
100028023366648
100035665070109
100035668096323
100035785332391
100027916411097
100028892656638
100007907646118
100035665400190
100035813676482
100026480709047
100033975001953
100027525351709
100006983925667
100035224427826
100027443364295
100009511416356
100034981149762
100035213410676
100035284181313
100035693598392
100035705117446
100035724286348
100035724975862
100035790011396
100035740028842
100035851326292
100030867680961
100029492176023
100012600793901
100007765144984
100027061280527
100012984077115
100029267408825
100010038854505
100012985274131
100034555416211
100030763187506
100035716926967
100013648206246
100013902395415
100017236900042
100006958090904
100031969251968
100028351222041
100026089846721
100029149840270
100033490908626
100034998885989
100030315129921
100028282395089
100033231494892
100034260908479
100034607499758
100016430983123
100035586474255
100035629604826
100035630000783
100035638340122
100035647370246
100035662668725
100035665189412
100035667288559
100035677540717
100035685017760
100035686937947
100035709645613
100035730517681
100035737452988
100035766612552
100035781192009
100035785331194
100035799032973
100035809598951
100035842747264
100035892600952
100022898766236
100008082094855
100019896793191
100033602480637
100035656321648
100029701481727
100033950707561
100034663968763
100035401813486
100005500536364
100033474503935
100015822676922
100034833678916
100024767118488
100014730156977
100009671940616
100009576974888
100027687224910
100033998530958
100024143380830
100004173794313
100034507928465
100032293080736
100035093799282
100011394159137
100035346246148
100035293783423
100029715829509
100025776921312
100018579159978
100022748572753
100016301010757
100028425071233
100029929181380
100010073735583
100035755539904
100035758690417
100035846976484
100035818955756
100035857566137
100035890440634
100032313426881
100031071403183
100025228962768
100034787718086
100022978573234
100031375040723
100035482245705
100030775210471
100026300903473
100006373599505
100035804250190
100035709721783
100030563630399
100028153805218
100013233432520
100035457824496
100029757947962
100023489142261
100010593191111
100031827201054
100023589668905
100026863530233
100023033560405
100007616685415
100033759551547
100028798509211
100029764516584
100035378533020
100035722052600
100030574176315
100030618200384
100011235661078
100035166487223
100035233944029
100032420370519
100026970039778
100032597237248
100035372414758
100035008607200
100032793197102
100034852116874
100026485544978
100033029022934
100035585363376
100035584458224
100035586203001
100035586440502
100035602455369
100035621661192
100035624451024
100035626819641
100035632759783
100035635065231
100035664131546
100035674367873
100030185508366
100002234292106
100033522065864
100033886058461
100031772051162
100034654999880
100027007449360
100035032967855
100035676947034
100034564036943
100035679137095
100035692636170
100035704515849
100035705865356
100035743240449
100035728093599
100035780980699
100035804493593
100035796456505
100035816528406
100035817398167
100035819557940
100035824926580
100035828317356
100035837256639
100035847875827
100035857655591
100035874121310
100035879190306
100035890950059
100030981287129
100035603943296
100032536950696
100033283563867
100001106708115
100031293438605
100023117691517
100023771139966
100035432843140
100034833000843
100032376142017
100035450689544
100010113301286
100035237991827
100035499940482
100026461938683
100027028600838
100009512655174
100012241387505
100034452588244
100029869243814
100023168990944
100021317752085
100035540505477
100021981944729
100006152018637
100001866767803
100006822941195
100034919823264
100034578188016
100030140631566
100022252906970
100029943429608
100026789971701
100024244984445
100034301923953
100029886673259
100035647231727
100035611539742
100035598374084
100016132364376
100027527286901
100035489089533
100034407703013
100009162286255
100029458223152
100024746055283
100029142678908
100035745154741
100011154615944
100030690435649
100028772717392
100035445361101
100035476740655
100033154713042
100028893007789
100032759918635
100007515276048
100034711367008
100035303241166
100021406163661
100030339734497
100034502473400
100029446730606
100034900961695
100031215018710
100033864592782
100026388772121
100025643030313
100027662683704
100035125520551
100009075589155
100032840211957
100011717255699
100034605063832
100034520779429
100034942071596
100023916132234
100035594602615
100035653636967
100035691916169
100035767780804
100033522738238
100032733406608
100027997872836
100010323494043
100035211502686
100032917854031
100034655355435
100021754245537
100024295775351
100028712020083
100029839937055
100034552610469
100035596492282
100035609631457
100035614188636
100035651148714
100035693806108
100035747587793
100035787129614
100035812627971
100035814216856
100035870704126
100006907178837
100035635479947
100033838550147
100035221518748
100032052833643
100035538229627
100026662542707
100025509668818
100026947531423
100035258237466
100035453841308
100035322831349
100023343696104
100026418526115
100004671918836
100007299013118
100033760279737
100035058672885
100021877901274
100023694430613
100030918469270
100035478737006
100028330296860
100029492021551
100034641850694
100021813851618
100002394572380
100035569457879
100035595528281
100019213457298
100035631109523
100035690205791
100035702861379
100035769460836
100035779899916
100035234672108
100032599750976
100035407544432
100011014507027
100007801630768
100035538167824
100028056770203
100025899940066
100029761421127
100019192292006
100034870836206
100029335432867
100035460160732
100029220393047
100035721635617
100035026943218
100035777380277
100027509136347
100034972216062
100035852464939
100001471274104
100009857676861
100034285780494
100035589022663
100035645148674
100035673467107
100035704784916
100035788479308
100035793518764
100035828135029
100035845144862
100031555562931
100034639082171
100031172704493
100027959713138
100009411943657
100035445000922
100027592995291
100017025454165
100024096665228
100032767336741
100027510668269
100027981863059
100035098205691
100028388141155
100035591435965
100032672213522
100013070327750
100026354140178
100034782317130
100023694071710
100035688374649
100005462827890
100033902015411
100035630891233
100035591771898
100035483479044
100035290623220
100035596012009
100023294049758
100035092553751
100015836229576
100025491433834
100035263009593
100035559920853
100035583227036
100035629696449
100035635278672
100035637108148
100035643618524
100035644904571
100035698510948
100035700914065
100035734632274
100035738861775
100035779743197
100035783888971
100035789828312
100035821026547
100035831435619
100035859814283
100035872140211
100032661962720
100025922080483
100004874855844
100030516726159
100035006674755
100032627774252
100035510593474
100022336755262
100013872240051
100017780580859
100033495344086
100025734750628
100011660960974
100026571240009
100035124158953
100030511270284
100020734666075
100015257714223
100028523070871
100029686098993
100007885230664
100011415057451
100027809774444
100033835513950
100012549454573
100013615711937
100034715779904
100034430712180
100027488359331
100028930636872
100015316005195
100033269025242
100015270543809
100029038959092
100031382813333
100021086653556
100028817903296
100029285581904
100010969478341
100031204340127
100000574367099
100032052677100
100033968023535
100035669476136
100035745340474
100035783318656
100031761336322
100035561533576
100023981553780
100035338803202
100028566544013
100033559621903
100035077460107
100035395433746
100035156840631
100005144371702
100035312780159
100030759702933
100035627107727
100035366920609
100035310472169
100035318502801
100027690969995
100035582481757
100034931631862
100035415580395
100009437715975
100035251321238
100035699534044
100021848501641
100034398636838
100003972056942
100032878762252
100035602220101
100035680749132
100035745520942
100035817246032
100035820815902
100030458912382
1642532649
100029990421402
100028469081138
100031313655514
100032312476473
100010513836507
100025906506247
100035423893422
100033253321275
100035600090509
100035673795562
100035002980129
100026158544573
100026929575836
100023965367439
100026096070314
100035838394553
100035099091948
100027727727947
100017272839925
100035447061550
100022238168160
100035427279156
100030566559225
100034626789278
100035317623405
100029021535316
100035528634315
100035597895446
100035614038676
100035625768516
100035725302189
100035790337591
100013823521361
100014991693352
100024173385146
100025439256015
100029784123729
100012352775011
100017349304103
100031589782580
100030656147932
100023818879749
100033657942029
100033355779463
100027618187237
100034974490627
100030574160153
100032019611503
100023929944300
100034930699176
100035431905436
100023035990240
100035470551788
100022560667733
100035554666640
100034963153000
100035556683196
100035594626030
100035708652123
100035555632720
100035717471983
100035569341883
100035583381329
100035619378303
100035660475815
100035661943378
100035677455188
100035688284422
100035700553818
100035760579800
100035775428385
100035794746931
100035799034722
100035721492424
100035805726597
100035762583524
100035772428868
100035840134206
100035781872255
100034846261248
100030229973016
100024254173194
100035817215509
100035470157154
100035850003164
100035707713150
100027906137808
100015301779052
100035162025523
100032074821970
100008530742849
100035377422784
100029110817220
100035487151192
100035532134323
100033253803064
100035255520620
100032750824469
100015973151281
100009767616766
100031133987335
100009830220416
100007069694076
100011608352293
100009433317560
100012982955801
100030128653653
100031735111148
100035476567014
100034005593142
100035069358016
100035145584474
100021389736159
100035570979913
100024020467456
100027375526146
100030718300541
100005955846414
100035448780515
100035288466139
100026796070226
100034552476188
100033653491762
100024725132584
100002497154443
100009637994074
100035531868591
100032590727548
100010842936623
100034034466519
100035328127442
100014308396430
100035125233221
100035499725584
100026439498477
100035609359186
100035689479737
100035760398112
100035691673785
100035275490652
100035585680738
100034493143463
100033917418756
100025983642769
100014286435084
100032493814904
100033587618443
100033050717145
100030677284529
100035408830834
100035734770975
100027039920011
100027160869613
100034239293258
100027871418540
100010804922505
100035764537641
100035787427119
100035860441284
100027288832870
100035276491444
100033933095397
100034572917586
100030915561612
100034779630987
100029006375022
100023463408014
100022529587171
100035295249301
100028278095522
100027205689714
100035565831698
100035611068668
100035710842071
100035788956958
100035812415380
100035828554252
100034137725256
100011716231131
100011153794851
100033230692936
100031680705697
100027276403061
100027152311248
100022579266806
100011465505151
100035242942434
100035440121432
100031327372638
100014752752127
100016551738728
100028201744112
100035505579290
100031107312443
100000979085306
100032039445737
100035738859070
100035840493378
100023731502036
100007864182322
100035499780615
100015056135086
100035220332264
100029230365997
100035177347384
100035383871860
100027175689384
100022534350242
100034923815004
100035571783853
100035573210159
100035581756747
100035648685145
100035698002029
100035717951371
100035725300418
100035751068393
100035769727433
100035762588040
100035812951497
100035825674259
100017123940157
100027351180191
100017110476164
100006275779302
100015031320953
100012742092703
100030525611758
100035718185011
100009450876829
100005425726149
100035408748140
100023482115111
100028752922411
100030680562938
100032079211795
100034683698112
100015821835059
100016492836621
100035507543664
100035779384874
100035822853869
100035522231727
100023404355186
100035465026498
100027654100106
100025446922420
100020988334008
100003823808158
100034397386306
100013520583800
100035637039068
100033551402288
100035594863960
100035642085776
100035667823817
100035688162553
100035454091285
100010492114427
100029020880343
100021668694277
100035501766440
100015014940289
100033578734163
100028130194370
100022255206523
100035505981983
100035540452304
100035079500382
100024471008689
100035397404245
100035652494776
100035629876242
100035800743820
100011394937075
100016023549951
100035286607799
100030567562393
100035599216060
100035811722792
100035849221475
100035300089487
100003756994154
100034949731531
100001820828660
100031766509067
100000347945023
100035163081520
100032707868627
100028608282919
100035650717337
100010721509288
100031107391569
100029169859731
100030827868353
100035567239818
100035575129711
100035616614899
100035626696395
100035641215378
100035691521585
100035724455818
100023815542869
100033766566926
100035253729989
100028290281030
100022269660225
100008164214686
100002815100495
100023878750472
100028833397304
100005011111223
100020456822432
100016337928768
100028123611919
100026304187480
100018328530724
100035660229653
100034477549581
100032446720894
100034659817246
100032628248305
100035203786062
100035413745852
100028095481576
100013132334526
100027646811089
100035321160563
100034736627938
100035233992462
100033861616417
100034401168138
100028724298614
100035516393223
100035597777823
100035620336432
100035658224209
100035670433131
100035729109528
100035784545146
100035807402617
100035852641169
100017409244651
100005231947329
100035044205283
100023454342519
100035370862965
100030154955798
100031732033163
100033200087256
100014523198684
100017576138451
100034568382867
100035414495827
100023730720409
100033758855069
100028944370802
100035511377803
100035568099074
100034173250327
100033355100328
100031849770910
100023401031253
100008397932781
100032432644352
100014473818223
100030894592772
100035255100741
100023788910531
100035651024245
100035676372730
100024139270305
100024640057675
100023916795865
100035027688353
100032062181581
100034872252388
100024847149103
100029823019791
100028186761889
100031037298969
100033910145575
100034299321012
100035452643749
100035456663293
100035539821724
100035600534299
100035583255644
100035630025635
100035677332136
100035711166641
100035774736228
100035864730114
100034995130074
100030921018484
100035183881887
100034842725514
100024299223757
100022407347518
100034373870042
100035368740769
100027575558154
100032669100672
100031913500745
100033394753667
100028216760905
100030683251915
100027782077913
100024865850535
100033529656178
100025640100858
100034595765594
100035178373976
100034398413267
100021743054705
100034822513418
100035599182545
100034478143505
100035169737929
100035590871030
100014518546333
100026125191608
100035597597390
100035616724519
100027431752720
100029164001577
100029435644109
100035496768941
100034526032091
100035837941437
100014823487384
100023358803917
100033579573827
100026604561288
100034483007459
100021138291224
100005580858710
100029951951470
100035763575705
100034339553128
100028130207137
100012264497213
100022373148037
100002345349768
100016911273192
100013015835955
100022816391062
100035091918111
100028843423287
100025240291452
100035542790118
100027398473755
100035706272590
100035781994365
100015165365954
100034795093680
100035502731485
100022744489960
100035483663053
100035644813227
100035724758099
100034486880242
100022509033727
100035046223934
100032599121521
100017832036317
100010843846539
100021820612756
100022552862218
100027374139082
100013326874888
100035613315205
100035769784358
100030041294937
1739713903
100035358652120
100023821893696
100029825114141
100002934974378
100031177071191
100035595316100
100028621878844
100035152686862
100027241726335
100035715454946
100035786793356
100030619969860
100023836791123
100004388957332
100034178147688
100003253466956
100035439203494
100035446791441
100035688578786
100028307704603
100021929310287
100027877824010
100017260533419
100035239820331
100035104383767
100035584568377
100033266415799
100003853835314
100034854060244
100030571967630
100027386480294
100035662810802
100033896329999
100021832612922
100019141771888
100035587636018
100033146693628
100035476192600
100035561747707
100035772063827
100019156535415
100035545023958
100030030540544
100035371870757
100014202576318
100035271711916
100035691572156
100023474387262
100021821470392
100032861371121
100026397043311
100032866320852
100032197695633
100008273550494
100007702122689
100035491449516
100034593603315
100035387932697
100027941598623
100014749848052
100022370651314
100034840131354
100009326659584
100023013159040
100018884675084
100035131371785
100035198030055
100008355006560
100028652950839
100015033910304
100035781270627
100035817750120
100026906591480
100035264590984
100030411860221
100028296584650
100025032094874
100032253106482
100032296517888
100013876335166
100035507270397
100022340376780
100002924043009
100035426401181
100029804915543
100022812469853
100035806440516
100011157811629
100035194145597
100028051381813
100027630133756
100025852935386
100010507662273
100007096158680
100026064593747
100025367888865
100035512609185
100031589591326
100035086670036
100020877284844
100013881372111
100015051995549
100035496170971
100030493094578
100028070896390
100003850458133
100026355192929
100022127539498
100002939920719
100007610178570
100025320844497
100027073960677
100024788076761
100027177547119
100026553774168
100014312476726
100007792276828
100013351990822
100010036600805
100027895265717
100023564214098
100003992839652
100035558922443
100008363678081
100035595614094
100035612652962
100035811000156
100033423950054
100005487400063
100035084133199
100009910458214
100012899466557
100022163371303
100035295667866
100025960560210
100033715326192
100027450589502
100035653951714
100035456332437
100034356795767
100027078648566
100017011720386
100035417752821
100035632361497
100035767501319
100034745018913
100034577213477
100035370018960
100011256527038
100023442515603
100027666034698
100026679548693
100011924385958
100031509233333
100034415991379
100027912772225
100006112275486
100011756256895
100035537777845
100031699147844
100004062337564
100035647930479
100035714583993
100028767471133
100032212717236
100014707753150
100033456400246
100008886105760
100028219963853
100035533183885
100035711615906
100025231700740
100033517130631
100035317393294
100034568595570
100005915075534
100025012301844
100032081491562
100035501359396
100035695716992
100034304703098
100006534011495
100035680080998
100034826109109
100011469966073
100012601484511
100025550766821
100002949123432
100027688924875
100025258186086
100031579297828
100034366250170
100034127359365
100022167699054
100030686312494
100000820586360
100035459750553
100035520521440
100035521997719
100035601490031
100034993212186
100030645128367
100002048864070
100028460401466
100012769844555
100033488491865
100029963553064
100035525566352
100035571370036
100035616490824
100005077082506
100015599707442
100034431285104
100026311308325
100011449562407
100026315521156
100013870355632
100034469831852
100027901920445
100027700183152
100028684851113
100035212668582
100035621890723
100011097544541
100001710637484
100028301593245
100035553365254
100005993940551
100028428735711
100034437135811
100003832748653
100024170213627
100016494363819
100033120483325
100034211620591
100035276380701
100035535632033
100035707055007
100035558234688
100035725953820
100035762281422
100034681453591
100003628094325
100024604755910
100008532346163
100035048962379
100035430201701
100034715973603
100035582736638
100035340472145
100003553412308
100029464010333
100026499743300
100024774474345
100007464644794
100033580630932
100027469742784
100033498363664
100035050397566
100035564533983
100034166650474
100035484318652
100008990803701
100028296442662
100034988272628
100035317592061
100034444611906
100035501536326
100035618770690
100035651948400
100035691153645
100035438829164
100025384719476
100009365929318
100031762066048
100004051733044
100034240983168
100035223762130
100035588378220
100003578096015
100028450520704
100004012790120
100016575942951
100034580916981
100034439622231
100033140198318
100033616245868
100035005482629
100034976263559
100033832065071
100035377440530
100035639108701
100035573372847
100035512534829
100035287036328
100031646423797
100022820493118
100023055102967
100009975811351
100025117700478
100007642124734
100004118621404
100008798168798
100026590845635
100029137561246
100016849512243
100033702036702
100030885045874
100033911165723
100011816160349
100034935375036
100034849629932
100034876717517
100014637546773
100029330112050
100011122020231
100015112878331
100029936963032
100023359928047
100034566242600
100017804355498
100035402754229
100035409293759
100035451889940
100035594501017
100035633108160
100015530461600
100032200188328
100015502398053
100014469317776
100031209110370
100003736198698
100024354940314
100029220751360
100035688634858
100034343376486
100028670060224
100035412382851
100004087749279
100033212023393
100007791425957
100002923639353
100031742510861
100011657340287
100012581446890
100002542905555
100029634132340
100035558653038
100035662111484
100027254020319
100000520224412
100032635270000
100034564357938
100035456175846
100035479725538
100021440080776
100023755641909
100009679597798
100032405378214
100035584804194
100009374247644
100035555471023
100023140905797
100035644147541
100012153911580
100004018646843
100035423661796
100035478647611
100034534907042
100011513957923
100016138304267
100033383440486
100021811718530
100023282474665
100035423512039
100010139232160
100031669483019
100034705326369
100009904182153
100035034076382
100035651166759
100035413570154
100025146281527
100035534974724
100013766402734
100001303984734
100016623540839
100029354691177
100009418847236
100022881763601
100025136682704
100033061547144
100013955923884
100001160787107
100034759520840
100008352242872
100035115246918
100035173242381
100015903642394
100035243196004
100035426361585
100035457431826
100035466978073
100035520315042
100035745180331
100015900572064
100035286617253
100017699476177
100034717973954
100024329750483
100033562351722
100025240295390
100034710190142
100015884918036
100035215609416
100004996998814
100031354924516
100030672511748
100035637271319
100035362821465
100035383763966
100035585560470
100035588950446
100020115943511
100033743228059
100031572104049
100018677790650
100030248584793
100031387680760
100032334406884
100030175234015
100035479123647
100035407222673
100035492956032
100028636897390
100026725597694
100027644718687
100031760973499
100010237535412
100035380519833
100031379961476
100033383892311
100021927826353
100031860883224
100034190184107
100017747231932
100034141980946
100034673557725
100009306265896
100017929333818
100023981378554
100024119858477
100013965876251
100029387117073
100010396902630
100015082033425
100021880477901
100015797075082
100035079827583
100034031843918
100012012225140
100026617220944
100029205990006
100028273849182
100025608996381
100023347419884
100026416006711
100027325478176
100029358261188
100034234704358
100029845909802
100004558774755
100035026665043
100034778406710
100033106244229
100034830684390
100029072240393
100033064185157
100030379872859
100030405871531
100007184117960
100006861225871
100033729164872
100030536050058
100035171351126
100035428653409
100035446213067
100035446427542
100035496885466
100035585499906
100035645676080
100035382044360
100009255000481
100035280290183
100012254238889
100030453049028
100029071274067
100026014391886
100011975623615
100034812910632
100022075752561
100008492436564
100000579582414
100028415589665
100027380771404
100035350944300
100025062998931
100035464366542
100022081803896
100035597760607
100033848172563
100015751804924
100007033999200
100005213824806
100035429411224
100029708324597
100006556931021
100029517732835
100031159445267
100035521533098
100035562548063
100035428339907
100035351094250
100028744595730
100029622792374
100033385925883
100035657104492
100035122850669
100022658749229
100035686742551
100035140803639
100035213406499
100035422670035
100016001777436
100028060697235
100035346198396
100031970750069
100005261326032
100034702896756
100034971293827
100021195520415
100034910654643
100035573769795
100035661484082
100010347609314
100032937922164
100035384090385
100035404365230
100027086764668
100032877709485
100034927630206
100008506684786
100029820048933
100013084290223
100026953716176
100028410543650
100034905222192
100035630075704
100031240701438
100013073928498
100033344624688
100032220905924
100035483340339
100035626026208
100035704830934
100033867186786
100013492843577
100029246272309
100029311693077
100024677132584
100035716620078
100032651454240
100014024042637
100027069517502
100028177966731
100023181274947
100035218700231
100034396936504
100035346144045
100035374612389
100035405900903
100035450626736
100035530662495
100035557180691
100035579048994
100034484655646
100035533833838
100035420232859
100034338743580
100034963950248
100034290816438
100010906230456
100032709470464
100023099933415
100022470313419
100034518167962
100033004572424
100034805918043
100035099647786
100031996669176
100035321589348
100035468745590
100035494934253
100035505013535
100035105392849
100029617698289
100001806366778
100023033592460
100035037434395
100025471576827
100030280155236
100006657843493
100004271340814
100035195896121
100035067404948
100035412605588
100035284202737
100035361083106
100035565877061
100006635312932
100027109099615
100034647573474
100022465937946
100035147812060
100034451330302
100031867356862
100003801495902
100034735282406
100022286222089
100034932542444
100025693866671
100029193579346
100034868591392
100034351274234
100016126895263
100023806847303
100033254540790
100033432342839
100032088653745
100033571020216
100034787964288
100014272651799
100035439016805
100035481253402
100035566568552
100035566717190
100035567255317
100035655361611
100033521718111
100035160644706
100027427689265
100012969551027
100013221613010
100031382885819
100025533750408
100034287455254
100024566050841
100026966927722
100033185562815
100015577121971
100025337899541
100026583755825
100004736763348
100035320882502
100035571694259
100035589427777
100035685091137
100011398681560
100004839963240
100008085158078
100013815782962
100035241045624
100025173293928
100025789411866
100035101503736
100032241944156
100035360446864
100035364021739
100011874699157
100029304010001
100034096552949
100030567916296
100033901747341
100032108230882
100035341092334
100035379980582
100035399089591
100035472793804
100034438191006
100033815740935
100023385247472
100021669530835
100006235180444
100035099211102
100027535051779
100016798185409
100034731052443
100017674651665
100035366642343
100009537452824
100031000662870
100024593715689
100031204756313
100029656068014
100035014311038
100035128898363
100003945358012
100016560184865
100005386005156
100030236656599
100035427757146
100035467064228
100035470663705
100035547549222
100035607485399
100034741373008
100034605324017
100028748102733
100007430681013
100035320814036
100025908554901
100028007375602
100020078537649
100035356011679
100035398067406
100018564699128
100035423927390
100007386937295
100006145758609
100035520129004
100035293157099
100022678365147
100014074241786
100008374877527
100034624476421
100035528253652
100034471724129
100010164430740
100035372210406
100023609220566
100034565472389
100035554175094
100035563441568
100027015338687
100035364920933
100009887884992
100023850730753
100034508567415
100015670898576
100027086107826
100029345346660
100029789783209
100035124643285
100002582432059
100030915911948
100035328043479
