100027627530794
100038130575310
100004073412670
100002283084080
100007892766046
100003959685683
100002334979998
100037536667646
100037546207434
100034814137495
100000552818073
100027283065403
100037458004024
100031442190237
100037802761486
100012300463697
100029123174168
100022821645274
100031447192934
100026848062130
100023695832581
100030348340405
100026805157793
100007219908421
100037454597403
100037558994437
100037559231533
100025949844271
100011762101951
100033784651364
100034918050293
100033901660649
100008231345004
100009927780895
100033532478816
100034450204556
1070559495
100013197669664
100026787395435
100037141952659
100036052067062
100015249432881
100008294972768
100000227436248
100001826553479
100030643602678
100037016381610
100034849268988
100003851456255
100002612515217
100036608821874
100015134501655
100011183174713
100026864064377
100035534165900
100006467190215
100028845188995
100022203496642
100017433162462
100010144837448
100036132765515
100012607925575
100000110224509
100008228895075
100028165754038
100000504656321
100026791182905
100023441976784
100001807131923
100005604757409
100005666927269
100007618304150
100007978117070
100004446317168
100015764291660
100023582747710
100022628670642
100003179779428
100009256903085
100001060529196
100000595736859
100005686562202
100003464453008
100007684741960
100000951811889
1377633844
100028528716275
100022907141844
100022367149876
100021762202280
100028576483174
100022721119341
100028502900841
100002164258465
100026029503191
100028326120246
100035570716778
100008917985678
100020556150852
100035024542698
100014247318284
100013485122002
100030529095182
100003615880146
100002898702414
100002938680962
100012227315800
100006211870462
100035937561400
100036099008284
100036242102093
100027253987673
100014376754699
100004934832475
100033086375778
100030969032413
100035407399276
100031160209713
100027831000350
100024123852463
100035112380528
100027004089596
100009401830238
100013924770917
100003777017515
100034736148188
100021073063094
100013699364567
100035069419055
100015167050376
100003308146877
100035625143554
100010081296184
100025230215446
100015389053393
100000166627415
100027364563215
100002867201448
100001688972806
100003155565716
100013486380693
100035320300411
100006526694834
100003227821996
100001160787107
100001689048137
100008386503924
100003188811214
100005600465781
100033463176854
100029221801410
100035767024613
100015454118886
100026512782674
100000727391844
100000649388027
100003089561782
100003692556301
100031011739448
100026899973608
100032062306573
100004252514417
100010050242926
100006471033624
100022102299023
100011194509891
100003988463356
100010250583672
100000820586360
100033816819970
100001741231847
100027397853610
100008733918581
100002404403502
100026766532549
100007694923803
100005864169425
100022555095929
100035482993370
100021719094008
100034792545424
100007885936190
100034556387146
100032347276692
100028415142498
100035449356992
100006721326317
100006991305977
100027339281675
100032853798138
100034912297684
100026665234441
100004788607326
100003247396324
100035304522103
100012216001845
100011376745229
100026407686289
100004894601261
100035052260190
100023427380003
100008449866226
100000104452469
100000797171767
100000501330824
100011746282504
100035408402575
100002102505158
100010455317510
100006896989383
100005311482380
100027222646433
100035282347459
100000321470046
100000299718663
100034530683418
100034688700699
100031690538999
100031712383737
100030502354362
100034553588016
100015261138137
100022615650033
100034770001363
100028033860017
100025696942947
100027635056473
100034946150120
100034941772402
100010325260306
100003537533256
100027649087439
100007934058495
100026175471338
100035045588701
100031176152193
100028006220030
100022749548940
100034714536714
100011246226559
100034927940555
100034221846712
100015860136654
100000519541490
100025748572800
100026142222224
100033354727815
100003934338016
100031415904327
100012026505131
100013846910362
100010747456412
100004462007555
100034691647797
100003718137109
100034943612627
100027148548537
100002114304987
100006738300383
100022258845131
100032128850968
100012194536345
100023376187946
100013698246278
100004561623457
100034316880606
100029863157858
100015660630384
100014186197533
100002845205018
100033683390036
100012881657711
100007983438203
100031628324370
100012400938026
100001920494589
100028651901633
100009136570107
100006638499848
100004503511951
100033416753016
100016729569095
100009315433720
100014811780203
100024716391246
100034079514263
100014847492408
100029568062351
100031147307561
100001774200545
100017518394704
100023142104248
100023424518843
100027395701644
100002338164714
100032667330039
100024014073581
100015062562360
100014365933546
100026988154659
100025820959339
100010925619695
100003573186836
100033681165898
100028367296536
100009960422944
100027060468301
100000909459190
100004138537997
100001585586391
100027983000486
100015382022837
100012269102642
100025219911119
100030750110042
100008804558340
100028115476928
100032600402532
100015288095318
100034509067121
100007432057179
100004652348786
100001077615138
100024531826340
100000968340681
100002524858158
100026950634438
100003323361126
100026582297250
100021851321042
100020955198781
100008868692217
100008936461085
100023805969270
100013881397121
100002257070564
100007234207813
100032626398773
100026698785988
100009359466396
100008957405008
100034145686158
100028392510637
100032271990649
100002136649560
100002210697782
100009237257876
100002485921622
100000851153080
100000752538994
100001547844677
100021889661493
100001032908113
100003271001032
100021489617968
100005293968043
100032086221450
100013837480450
100000948477850
100008454840963
100022099119750
100023247381242
100028967313416
100000348080108
100009114308556
100004047165437
100000436510152
100008610557003
100002718412373
100001299749038
100008990264956
100016602904949
100001636677927
100002378501418
100023693345029
100034232950076
100034088720152
100004455969125
100033798300047
100029483565745
100003474228399
100010121344771
100033554600329
100032315620456
100016767930385
100028645190731
100030240244249
100026631069621
100005007794224
100009346104077
100013736647451
100026538949554
100017302237539
100030145204483
100011669062323
1449851169
100003607948227
100003664713391
100009503524199
100012354168521
100022942061349
100013869859335
100025886077359
100028799450582
100033533934204
100001821474225
100000228322141
100006147828201
100012514025608
100007086914179
100003105870058
100003709744354
100014273341236
100002827506407
100004746488987
100001006415713
100006872054589
100004646921799
100022037641766
100011803143549
100008716694264
100026381891499
100004942868092
100016513448838
100033867032367
100023996386730
100029894884269
100026685562721
100026955374123
100010217881130
1673090457
100009834846626
100001627873630
100009901179079
100010008245511
100002992464997
100001107065853
100014268343230
100003674278293
100028055882309
100001651029539
100004363243591
100003766627983
100009914118604
100023348451532
100013639683807
100032232216968
100033635362792
100033699077422
100028064110094
100013566394229
100001140742655
100023262816782
100008219855443
100027923056559
100030898202557
100005914957626
1732575324
100031721963579
100007800315667
100007778080736
100014011232369
100004527031711
100011040721367
100028970074990
100029058832364
100031665014610
100013980731669
100013688056885
100030541474837
100009860416669
100033869310725
100030176893692
100017319558034
100012740205076
100025230532989
100025717008837
100027580537467
100027112261497
100032219689275
100021167229521
100016816326368
100031956491139
100013271290126
100005734395909
100000830712842
100033081753145
100025092070489
100022450325606
100004815169160
100002572743921
100033707408437
100033106373415
100026871480027
100004044698468
100033491120446
100000261965251
100003980197182
100032718425357
100009488856350
100004983367251
100029558310110
100030953133133
100024832173792
100021127782436
100014779390601
100000682867547
100023187073232
100008032787250
100000548555870
100032161067421
100000911415922
100006532086214
100014196930514
100030692828358
100009565211496
100025713563888
100015052232445
100001593627184
100002845260791
100015251115748
100017310963563
100011344030595
100028693511908
100024317135325
100000219455849
100000545838570
100005643735328
100006433863387
100008857965555
100013706917406
100000334104276
100000529331550
100016172192318
100008730395049
100000858103652
100000612056018
100003952206341
100022284497031
1850684915
100008134623105
100016584069301
100008093208009
100000112034345
100033206509812
100022980864145
100010308134463
100000627329096
100022646109975
100028982451823
100029654143472
100004041224300
100002016202568
100033154030460
100025236307560
100016575016874
100028469595292
100001834275703
100014332838296
100013265743277
100008762975744
100012619124654
100012211038375
100022987127915
100028228149366
100010619898884
100002993706014
100000474922279
100007678085830
100012402425829
100004352117868
100004165902552
100026977422614
100032773653500
100032523826512
100000756635565
100000577666260
100032887206252
100004463850162
100026690043140
100024421480286
100007620332659
100003544876290
100030679521568
100024364052161
100004922506690
100027000953155
100025036236526
100003442466965
100002006277877
100004290452891
100003079332895
100000645385885
100001468346048
100000462627359
100000913451039
1791472098
100011567777625
100027857587733
100021498795978
100028707871049
100030367871526
100003117717198
100027299799391
100014523812718
100010620210990
100007992978356
100002318274679
100010924574279
100001133290402
100000459144875
1191767068
100011446905483
100029058006772
100022064124150
100000092090851
100006325178016
100005651116708
100030420433418
100024921502594
100001651765735
100006121932945
100009666647737
100011141319379
100002478276879
100003380896246
100004543782978
100000664454258
100005738808952
1763067376
100007999752888
100004556191745
100009890383908
100010239812270
100000934001896
100005998274940
100007946626200
100013174141398
100010961220871
100027042097521
100001708029074
100007387867289
100007984754007
100003657418126
100003632470228
100001565818441
100005039708957
100006772695496
100002965441496
100025410788431
100018716769730
100001959883970
100007867448806
100014483449207
100027535265087
100024727223493
100002164942491
100031211206589
100028937736747
100001757154838
100006977777188
100000876600892
100029118222115
100001636285670
100012584855435
100009996031143
100004259520993
100001899763490
100022510869564
100003186677109
100029360930802
100030667474183
100000349257510
100012881645263
100023341172821
100021904549344
100017543581563
100005293456312
100001705605088
100000966886792
100001755739826
100009321240759
100013134060994
100013595107790
100008138923881
100015391984451
100028568807300
100004419368130
100021878957880
100014219299303
100001146866142
100000507678348
100023115858780
100009403508863
100002399947610
100000533715323
100000386881480
100004196569394
100011365863643
100013878316071
100010124946486
100022314849965
100001162402564
1401250723
100029219509964
100029999291308
100008461711311
100003445105538
100007628052945
100009527952121
100003125364066
100028988561355
100009465535395
100023779300548
100030611700199
100030749822180
100011926483013
100030037244255
100022683827261
100030603846383
100024932540258
100030536915612
100003251928579
100000881958233
100008020298326
100003312000323
100026726942179
100010876652954
100030335115001
100026902260648
100003584365417
100005971274294
100004078277245
100002771535678
100022918302886
100013976078758
100001676015174
100004514115493
100010593872505
100028602700949
100004871715451
100009875531410
100000758652006
100004567866096
100005145550859
100004952462219
100001038696893
100000907189880
100022897882269
100003146907707
100007764156327
100029973137785
100002192424535
100021684726214
100027884282440
100011413582104
100029641180152
1683409986
100001302825506
1815600732
100010388443093
100005174235782
100001141034438
1755547232
100009225215037
100000507274319
100004584546271
1768077891
100002513134100
100000621483188
100000784189194
100011482600348
100012175726870
100003077137512
100001767360504
1834273955
100004018066905
100009795376196
100004104102681
100029377395280
100001338587159
100025820180658
100016421717234
100029127240361
100026046953827
100027755799690
100000204762875
100026459538182
100024560925729
100008479065445
100027259150348
100027402161745
100001846878848
100005681203373
100018616024485
100023674899214
100002381691274
100004039215683
100002043702847
100018578044162
100011819448279
100005059398616
100014928525763
100013185001334
100012285363777
100006268992603
100003253744145
100006631149748
100029029060569
100029047235056
100004049840901
100004677761830
100003037659259
100003939384666
100008069740068
100006385476706
100002661560215
100007825839888
100008136006703
100002920501368
100003378711711
100006329047472
100003303337412
100005970318565
100006525035979
100011007632803
100001229410781
100023566692898
100024641146300
100008038204520
100001421270360
100005423744220
100003223481616
100011269846708
100003538345100
100005287692316
100002056977360
100003753438610
100000864471232
1435806290
100000259311276
100002842966495
100000129272796
100014999700567
100001757285560
1677685028
100004354215354
100001462155243
100013884254066
100009738587570
100004381503585
100016435832758
100003627391676
1303361968
100006075617298
100027757591825
100027350853080
100012410837995
100028530404395
100017625467843
100013495726043
100015878290340
100014002937596
100003253156055
100006526955317
100002079591424
100008149088869
100002189625016
100009735004057
100005703550036
100011003409048
100014172222942
1509071946
100004554340286
100000864236346
100006423744895
100000146071684
100026056515865
100000480406854
100003202992526
100003315849695
100009901771497
100002364706997
100002242126763
100006399310798
100024614793287
100019169956394
100010419603750
100004684457063
1686160815
100011744309268
100008051251514
100004877400769
1807331688
100000121451192
100001347026425
100025281292661
100000442026617
100025750819180
100009886274537
100001483553871
100027124335496
100003247144132
100009179537797
100007001983336
100001090068550
100000669084036
100002364012883
100002189474776
100004312692086
100002184716910
100000949554749
100017682619169
100004586611544
100026266984452
100003935990330
100000717498698
100018660841244
100025429004655
100007768178965
100008838942585
100011786132910
100021244893926
100023134111866
100007113587303
100026961483570
100002377204872
100022976329460
100028613491511
100007184747341
100027384038086
100000678582155
100008938206189
100009417919213
100009858401911
100016866994141
100024947173540
100002234296815
1652731265
100001555373086
100001053473028
100009672856146
100001177661687
100022960635950
100007806878094
100018873456978
100013579297357
100016393806015
100006643331543
100007960153108
100025277962446
100003406987419
100024187868024
100001530803091
100011884262888
100025333053624
100022953975272
100011796472517
100002179750430
100022581249117
100003713303092
100000603528006
100003966819385
100023976733069
100004786479124
100001710039167
100000161361224
100011226733292
100012604805438
100012890351855
100006042644101
100012899163316
100002050203320
100027360409553
100013334085116
100004092011294
100004707873805
100001570339134
100003347594258
100001672815529
100024515803586
100012673637080
100011321948540
100013092348403
100003634892436
100023412132384
100013843891151
100015391819139
1774832367
100000440257814
100006258648763
100013617317096
100007359430785
100005132499633
100002377101498
100014107124879
100026395725656
100018611794242
100000380708667
100011136169563
100000647514135
100018061783655
100000376362924
100012017944959
100027141615015
100000028125307
100023952097622
100020714744866
100009073112316
100005734099016
100000160103254
100025923977056
100015498180988
100008950303236
100008444318737
100008015766850
100003163876786
100000498108764
100000197556402
100001839452937
100003802768735
100010312627906
100000154140923
100013500938194
1470875428
100016705545669
100006846661130
100002105914131
100010753302590
100004283735563
100023813800313
100007086527742
100013194996676
100008666086025
100005424334866
100002565992435
100000295322415
100021710178786
100015840784720
100008311239501
100008965963109
100007990533128
100020109698460
100006131470740
100007325501377
1704737851
100004742802480
100001465900901
100022788703549
100007464885189
100011943668545
100024585453975
100012039270496
100002163401462
100002734848898
1650215608
100004901982629
100002983551040
100000617020489
100006701857710
100003280749376
100022928524006
100022094404362
100020053932928
100007020750372
100006841414708
100004060478783
100004047471756
100000994184072
1639017416
1342986346
100025412500892
100008217588954
100011962422060
100009504956049
100002353959582
100005243915992
100001556483774
1387252994
100022610461158
100000195852416
100000215423333
100002900146475
100003876756778
100008746034288
100010068728110
100015062881369
100007855324407
100001430737904
100009211158917
100008447134399
100015077085271
100006732945266
100008926213632
100001307887745
100008506487549
100000570844036
100006744728133
100000645006448
100008725111576
100001711045625
100011127344335
100023592223708
100006656765068
100000910402284
100012383839368
100001808170566
100022277071901
100003298503979
100004452138422
100013626794047
1588876303
100008212710135
1693181144
100002493558164
1487441413
100002371645532
100000292231359
100000863020103
100000777683061
100009611556058
100008117137050
100009812500459
100021901611917
100024993772351
100020178614121
100013930454290
100008375597243
100003792680565
100001644491184
100000571313413
100000215202447
100010195026021
100013074947806
100003338221653
100000357540622
100007257289221
100009357783270
100013218457492
100021315054041
100020220967982
100017341111920
100016430466611
100015382839588
100014855341323
100013303151622
100010180231366
100006286425393
100004475345867
100002493191293
100001206437837
100000158528462
100000149652561
100022357387014
100005894971804
100002003839117
100008144624565
100006894343645
100013144968150
100010367505418
100008448846673
100006670572813
100012693315343
100021479974494
100023444685281
100023374760451
100012383163604
100005203757212
100001758849428
1549867081
100025910271455
100002644931040
100000509796859
100024992978810
100022125906006
100024520500504
100001944313288
100013595387805
100008920534580
1842009849
100022232480947
100014254293703
100009919690113
100017407112668
100009624547167
100006703904630
100001831588386
100000445737989
100005772993299
100019349136141
100002935558089
100006765690975
100005804115503
100022230000461
100002818427786
100024826550108
100015442650807
100004566048080
100000159128643
100018054872858
100026450192407
100009646327435
100002299516763
100002156671529
100013450417063
100004830334801
100004225453983
100009029520262
100000163279460
100004002735287
100009824944919
100022288800633
100001015880682
100000339600634
100008573681244
100001744450529
100006749087000
100005965743708
100022254798574
100017611120027
100016594207737
100013288478089
100010989071732
100002594633093
100000113359552
100024845023160
100024754029609
100015150401812
100012713285185
100008885148444
100005990806462
100002367135946
100008366865112
100016227883097
100012851792348
100002875118880
100008796041419
100016046168072
100015748241360
100015014497651
100012525103758
100006428726601
100004375906736
100003992695452
100003684144105
100003228363769
100000019149942
1685928901
100011332469221
100004080704126
100023793343452
100014411529822
100012150422802
100005638895592
100004833422858
100004821573351
100001830384719
100000681582624
100007733267710
100025299242346
704495904
100017149743456
100013844913188
1434807386
100006709593397
100014408949903
100002954906949
100007885155870
100024981696865
100022438390991
100006430783334
100000398838463
100016554810579
100001281182091
100011545957012
100004059291739
100006982663087
100023411977466
100025989787028
100026073211325
100005856905214
100003469661867
100006923589717
100008119778615
100023703793865
100004334442664
100005205888036
100016234530979
100007936051907
100000765411818
100003998851014
1700543860
100001501740165
100010413338979
100000440173692
100012859356933
100022268924295
100007018270814
100000282488276
100009343382225
100016498605539
100013244049308
100000000709256
100020435258010
100011663222042
100008290700235
100001716637053
100011936594553
100003898219638
100011377720780
100000318138292
100016287169218
100012495187429
100003317636016
100018103451351
100011614267609
100000050038394
100021868272305
100006518733918
100000555875397
1809295932
100005764451675
1228323032
100001715326038
100002064604920
100019259820240
100016065210963
100013375180851
100013185938196
100012908341812
100011337382201
100010475911811
100010014465070
100009697963483
100006414942583
100005787734445
100003252372673
100001483923919
100000823930302
100000448082543
100000410417924
100000197199907
1292415221
100016763203739
100014277914788
100013696217689
100009394524668
100009083606975
100008490730034
100007398379392
100006434677126
100004236694592
100002836793971
100002083127951
100000550036853
100000410580701
100023820728409
100008226736115
100004403910322
100003929111175
100024945756996
100024483641424
100024032250401
100010630575966
100009179739451
100008625408855
100008313914015
100008186923496
100005370787723
100004472054956
100003519258182
100003206140044
100000575964915
100001680422605
100000830137149
100001108948762
100011287934057
100006173560800
100012419028904
100023917728653
100008346215901
100007763982357
1506783545
100001946245735
100004876514514
100003088667461
100002412040841
100023807556553
100022464287230
100016945874775
100005854082341
100001967381075
100001859795226
100001448659221
1397815928
