100035893523870
100033729318468
100036435905383
100029216286915
100035134218819
100027831444220
100037985118686
100023654894691
100026433192659
100026793604067
100037828483130
100018775455765
100026288303277
100028075230310
100032058790826
100037677634584
100036447124977
100036715664133
100029298188348
100033494410872
100037402122273
100029129780653
100017875410416
100032806638532
100033999222399
100036182349224
100038210504309
100035980726659
100033213169262
100034960414784
100037072303604
100031761723347
100035131235119
100025130361218
100033852023735
100030319665018
100025302589439
100029129562389
100036690409912
100037027489944
100037335968795
100032197096371
100009583958991
100027564039676
100025964042694
100024549664710
100023984991153
100029430912760
100013916044332
100033115540261
100028235201412
100038138629593
100038229125665
100038233806098
100035858918728
100037788155701
100022099833688
100004586821088
100036958074149
100027979935556
100035124322612
100024602042979
100027288501054
100035892787246
100012981962462
100030502884077
100013488973487
100021031103937
100013275699059
100029162507006
100032898998484
100027648920263
100030742863564
100033698892826
100030972514591
100027007371660
100027940131901
100028002160097
100037043826833
100036747661723
100033298788037
100031424261684
100030561255002
100035199167400
100010788960639
100028333082629
100024185299489
100037633458179
100024313476801
100037600602339
100022873180361
100038042102429
100016975147436
100037863185715
100037540073109
100034809217997
100034021414726
100037790443419
100024253610003
100036918671033
100035701921754
100038373904460
100037250435705
100037283184251
100022903967820
100026745436186
100037919481009
100029881300740
100035026636799
100024587570427
100027698837674
100037806816961
100017297533761
100028680273057
100035233834674
100036252768887
100027820922527
100036045558027
100035900349338
100025731075070
100031924539813
100015132454088
100028329547681
100036141773182
100017989920800
100026993781802
100033263593868
100033322001678
100038343155109
100038140834631
100007347465875
100032875642414
100035291792702
100038320680728
100032275476604
100034584713992
100022012531518
100018059045378
100029619496779
100033695340313
100006499125412
100035925127845
100033587742699
100030088185652
100015347509294
100035686009747
100030845029016
100036504564246
100035120084535
100035116411102
100006344351648
100029301888983
100036945287524
100028565565234
100036878271719
100023358572225
100027705412407
100026712345106
100030329106901
100036007643627
100037197729711
100030033891826
100036272332245
100037451104502
100008049693430
100036588766647
100033893795717
100029597313117
100038297191249
100022766093821
100033929823111
100035329653287
100037434983196
100024098022116
100033981517485
100038077001118
100033327405296
100030170536675
100037600502375
100036998980776
100036910223947
100025493161738
100028293454342
100034559717079
100037417399516
100011929519515
100036969042530
100036854538204
100037511864892
100037964161674
100026223244900
100022584331651
100030418059918
100035140515152
100033433145404
100034622562555
100037807304295
100037828722655
100033637638992
100014264106881
100036160665006
100029898936003
100033548884443
100036389888832
100031990698101
100024196958994
100037213997023
100036729106372
100031939249269
100035608963071
100024718601713
100036574276964
100011688754022
100024514303761
100033019810025
100034955152919
100036232129021
100034839522525
100028101191687
100028974258181
100035497820117
100022742118234
100030366641560
100031142624129
100036454163843
100036271369482
100037638861363
100034323490763
100031195202052
100018196177224
100037820775042
100028012621840
100027060622325
100026775140780
100037269484668
100037003486317
100031056396701
100036662300285
100008066805195
100036904741076
100025344692232
100031817231145
100036250880433
100035045598412
100030968872289
100023508398745
100033434142613
100036020873523
100036552201428
100035948439503
100025808903903
100031941584825
100027644811646
100037291357563
100026517075452
100032169334736
100016074484816
100036695241575
100036291068778
100029360904116
100036321440651
100031065455016
100037584376603
100035939612046
100035720404483
100033957735667
100006690211804
100011860444081
100022352511658
100037774388610
100034273271739
100037502990318
100034811223240
100025704995894
100026290683774
100035561198284
100036252173393
100035605477610
100036803942149
100016913825087
100015059378713
100015778560204
100036829722179
100022344670415
100035653221267
100026976473331
100028843883539
100036928793372
100027223838185
100025165740239
100037118571744
100018991962042
100035023336714
100037584639882
100035269235997
100023915190347
100037519037520
100037879234509
100034669564815
100034165516659
100034494605223
100038066220062
100035976559073
100017681853161
100037326819859
100029819953987
100037268181748
100029315917046
100035641990701
100037114325341
100036534185474
100031478990355
100027887884110
100006661665641
100035687981135
100035190039603
100017069415460
100036213335258
100037299593014
100036878538954
100007616762967
100033791926812
100024185767926
100036852316497
100034296768594
100031228665256
100035849153915
100037690599924
100023083357472
100031746684037
100016062453146
100008838466012
100037194561159
100023734056700
100037351191896
100036548030299
100035215084079
100034270392177
100034882158993
100036853654657
100036977797770
100029134400168
100025560107054
100036395618914
100035287982780
100025715111615
100030284767152
100014061492317
100034236072480
100037497919001
100017215182622
100035559680415
100037131529671
100028451619359
100037048882898
100035088496640
100036369455377
100033176454012
100006749131082
100035183122644
100037646078186
100034450576901
100027070414540
100036690584592
100034651153865
100036281061903
100034988437933
100035567347819
100037717117803
100033967802138
100036337569347
100034738716332
100031467254447
100024089932172
100035265312128
100037578368721
100037701931124
100037593555733
100037354114946
100029964702302
100024341281480
100036962980081
100036899090406
100037558275637
100033276531225
100028209365124
100019603901749
100026754452996
100034634793008
100009604004798
100019040196116
100035474533284
100026954957012
100036128773265
100037715611092
100037377757708
100015670741637
100034947857309
100013463194189
100035626815836
100036187091358
100024248461259
100023326461285
100037113764331
100025165656997
100034509723650
100027523220851
100037548070418
100037765831166
100037260760144
100015608204223
100022679812550
100012143055377
100018512492620
100024033951198
100007463865499
100019015245037
100030262908842
100021949620237
100021987109948
100023152620407
100029420442393
100022214963197
100037254852323
100035744694123
100036549333481
100035663811104
100013570666787
100034045690207
100035251061408
100019121527436
100015542556381
100015289117547
100030533977952
100036152551326
100035717176961
100036499953861
100022747363066
100026181468828
100035149071150
100037657505673
100009801510317
100026972254264
100023962754303
100037029754535
100021942563922
100024157215575
100001175249204
100008858880871
100034440913507
100035265336758
100029271032280
100035529442443
100026275432343
100036268943819
100027612764508
100027688875498
100036830531233
100034944009988
100022205283884
100015804738958
100033515932153
100006937333468
100026110804069
100028182754507
100037147692106
100036043332392
100032898051916
100036453342525
100012949323451
100010284367817
100017014963444
100010401873040
100024235360757
100022406019757
100010879182245
100031082893798
100017130285135
100021792938509
100026349961131
100023554921998
100029691330192
100004841508086
100015699906360
100023143843956
100012658261402
100036098531567
100021529333652
100014288599099
100018299176494
100033395358849
100013405187359
100024531412408
100035762109837
100026054356370
100025771252541
100035523273250
100036068019271
100036916086842
100033750430366
100016633273261
100027176962897
100037504658638
100035030374354
100014682314111
100033173971123
100026614819663
100020985143379
100036045435778
100032838679653
100030879390401
100031205616615
100027012940760
100032013643224
100015807067251
100024909910280
100033232020214
100031083407175
100030500535578
100014396919302
100006370211402
100015267315724
100033973513280
100026086521937
100015126134766
100010078720253
100035798659814
100024045366043
100036792398793
100023382675556
100033826160304
100035611987392
100030140507111
100035821622983
100030454081480
100037085539795
100019329612662
100013382618544
100037461721670
100033781651337
100033589336558
100032455697257
100035587937134
100034433745034
100014973932867
100034588424413
100035078164308
100035848591511
100037485008804
100028028414620
100024057313052
100033768670678
100036604717005
100031981895577
100037546004569
100036693062018
100029307004139
100029729528370
100037018772295
100036311869010
100035486322691
100024815862007
100037410107999
100035915107066
100036551977409
100037368941623
100037471710621
100016560437912
100037354062641
100011446125552
100035921783416
100037201296615
100023636092326
100037402640993
100016973771478
100037302857196
100016124885472
100035592080101
100024342669381
100035511019387
100021740982142
100025998933227
100030260050549
100037678087749
100037736641021
100037436094280
100029999791157
100033118444644
100025959787240
100037533816115
100025724586501
100027371618226
100037393116060
100036887318883
100014978261521
100035805705798
100025940651353
100028117027279
100010403831857
100035359603870
100028489686549
100023129031815
100036240562148
100037431545950
100036205336185
100036909406020
100036090313266
100013761286097
1282667884
100030012246517
100029206097095
100035316875084
100035066504360
100037486811482
100022217671477
100010703022120
100036254250630
100035193034395
100036250988288
100034691872889
100035543498619
100024516143711
100036744155806
100025437609945
100032542761990
100023704621120
100037516479056
100037452906901
100032041389840
100036846781827
100037226499992
100037059304165
100034694210402
100030536169075
100024362861455
100012797113790
100036891035223
100027934846891
100028724975051
100009237468569
100036161524708
100019484088565
100036674140083
100037410721210
100025677707926
100034361793889
100026831895272
100033180162827
100012698476490
100027585429137
100036041475857
100028597213014
100034612050458
100036846467989
100023295729319
100028174182065
100036619863509
100023269338926
100027703755288
100030572677173
100034939007966
100037324937951
100034770542793
100022516544807
100036751141724
100037177666744
100037485435270
100033847772617
100036232871483
100026815505789
100025606807436
100035042739923
100030820804244
100011320658085
100017213343790
100037293707821
100034542801255
100032799640896
100034664580546
100037267254031
100036902180719
100025910418630
100035207149349
100031918266358
100028591243198
100035416449916
100022330253101
100032582983020
100030472230445
100014139012005
100018864791583
100033684454759
100026658012408
100013115202426
100023761102925
100030265490419
100035076369324
100035856770034
100029318015832
100035493130833
100034740277616
100013739890915
100036292069713
100028271017232
100010861930137
100035367464691
100037368457673
100028271108256
100034658901026
100036010238478
100034481239698
100029307722716
100027906951989
100031131919397
100033455692094
100037308224995
100036877121541
100035862142293
100037018782907
100037329920308
100030171051612
100027198093262
100025335343316
100036136691383
100014233783387
100036657609434
100007662181129
100028513667141
100021628278549
100028879298621
100034100012121
100035644614153
100036969017239
100036052065393
100023384874206
100036488136196
100033678122832
100033971267067
100035699711589
100036794542658
100021891913687
100035675853288
100013448191631
100036112336865
100036997510567
100028928025595
100029467127129
100036998084666
100031089434113
100018161176633
100007501234365
100036181223818
100027671313890
100033965706450
100037204606493
100023372753959
100037018430421
100035620845784
100033578301497
100035174405535
100018499200850
100037294215101
100030206559087
100032864089258
100037574494473
100033966368441
100029883053328
100034404003516
100025290215364
100035444860633
100028156068435
100027011752944
100031302191193
100035638367300
100036779450039
100035873614411
100014652254756
100029342692683
100014809233600
100037141371785
100030404374691
100036256953307
100034494882478
100034579775757
100035901262134
100019016013770
100014887425909
100032038013003
100030244184613
100015090662329
100034361315452
100029949481672
100027089327271
100004316732645
100023601251884
100030895355723
100024793656726
100009953196382
100037196940077
100035827031484
100023918179632
100028045599879
100025467794460
100035809369280
100014113669376
100029345105358
100029251838832
100004096183023
100036339944318
100034543742739
100017914545339
100034977576208
100034421990195
100013657208773
100027076964763
100031009777660
100028516141893
100008027407989
100036642870523
100033170613957
100035885078602
100034708813377
100033791980482
100035438736081
100036610624081
100028079300959
100036670427617
100032326423985
100036046100713
100037335633725
100036372969220
100035070224289
100036970871512
100034683459724
100036284170928
100031989492863
100030586150404
100037211929158
100030521861227
100027415147412
100037331880186
100036552603339
100035899634585
100020204190002
100037185011713
100036454562616
100025582791162
100013790732538
100031088916497
100026587101476
100026240321969
100014846329076
100028995305227
100034686110217
100022358355662
100024177933194
100027959622503
100015437839492
100035718407434
100034145797755
100031083856971
100031216277847
100023490885182
100036126634542
100034854210850
100010789213857
100030079780383
100031074170095
100028268779995
100015020490011
100032162174071
100037247862671
100036838624145
100033320644598
100034846847394
100012506024495
100028712676303
100033496760987
100035898557496
100034714124381
100028608811214
100036466222488
100037364400559
100028309013983
100037135673085
100037366449422
100016371340600
100022989975343
100035612441179
100036247371421
100006065269480
100035175511513
100024851898637
100036014071693
100034841172949
100033862162064
100024107198107
100012487952191
100031780501554
100036849132855
100008165946263
100035248560337
100037200420988
100036382781814
100037195732698
100037147402228
100037159697920
100022617494615
100023685607052
100027768195374
100032275366491
100036288588532
100016781059015
100028073119767
100036016569229
100037056741915
100022903943401
100035310000404
100033305003969
100037183832496
100022430670673
100026820213277
100035048314116
100029215940303
100017698624904
100025231490211
100018094630053
100014764351370
100036677858974
100029283543215
100034347013129
100010114830167
100027688702594
100022527335527
100027438583737
100011363243958
100036602043111
100005771104155
100026963464669
100031265929225
100024338617223
100030380658520
100037010111541
100021413692452
100030853422244
100035785515824
100035018261109
100034407729396
100027152238723
100036660154738
100031537414122
100028674155682
100027295463278
100036178307577
100022419527247
100035003766049
100027263541519
100034941130082
100024342761725
100021652561076
100036344640215
100036894700933
100017637374316
100025263961318
100029345963258
100029765651431
100029646652827
100012221836190
100008294656264
100030715920782
100035057021938
100032454141315
100029074911844
100036229322964
100034148763131
100023817249452
100030855584417
100021186781436
100036743855355
100026654153896
100022421496965
100035590124759
100006577898487
100036357518746
100029893329576
100032228943624
100022193194256
100022877464817
100033267961169
100037142693054
100035452054437
100019338136288
100027601125690
100036671296149
100023097531302
100037217625141
100024432045770
100022746647550
100031614485618
100022513513195
100029651310790
100013899340985
100035347325379
100025252312136
100016221432005
100024231384290
100036676851870
100035802428508
100025231787989
100010047101946
100015414785445
100033484896076
100022499400203
100027821762274
100036396323517
100031500789860
100034423491731
100012437377894
100033816663420
100015807728448
100014387447476
100036502273818
100033679302929
100023407322737
100032667827966
100026723868899
100034553531304
100027362106910
100024101090195
100023216490313
100028705270813
100033372943253
100024638103617
100036938985680
100036636365244
100034702232312
100009279885951
100035323470923
100027166179753
100016080489278
100026344757786
100027079895240
100014399509030
100034434262123
100021955872888
100036118321857
100028582463087
100034914423334
100028635278157
100026598164375
100016625356716
100031176918628
100036994925197
100035864002588
100033149179806
100034557847171
100028162583707
100034654783812
100030256055043
100035255314623
100036875163560
100035888474164
100037084732151
100036611164012
100036377433011
100007670770106
100017603252049
100034450283745
100030751777489
100018245280366
100035529398854
100037083555891
100017322791627
100033420433491
100009055021893
100025295022339
100034546752349
100033562450374
100010010521361
100032053511646
100036619763462
100027185232603
100036281024333
100028093500187
100037376431460
100031373356180
100035667734112
100028270446053
100028292482788
100029432790491
100036513222692
100036247730471
100016547052717
100023212187595
100031987551197
100036729407856
100036482104153
100036885585969
100036518352955
100030979411657
100023583036652
100023743252017
100035974729507
100010322555247
100021422750093
100037016580854
100024597283785
100036127876258
100028392617247
100015636640267
100010662781546
100029277112802
100036290855908
100034167587378
100036153168002
100035275894795
100024149238285
100026590551976
100036669422231
100032980175875
100026262771050
100036346804763
100033384697564
100036222125081
100029798377976
100031559705573
100017788380657
100013407300239
100007364596719
100032894798942
100029266394600
100025912626614
100035044054279
100036679129226
100035756424334
100030663612647
100027123262715
100019432062545
100029268783003
100031732421547
100021110003245
100028931256182
100035717541864
100027176320485
100036311741306
100036370295864
100028645478487
100028705463913
100035931620304
100035874240761
100023643123952
100037010494801
100022084447345
100026904443866
100036854052447
100030694461358
100016209073096
100036798310771
100037069962265
100037181972244
100013664347131
100019526342244
100033286426592
100031008540613
100027954378555
100035907651657
100032581237735
100035026538681
100029687044616
100037056314775
100017939583361
100034484745885
100030841753556
100033967024459
100036622927180
100035036316177
100035440744918
100015896474834
100030317565268
100035774138500
100037084333403
100026465625975
100025670319066
100024043740404
100035073261727
100035109841817
100036393646253
100010994281932
100031456722031
100029205340508
100034654146731
100027570513001
100013368481841
100007741186093
100015131131028
100037032151944
100023843282444
100030410719430
100035096078182
100033627277783
100024645967412
100031385212442
100034694232528
100035385107256
100023137506889
100014637816337
100033692941925
100030629101185
100010430508996
100031309512520
100024939271138
100025030457164
100028304953832
100024966133816
100035269699753
100037082745651
100027887228493
100023900954774
100028968973421
100023219087595
100007734585111
100032283049618
100035161570386
100026682461957
100037198502650
100015219258129
100014884148086
100030908742072
100036178597163
100030667852882
100035166713972
100035845374080
100034035966909
100014720232878
100036189604398
100031836820164
100034747867525
100030098146987
100028467703602
100021621075918
100014278356081
100022010631202
100035582244374
100025014221359
100035462620717
100030639812789
100036096858823
100028217959321
100031969440619
100034756372917
100015318521201
100036873737535
100015531588345
100036382473104
100034421087776
100035323121463
100021964791185
100018390960456
100013659856545
100034963960144
100024274208681
100034926962386
100028451510298
100031866092190
100035968643173
100010028316187
100027094596468
100027010630322
100036177222651
100031401331543
100034864300518
100034884429003
100029688336602
100030665958011
100033659976253
100030432022833
100032720115313
100024615814166
100005053691861
100032754910133
100028566773462
100023435987147
100033941145237
100025253011407
100034859151500
100027629041874
100028266651361
100026932762398
100036874981937
100030762709522
100026358667333
100025907461279
100034503612134
100034369208014
100032421995389
100027504693806
100031243267037
100035118940795
100024553453586
100025709283807
100014311955877
100028542292311
100011274677997
100029382893065
100033480010649
100036634342804
100035188246179
100034841010940
100035112322149
100026322164717
100026640307611
100023921583877
100035455073269
100034453274074
100032098470778
100026112631785
100016159152236
100032263325763
100029056873085
100036430539886
100016417843618
100036381519583
100028509614598
100036434048000
100034757258451
100036306021438
100035649363521
100024070682083
100032110220940
100024093646088
100036167593933
100027828481726
100034463482143
100033941627847
100025727911287
100033115642583
100031576842137
100018280623471
100026747351596
100029032306186
100034907311054
100021343986762
100036498614116
100036966828014
100015530588575
100022966130028
100035099013761
100021449232300
100010280553081
100034002524614
100027022633775
100018382307875
100009700659181
100033426380445
100028696896850
100034254428791
100034932664642
100034460620836
100028328108195
100029460494375
100023207423493
100031091244205
100028541646694
100029601108528
100036826832016
100030219844756
100026283154252
100033713752392
100022815723710
100006228702113
100023589472231
100024808069026
100036793133158
100035726796833
100033407693411
100034826091688
100010955701119
100030097630844
100034293970010
100024960213337
100031257480565
100036378914576
100027438231014
100029520352417
100035440635194
100035251893551
100035873751585
100036232835052
100036612060147
100029091592170
100026346495415
100011237867809
100035251833133
100036350034210
100029306029371
100032255772603
100011633103645
100034447185590
100015971021417
100029186679390
100026298498576
100024130732059
100027357940280
100019426818430
100017968057085
100022718292218
100036521601351
100029457491443
100029435842721
100034551214395
100029751516197
100022738513423
100015059622553
100035479719707
100036382568138
100034267578356
100022997536804
100035160765599
100033595538778
100031635647955
100028701279332
100034570275722
100022906748459
100035885330541
100011404149214
100029623659979
100015060784760
100036078880066
100032245493393
100028228522102
100014767570975
100035296999400
100036188222662
100036753818439
100022397250267
100035631638115
100027563269297
100036908557189
100027209868502
100036908584954
100018477930624
100028593212485
100035246183378
100015494957094
100027621216272
100024280213239
100027169058489
100031482063974
100036482169976
100019185273977
100035161927514
100034673765497
100024096773078
100024635901773
100023836239266
100012418266801
100036589263274
100035995630157
100015467261201
100036668020477
100036071255336
100018146419055
100033403213253
100035976278284
100013357834733
100027897734529
100035520338816
100022902182955
100024331892412
100029765732767
100036831729136
100036531293268
100031936892705
100029644786724
100008189469581
100016253144811
100034312962984
100009582801406
100028764730552
100014156887018
100029848446324
100010623196825
100021182960653
100031316359581
100011607248160
100032378225137
100023958247119
100023683724187
100015477436657
100034714222554
100036628031903
100023574980913
100013140888405
100021680811218
100032259046846
100030164377825
100035771974000
100033583974213
100033127955317
100033940068810
100034335723139
100028712802897
100036746327203
100026641322273
100030306231850
100026976138913
100030682072132
100036166026482
100036922836176
100015251708439
100030893632670
100036316783245
100036667716398
100032181472745
100026924804649
100035110964639
100023783772060
100036067251082
100027674790136
100035731203421
100036221288071
100005971869640
100028287310820
100033525742061
100030601366961
100026829885848
100036700112046
100035386277867
100036375782980
100011470543455
100035433845533
100028639607256
100034062934748
100027723613834
100021824540228
100035839187233
100003777126842
100035449103067
100036633161093
100034963840655
100035366769034
100028040942958
100036086580432
100023148692450
100036841411592
100033759584572
100035897747448
100034061443625
100036110400129
100030727272340
100033860473155
100024552583924
100035670345716
100032892252993
100035289979439
100036427687191
100035823496746
100013219067126
100022514254173
100035112180973
100029156180725
100034093720801
100036585499204
100012273678122
100027827101595
100025291871406
100035345144088
100028149091721
100011313246309
100031549794209
100026780470330
100036324990020
100034619582770
100036051457643
100033937752427
100036146357352
100030858020366
100036388944361
100034320307161
100030677701862
100024951694803
100028977408114
100034054423232
100023704745758
100015613207115
100036313702521
100030820922657
100035426220622
100035371156978
100030752588542
100017686662365
100035241245855
100015181095995
100032072347456
100028541326924
100036754149436
100027622128103
100033322156204
100035479211549
100036334221567
100027295747690
100022395482945
100015020415786
100023314302861
100034837371553
100012333214872
100033747542082
100015522670605
100022241054652
100033976761408
100034169092303
100009637450882
100036592261204
100031451332141
100036139474272
100032371282018
100034400745665
100031346405640
100035657031905
100036381315529
100030882097524
100033898384706
100035234731124
100036512290803
100034451382610
100035326486958
100034971270552
100035118950780
100036150287338
100036501367686
100036290013345
100036633750716
100025928741581
100036434207151
100035641685081
100032666675758
100036389421485
100028795830195
100035863340693
100035860542360
100034533674412
100012961561061
100020941790039
100032643727860
100035471623261
100035504741798
100025155781514
100028937070923
100027025722289
100034598916582
100010275313373
100036294334309
100016584991485
100036250733019
100036717273334
100032156145936
100036488620182
100029104908059
100030090250116
100035586180580
100035728853796
100036304750122
100036093076004
100034802771962
100029269442270
100023516683777
100036681841563
100036814114328
100036448147679
100035964877085
100036456675326
100009754056299
100034771102824
100035376877454
100023500140893
100033957669091
100030098919356
100035606989461
100030659063500
100036204891818
100035894530289
100036296262518
100023792902051
100027267587690
100032801492048
100029230365997
100023552346643
100012943007650
100028703703116
100013607019669
100036270523591
100024914684730
100035784315509
100033608836701
100033566467880
100032591322074
100035819477664
100016810233515
100036104060909
100023852899779
100026773579880
100026619330062
100029933228689
100035021915468
100036033863249
100035905959633
100015954585834
100023541590020
100035759655295
100035166185792
100036277518426
100033428468379
100036399275687
100031576343402
100034159508287
100034285597281
100023774901898
100033062437893
100034764337159
100031964151738
100033457218533
100015037418022
100032705266724
100035899622729
100026947834522
100033196492796
100036380974326
100036288992994
100034965591248
100035072656220
100022672297804
100033569417244
100009843889381
100033862811753
100029202841749
100036072517556
100030402727043
100028115656678
100036453615384
100028049304361
100016067292323
100036346831682
100036530972672
100034921733145
100022704528419
100019272422115
100032153923265
100036431341234
100026455473120
100011059420382
100028290330646
100027085640109
100015139650157
100034268020037
100036521017708
100024351022720
100013452030218
100035610426998
100034776319897
100032965458105
100028594954284
100036605074621
100036118191634
100008091150074
100013676613225
100032289640851
100029324418662
100034735963153
100016371010662
100032861118125
100016657351244
100011766128238
100036634712531
100033565817683
100035297663312
100017252348023
100012786074818
100036373183392
100035132701476
100026487903304
100036456582183
100036416349659
100032805010769
100036143490565
100031909332306
100025024519068
100028479970988
100036559325129
100030668587300
100034921956505
100034127986685
100036144042913
100024556720395
100028882072302
100007333937137
100030867257505
100018235143987
100035348592015
100033187872072
100027871400444
100034126680653
100032138630574
100029344022372
100024461169918
100035011420598
100035348000213
100035829981927
100014287805740
100030398621779
100028241090547
100035820856400
100015391334127
100035897354207
100027329708293
100024179178781
100035894805064
100031375518905
100033456735183
100022107370435
100036289540223
100034513032163
100034057523997
100035564961880
100035954520269
100023719290229
100034272730104
100011976330344
100021436329739
100032810616751
100033555676676
100029729693824
100036420963027
100031662169745
100027242959763
100022292105009
100036151427237
100028645544626
100015603930243
100036370172960
100034783101356
100035832814283
100036272911296
100036016459374
100023209545355
100034565356153
100029605995434
100035547799027
100026948136440
100022982254896
100035975945592
100026093203121
100027174383238
100029937308874
100035865284470
100036262357393
100018898632731
100028084803744
100036027797773
100035576805924
100033117199880
100036028543033
100029289395805
100035709367920
100035665174024
100025682989845
100015758190569
100023875281812
100026762902122
100024660377917
100011077740442
100036169775882
100009481780222
100025310172564
100035584896395
100030294660410
100025405353913
100028139047360
100028089012291
100032339303936
100023365544559
100036028205669
100024526448953
100034935555389
100035553708908
100034927042570
100027241609849
100028049535383
100029121975114
100028369309616
100010784946879
100036162062763
100004841748791
100015375932667
100035920111929
100028507681484
100030061278105
100028130881775
100023954644178
100024209670796
100010962120303
100031451135320
100034925661891
100023720970140
100016247857172
100030369069819
100014990491388
100025194834155
100010756953120
100025100613302
100027833031189
100035410352163
100036127535570
100035412831081
100012852105283
100036301993342
100032312561400
100035991470884
100014304660313
100010761408856
100013603515030
100029855265709
100034522330463
100035689932454
100019920668527
100024927091147
100036120227502
100013603480148
100023388559654
100036028536063
100020721103525
100002882517755
100015869940002
100023028467350
100029210116626
100034721424151
100033507789929
100031441441139
100026681087443
100031465938493
100032617870419
100033918843002
100035766378327
100035890717527
100034372164027
100010528594369
100033753981464
100021347690157
100027552435313
100035712038209
100035544937381
100009451527081
100034930126327
100035158785538
100035448092836
100015881925949
100033780870018
100028551154204
100015093728188
100035030716473
100035735778644
100025601801137
100035645612417
100034702511616
100034196752872
100006608852732
100028879324461
100035774689451
100031507550210
100034706298898
100035193922419
100022739899336
100035329725196
100036111755968
100028567622879
100033593584064
100029393723130
100035591620734
100004004757873
100035559092793
100022349043785
100035856811723
100034997853705
100035485451395
100015757860787
100005427933884
100035980290939
100033817190610
100035374842309
100035681565339
100035736021748
100034105100655
100028825637673
100003827094657
100035827200317
100004771204766
100035695042301
100010346403029
100035685392809
100035932582670
100033948183308
100014610481368
100014965157237
100035034486305
100011504263836
100015727185962
100028443590763
100035452238594
100035871368979
100023390117544
100024295025540
100035661950831
100021761205125
100020485410455
100011628965246
100031189451418
100035804494398
100035893570231
100035424893825
100016553435158
100035539332314
100027040741160
100027631536442
100024743690346
100009329827245
100030145757322
100008174917673
100035213056557
100035667812850
100004237118639
100034467223113
100035669207443
100016368095536
100035767146870
100035349984296
100035533143975
100023186972436
100035322340039
100035762913326
100033277939773
100035582602759
100026721906744
100036078671297
100025596438148
100035316990638
100030183198331
100035444663074
100035194431794
100035605551277
100026530390026
100035034369396
100034196920051
100006775427334
100035478903633
100035509093158
100035785044132
100035979372931
100034289656790
100035662594162
100026922510023
100013600350598
100015281793952
100035969791186
100031062405192
100034389366451
100035260578239
100035029132718
100002237124916
100017703631494
100031240663063
100035738376944
100034728723410
100012642968454
100030094997982
100035623773294
100027684124854
100035419072897
100035715931364
100027586873342
100023946192274
100035463879163
100035229514165
100023945861429
100035343733956
100034981336241
100029461116819
100034370051207
100032023506604
100014418399665
100031530334170
100009392513124
100031773939130
100027556938930
100032683060121
100033738474269
100027466722046
100027962688968
100021826684386
100016128707032
100023090762613
100024962850566
100035391609263
100035443901152
100035097372117
100029894414217
100035058132659
100034806463069
100024601115620
100029018191794
100025096323899
100028774627324
100004099868859
100035363805183
100023004974895
100035524639381
100035789087191
100010524259075
100034940830602
100030451163884
100035618269080
100034843921326
100034824798934
100009648283584
100032389790993
100035293234144
100031134380275
100035586440710
100035043609358
100035299664771
100035501596810
100024830710612
100029343637305
100024552845490
100035528862276
100015916176435
100035561060312
100035328254660
100026976751807
100024481782783
100004658988478
100013521335139
100016087622013
100015932434669
100016384304062
100033851207811
100021358173526
100009130326465
100032910342201
100015472148531
100035580705293
100035340515745
100034981361653
100027758135776
100020944543077
100029899426382
100009845297899
100028379353754
100034800368339
100034242305547
100035217802162
100034744784160
100014495916764
100034688628245
100035391495892
100011401174766
100029637905781
100035333351133
100034936403334
100034819103344
100016057740325
100031621815210
100012454236116
100034942325709
100025816998742
100014788771409
100034272622572
100016038159057
100031090428628
100023180450419
100035271110053
100016481019332
100013835042647
100033909973664
100035074951448
100034980010072
100034739591690
100030736501375
100034879478145
100035218959270
100034825726207
100031707541658
100035359663436
100016775943174
100016028498590
100033760363910
100035470923532
100032163904438
100035505013535
100035193888225
100024861042817
100035197034112
100011886169344
100034970962707
100009283410276
100033004551156
100030946365727
100033707780202
100035201680340
100034727360735
100034873781587
100035239125241
100015403453251
100029077087780
100035153220320
100034459082213
100035110563100
100032108832713
100035218141878
100034669029182
100035468679469
100026835138118
100035357419629
100035507675467
100034936428058
100035117553278
100035165123060
100035260401214
100034471724129
100033442321017
100033353796523
100032538455863
100013492721832
100034749306375
100035275456345
100035278728259
100011435406966
100026044876642
100000627591822
100035231424277
100013115919698
100033732244528
100033918169014
100023754764400
100035313033676
100034923322504
100021754175029
100034546367850
100034871103634
100029076048625
100035338669887
100027436763057
100033927662311
100029088642201
100026952587693
100034877251063
100010443918641
100026306599305
100005905174213
100034774104053
100035051880171
100016189356375
100012811328435
100023253081766
100032943463465
100034114083602
100026883528809
100034941288971
100034500554860
100034813331279
100028082257594
100035045627094
100030124368183
100034804191178
100027708828263
100014987083516
100035206601678
100023208344099
100035174721883
100034924935267
100035338350737
100035141071300
100022448839952
100031938666306
100031713695331
100034225874294
100034719531627
100034925333715
100031078362426
100023687994123
100034791353873
100027745771690
100034558354634
100035152056807
100023448907861
100034614437280
100009663643973
100034160190009
100035077670683
100029529452108
100035223093930
100016364237555
100028609298188
100034688824247
100033682982422
100035107327391
100035168290060
100008438592287
100025822372291
100027863404831
100034569902723
100031329259153
100032883542575
100034470500760
100032214669821
100007984060839
100034514601899
100034700980750
100026712652781
100034392364529
100030953565581
100033444093317
100034538265228
100026136994194
100032252706538
100034762175027
100034825301401
100034467403978
100034547822393
100034284199955
100034598832734
100026845400633
100034852788621
100033701142289
100034521741395
100034581392908
100030690382054
100034122619723
100034879815662
100029876567926
100034508838887
100034646256698
100030764662791
100034578882926
100032320681120
100022762898645
100034960801349
100033707182522
100012448868914
100034622535603
100034677935500
100034606817243
100029108318296
100031167949806
100034469797765
100034597484656
100034467913064
100034055135180
100034693565000
100031789216807
100026641425857
100034365679887
100029093830845
100034423626377
100013912385004
100034477813373
100034808195474
100034085208530
100034518994375
100034312973640
100028775474728
100034414965293
100034409687920
100014938479772
100034414277723
100029206568157
100034345222894
100028345694727
100034360098681
100034261746542
100027099516798
100034828740699
100024696831295
100023392440823
100015049812061
100034253587288
100034387847732
100028521911933
100034619618747
100034473201930
100034226243728
100013055981313
100032634915237
100013065811994
100029054898929
100033659415185
100034532382339
100033537591977
100034403599609
100004719917406
100034588652075
100013197339233
100034390013437
100034814010444
100034347499202
100034622526586
100034542489641
100031548013934
100034342207158
100014497484939
100034577347087
100034485097034
100034568977741
100034771507323
100032241494826
100033479674316
100034448994227
100034461973138
100014485754153
100029639887623
100034585354478
100033828482309
100029211531457
100034575105902
100034294904400
100030589092675
100031411612647
100034480261875
100018751542155
100029854511945
100034462173343
100003107081083
100034464046824
100034367840437
100003287436640
100029943740754
100034314999661
100014330915972
100033989928104
100028972622805
100013609774179
100027883902551
100034544311685
100032651197240
100034277363968
100034592500223
100033923001194
100028389753238
100034430058188
100028891957897
100025025703423
100028597474318
100034609620261
100030884251574
100033711979625
100034467993838
100027777274713
100032177223504
100029146729947
100033936572697
100033451506094
100033067111881
100025255425302
100027061065328
100034520047013
100027937782011
100034419225125
100034472765351
100034604778086
100006443438908
100023013196701
100004331851124
100014810626167
100020369707473
100022437429077
100034463444426
100022056870634
100034219247996
100033655607965
100034366068233
100033905040196
100033284261470
100034215941559
100034363591462
100030776859904
100034492254320
100033305742931
100022882273137
100034624479348
100034476420237
100027894885115
100029112576373
100034501516654
100034353424901
100033207223499
100030529903162
100026866778061
100034094550271
100034299532630
100026977993768
100034536369925
100025904373914
100033216157375
100016622643224
100034146167698
100034275393078
100034780112646
100033513106633
100014044187704
100028939177440
100034469648558
100015145836220
100034000727725
100013487913789
100033796822243
100034403049042
100034363309392
100034211535792
100033979240684
100034314797593
100033933582894
100027113651482
100034341180929
100024500796865
100034473874970
100034556113366
100023087051349
100034318247577
100034191640975
100034011219991
100028179853314
100005232135302
100034121597851
100034000849501
100034412730957
100010973252802
100034111252049
100034346718558
100006914983474
100033641854299
100023065341156
100026797457703
100033726106805
100022339487402
100034473857600
100027652060713
100032272308594
100034370114250
100034380872473
100030459556243
100013453805375
100034386551115
100034541684504
100028143524660
100034497764343
100033968573313
100025770024350
100034285632939
100034318159174
100029703826288
100030870094521
100025258964676
100023534063756
100028005760262
100034457171033
100028953993741
100033457672471
100027886517268
100034395591030
100030681264102
100027987827977
100033852077335
100032783823746
100033507364310
100034221323707
100032489864291
100020617665243
100010241140075
100034214300541
100033902357864
100031311726785
100033854654482
100033654883573
100034471878132
100026475402394
100022750067141
100033658150201
100032058731539
100022975875542
100025717537178
100034616798672
100028411899617
100025597236766
100034114423958
100028378271954
100031840215704
100034104800523
100004807591630
100033473292980
100031530217552
100034716360264
100034230951918
100026711253064
100034689062071
100031270172500
100033583103217
100018068430131
100033646066642
100027469757851
100010576390980
100034088631422
100030392196521
100034536309479
100034552685951
100034668273841
100034709881177
100034285541178
100033852918117
100028926661213
100033958314155
100000216791316
100030675630121
100034402214266
100027635644143
100034204484556
100034224852629
100013962134146
100032984498897
100034662060150
100034367191669
100026502706306
100034196809370
100033899448972
100033869362295
100014284472687
100011174380881
100026158295447
100008949913515
100008429987150
100030588854697
100034673640482
100029206894923
100034413450996
100034542308340
100028588987835
100034655523885
100004236737574
100034230750247
100034473333238
100015030971801
100023205245592
100031584462670
100028434880743
100034388463457
100034252276783
100030406667375
100024791034269
100034163680061
100029865049691
100034519590005
100026382982692
100033839540361
100031262029502
100032744079913
100027965281372
100034237280106
100008130242084
100033345005087
100034165904268
100027285064713
100034435803665
100033059270827
100031591478133
100029804016116
100028176887589
100004241323135
100031301100911
100031178581714
100030342953794
100034218202798
100028141413547
100034306004597
100014141888223
100033909502251
100028172100389
100011062966159
100033305432359
100023819100104
100030416372924
100023875178300
100029345955865
100033756317416
100033857032625
100024053109748
100033101059599
100029043425375
100022712139118
100028234989363
100034143302906
100030011406397
100026122266381
100033097579623
100031225373167
100031225837247
100034337431451
100028408760918
100023041959481
100025055191605
100028324070114
100033460753553
100017010109232
100034407662220
100034332911858
100032376751699
100033898051668
100028203950316
100033557090374
100034182106482
100033965956103
100034149982838
100034193657608
100022059398078
100034104880501
100031511321568
100023621766879
100024924202596
100034242248135
100034235680541
100009875116702
100011548607965
100028161513279
100030661120228
100033599049507
100027349628851
100034118919405
100033472309828
100004432847773
100029599687632
100033438216074
100033885642448
100034150119512
100033556681661
100021625839235
100002376332474
100031543252120
100034247261331
100034026203170
100034222454440
100004024126748
100023147220359
100030715936556
100000753671937
100022192871548
100026305880804
100031818320172
100029724092719
100033574100968
100031699907804
100027099849054
100034051312573
100028731525119
100030259721609
100034244556976
100028521840891
100028282470485
100033713211487
100033970724784
100033908527382
100033186290790
100033412583795
100029454376611
100026529812644
100031654753136
100033210280823
100009185243583
100022385208841
100033342171493
100033107962092
100034115205866
100032639273995
100033304963506
100034117209428
100033250883498
100030153070999
100034099728396
100031229533346
100031628145104
100023946102531
100034000634736
100030553474892
100034212790029
100027323896581
100033768871927
100033394246472
100005172245391
100031729151295
100027647497312
100032563154485
100023136665486
100022525424907
100030804003578
100034187858903
100009908293003
100028270688498
100024002972816
100034349430177
100034339170799
100027347803122
100026325191993
100012758914521
100027686648613
100026801267954
100030168096243
100033555877082
100028903210077
100034096096543
100034275034858
100025709151646
100032878631831
100032720779007
100029745275145
100027503567169
100033404440575
100033009294350
100032733947910
100034117424174
100034296032414
100027181625139
100030504071135
100029138735548
100032458837828
100026683720650
100004653812827
100033484190761
100034106504264
100034074226237
100034296181821
100028297399034
100009400111464
100027856925653
100033996730667
100034224636185
100033885370266
100003083279387
100033716480753
100034114303346
100021811662292
100032621880182
100033960802435
100027089780402
100034263002522
100034060995432
100021948199612
100022212221804
100033679818564
100027638769373
100032590860439
100024691253103
100023550347217
100028389662892
100027107431405
100010107284256
100031159452938
100015443145756
100028924311777
100033558772359
100029323233329
100025962321833
100032417772937
100025807042040
100032460848295
100026912959463
100027631892985
100021965298534
100007813683047
100033718967653
100012777097086
100027520275441
100013548852979
100030659746352
100034192834724
100031395722978
100034073199218
100033525470185
100033296060458
100030311925193
100004042692754
100030709023232
100030245340908
100033999333744
100034168380050
100033737032955
100034023072980
100024314272538
100022017723538
100023703128885
100033668723867
100033919393700
100028870003212
100033083451614
100030059281137
100032080940292
100026323546660
100033521495756
100034013353928
100034013353724
100015932558989
100032369382248
100033407118597
100015249941418
100033456798209
100032356758191
100032148225736
100029746865474
100025115413439
100012069763618
100032832788467
100033925397477
100027745234294
100030058831487
100033680730614
100032813723523
100027743055073
100015788989050
100033991243131
100024410143166
100009446026715
100033146315770
100031046059377
100033313176675
100032294987788
100028034421430
100022336063443
100012043547944
100013057650610
100033142246350
100022444337516
100033861873686
100034048471163
100033949650732
100033819081555
100033069672224
100004651395351
100033622698679
100032234107146
100033401661869
100032877757128
100023991283106
100024503783900
100032017097385
100030030172396
100025925851949
100033141039123
100015245988903
100026996250437
100033971674080
100020731244561
100033859054026
100033950555839
100033798257759
100026741511057
100022114263771
100033611602917
100032066003388
100022225475563
100033563064280
100026628554022
100006515682269
100033794834741
100028806674026
100030726164594
100027419265767
100014464724915
100034012171414
100027351346205
100032086366976
100014661734069
100022351762441
100033555360372
100010504291543
100033763397869
100015414940156
100024970486718
100033672139023
100031564962763
100033909216311
100029624613946
100010975214330
100028544058466
100011301667932
100033509513868
100022632666579
100003637756458
100033966094724
100011360135386
100034024111274
100029594182889
100030586242982
100033874420906
100026485037495
100027894903790
100027204727020
100028333397181
100013274824985
100012361927827
100033256654627
100033862451921
100020555052194
100023827064089
100029543472805
100033667312970
100016074696607
100030512687409
100033670582631
100024041087285
100007006726766
100032730372152
100033262991414
100009474267227
100033568044116
100010631316559
100033591789586
100001533369932
100012623685130
100028299033770
100024928574059
100033713135623
100033718010995
100033675292263
100028218912892
100012156696579
100024883380105
100033947975869
100030631275377
100033623945590
100001706125168
100011241704749
100017128981647
100027081153289
100003731310516
100033815250967
100033708170986
100009185039264
100030407291893
100001881641037
100028396132558
100030397100874
100033347884064
100030471084247
100033786705117
100005961248341
100008440758505
100026782364236
100023581004732
100003109323435
100030450653394
100027987009390
100016873142630
100032296592287
100019436137832
100015827469897
100004286371991
100024064869636
100030479615886
100021570276463
100015033913996
100002267495092
100011818002378
100031361765928
100004193052195
100032302553469
100033472159851
100007687904786
100021714811922
100024127206839
100028354870200
100030845708039
100031725949783
100032223584577
100033819643314
100031184795423
100025350622637
100032929487861
100029274455595
100026700360252
100030838742613
100026703795357
100033797979348
100031942699928
100033819283085
100022007509513
100012797114328
100014894348233
100027535187400
100031735426033
100023318537717
100033493459291
100026485098751
100033508950483
100024936378541
100033377358659
100021730820617
100012580897468
100025172012415
100018935503263
100000978395370
100033714049310
100033700129649
100012686011938
100030823809894
100026498327275
100033505303541
100031176601101
100033619911182
100014527685906
100021812032188
100033604613949
100022509673030
100033263381715
100033584682752
100028945928195
100033826002233
100029301383851
100033589297517
100033990391228
100010283146432
100031137668667
100031776316856
100022429404314
100033865419532
100033869019632
100033709159126
100027554463604
100006230714751
100009772990802
100030909050988
100026761751542
100017148461434
100009428087758
100017899575911
100032508998004
100032784878130
100020047952394
100006669248192
100008845412410
100033948722007
100031818014267
100031411934410
100010471237665
100030729841547
100031534998164
100028674395370
100027182720097
100027729103695
100028536562084
100030338131811
100022776952503
100033633233789
100033723183265
100033640777180
100033541513174
100003573971352
100032921183468
100031215347437
100018589985553
100025803066578
100007002583416
100033746711952
100018864670756
100033950192112
100033637313095
100019947166254
100033337984786
100024428492675
100033902464233
100005838213160
100032367923416
100033611136287
100033528363999
100027228434647
100012465428298
100022801395599
100027386349846
100033492068308
100033510135047
100033764946610
100033635362792
100019049651836
100023556455138
100015183100522
100033377470114
100033757934221
100033964080367
100014984132926
100027296232213
100005194639325
100009228944837
100027983915624
100033744815402
100022602020071
100033146650966
100024760583528
100029360317483
100024635743955
100004345927851
100031633102510
100027923056559
100015257560734
100031781318622
100033669617384
100033335865773
100017659603203
100023079545937
100007642272477
100025144505888
100030445583109
100023260474867
100028046411716
100008759612747
100029296190838
100033605301418
100018283451436
100028514503048
100033673364956
100032242492172
100029242746623
100033828068525
100015715293535
100033790240037
100033715423893
100032905613445
100032910681447
100031019542760
100001219449651
100033834067770
100029152116180
100033707295601
100029884162648
100024562821688
100029622663754
100002956061588
100029681585081
100022623541289
100032745752148
100028815042292
100033385067054
100032738465145
100033896730180
100032623394999
100027579503101
100033236631329
100032780302956
100025841346982
100033742962460
100033713233976
100033720223790
100033406281904
100024565660203
100033463416550
100021848769511
100029910373984
100033354424575
100019733536657
100033178599861
100026682344662
100033759661425
100004194670157
100032434866383
100033578572787
100028830075253
100024582344991
100031242769796
100007778080736
100031638382137
100033716171261
100007974707458
100033563002794
100027420320851
100009355820510
100004874078450
100028151926554
100033195363599
100033817895639
100029867773469
100030228904284
100029574891220
100033119716727
100026771882022
100025846913494
100002257957261
100030491621279
100033563722266
100026856133043
100033340570456
100023429960630
100015767382880
100033724955548
100017629331035
100032298403715
100033237275494
100023328978964
100032219689275
100025585146690
100023782068308
100021652393256
100033628875823
100016915892418
100006365232076
100019452396313
100007475040781
100033126889335
100014596803537
100016803703576
100032559621589
100028458589322
100018658208218
100014686961949
100030218941625
100032185358379
100027112261497
100032379932657
100032658668967
100032535202317
100033292412195
100030920200297
100029371755098
100032604040480
100010465336441
100033639211758
100032966570894
100032004750350
100030686259668
100033134520454
100017852444350
100013891389118
100007857420562
100026251235427
100033582664742
100032763167161
100017002383669
100032221443813
100027917299500
100030586025591
100031060731384
100030841515583
100028391911757
100029688980457
100029849868336
100032935660810
100027473044752
100029192947492
100032340593783
100033203746443
100033187220287
100029208436427
100031585822625
100025410979384
100006059972594
100017241034652
100026851941055
100032642899509
100024382724242
100032425271158
100033376581744
100032796590143
100028733650790
100031034675911
100021127782436
100012144844152
100033395706673
100033504739337
100033678156460
100033719824802
100018416350367
100033339555489
100031079523379
100026364499816
100033057131460
100033076690187
100029302421793
100031497620843
100021453891102
100033424912735
100024431112249
100033463624526
100026645925426
100031470485247
100021864630369
100032915932328
100005137655173
100033268007874
100033466369805
100025264627109
100033245679941
100030013900928
100031477187015
100031363811304
100028077048340
100032791141530
100030345428394
100031738327348
100032695367813
100033175087463
100033522912393
100033721321617
100029403241409
100012275645861
100030150317418
100015923258867
100026543075022
100027655463888
100030097082806
100033495764288
100026184972040
100033554142825
100033420621010
100033658776083
100030876002445
100024499636841
100029842641560
100032122931116
100033474911300
100007517132626
100032541857273
100032506122932
100031321010701
100033330078293
100001752439313
100026126510374
100030945473007
100011185508895
100031063246005
100033061267986
100023227492881
100033237870322
100032859483159
100031463880788
100032243472895
100033205382192
100033203596356
100033064787648
100026610157316
100032391969375
100014673545477
100033163786261
100030903526968
100004654755254
100033275166385
100032318557423
100027609944979
100027563438555
100030774151334
100033080047337
100013594425271
100016548103695
100032831387175
100029582709714
100013336518232
100032940546708
100033060407736
100033215160705
100033101823218
100032927748546
100033074863307
100033134497270
100032428240979
100027389230192
100033034281263
100030916520185
100031093122141
100032037304246
100026740062584
100028913389896
100033262801819
100027452735875
100027219570778
100033112266241
100027733299770
100030852891685
100008885353603
100022646950984
100032838423701
100030896235608
100025756808209
100028791829185
100029919527923
100028320883267
100025533765839
100033168252618
100033311281139
100032905864940
100031173193881
100032871623417
100030427368611
100032921056259
100033006617282
100031226820463
100031300988947
100031323007170
100009725713659
100031974343869
100005671770174
100029044880793
100032946882685
100031219521902
100028141642864
100028124690335
100033272641092
100031442048403
100032820352220
100032576581411
100032966685050
100032031584850
100032808851649
100033086261711
100030498394551
100033142172250
100027945940390
100028963131946
100025272917265
100029361653912
100022782011694
100028272279635
100013738456905
100023129177510
100028457632936
100012859808884
100023992760125
100022907710180
100030173572862
100032527892317
100031587974815
100028745790743
100033076933459
100033097301445
100033218523095
100009328062002
100030700000808
100029503850994
100029103316243
100026924438671
100031182785770
100028483920880
100031634229203
100018136385871
100030170533673
100024011447953
100023466795679
100029810356390
100031796970357
100022063215258
100030949610908
100031711322579
100023651090776
100022445777612
100011758694322
100027434611852
100023854731394
100028192662884
100022529740848
100025704406912
100025121581903
100031169735402
