100036765015587
100036996191132
100034312481324
100035541901659
100013040344713
100022257711170
100034176547341
100037952029639
100038002607121
100038026718963
100038127999250
100029033123239
100034318781391
100027492543109
100035280754622
100037953249269
100035798289005
100036510162688
100022061978663
100037842917175
100034708659848
100034808562563
100033644144316
100027795215124
100031678666231
100031540850793
100034635121111
100032523366800
100027761627113
100034522454623
100037361393240
100036635924197
100027133697646
100034751010595
100037957353432
100037644253968
100037087863483
100037717431663
100020440574829
100030659750647
100033702653034
100035995692545
100037634362462
100035822388063
100037067472280
100016102903506
100037426458135
100036992386249
100035227389454
100025344046753
100034661259002
100016446677528
100037968305819
100036138480126
100029119816466
100035682441861
100034392277696
100037801065300
100036301782728
100030267630346
100037290660720
100033947866291
100036046483325
100020855423656
100035670349975
100025473720290
100036951573863
100025692644098
100022746105595
100037706191269
100035292343864
100028498441596
100037045869652
100037227302015
100037471057935
100035006079559
100035475192038
100037732261049
100035088008871
100035314861027
100028125162003
100035998310248
100023531213105
100024738073580
100023292071482
100037360780233
100037100182258
100037700799683
100031648026338
100032789649107
100037037895570
100037571392922
100037597247618
100037726388000
100035334940237
100024248461259
100035068903851
100028352710214
100031405631699
100023255596775
100036679121523
100034494771194
100014406138211
100030126107435
100034285741772
100033648884886
100035355137950
100030523638880
100034223777358
100034438853030
100028523343213
100037750922666
100035431920274
100006080135911
100033818033930
100034811348139
100031633698356
100037431545950
100036628576274
100036044466883
100030240071782
100034041995996
100028516843852
100037453128961
100035386789499
100015473920889
100037661525531
100029833262601
100009575298965
100034361618080
100035651494184
100036721530876
100003850976476
100035779397268
100035380549955
100000286645017
100005122487579
100011095890156
100037299844067
100029313497336
100026686114263
100037563810042
100035638014255
100037135238757
100034429523072
100036902506575
100036641113843
100035668641013
100034308593103
100023918448300
100036524762626
100030583821172
100032863360782
100030512911423
100028266602052
100034711865428
100037540690174
100016094610669
100037348712779
100033602976668
100037171252133
100037212112409
100037320912431
100037556737032
100035393588882
100032886409950
100035882529443
100034058657802
100037298400182
100025593405190
100030222233759
100035473327045
100036191746170
100028394767148
100037117267378
100037190444416
100030375067332
100033648280091
100037509365173
100037517167191
100036714750167
100035500208620
100037272705006
100037292376014
100036639943426
100035874455542
100036396977056
100014901182322
100032908840414
100037299339894
100037270605586
100037488967364
100035784077151
100036350176254
100006532996159
100027081074305
100037264461568
100035213137502
100035104641711
100036600844510
100037153728005
100037480831270
100036874669232
100035397601455
100024277881867
100037122889051
100036747549846
100035867690098
100036026655643
100035164819633
100037352016060
100032259046846
100034468301801
100034845849350
100036513938820
100028267273221
100036902180719
100028391721068
100036288433779
100032366112782
100027754339612
100035734193323
100036951228740
100035587651903
100035880428122
100036407417995
100037087760102
100037163453946
100037199293956
100035501683696
100034566250755
100035278058257
100031910371077
100036815741063
100034424175669
100032810135974
100026969417047
100033472776672
100007909983452
100025347101557
100022728887385
100036807406935
100028772093605
100024305590736
100034083523575
100036833237003
100035520725735
100036297920683
100035147565622
100034966493798
100036894252932
100030981103259
100025110210266
100036108530625
100037425666091
100032297750118
100016263377883
100026894650536
100027288031185
100027120917682
100035787458022
100036367250902
100035410598241
100034972085244
100028276845114
100035385812953
100036348810027
100037009217136
100036008062682
100036790641024
100033289789018
100030188614560
100019258241894
100036027150696
100031448553112
100029283167918
100036825995248
100036425954093
100024152016274
100028274160925
100037329397023
100032990410576
100037254423005
100023710263208
100030108218541
100035527716891
100024946908293
100035218427784
100036920020606
100033603790831
100027094803740
100032423081301
100036956029453
100030816850622
100023055661904
100035391996431
100033791980482
100024202600898
100037315172628
100006256026606
100014952935362
100027294527785
100031271433062
100036266201060
100035765763170
100023957812712
100037142209554
100027482711318
100026587036893
100030747141883
100036232761853
100037181375533
100037219090912
100037269693838
100032925891915
100031359860063
100014721662089
100034173557388
100036263743058
100035857323490
100036842145791
100036041692002
100029423082777
100030149588901
100028706951142
100032499514219
100029057182035
100034807130239
100034866103562
100036480046040
100036103848775
100009626445649
100037196255387
100034983469227
100037316673722
100028083966466
100034690061035
100034931274126
100035208530704
100013443671903
100026307472366
100034515255297
100034912804288
100036122822024
100025715111615
100014492801483
100025971960619
100028180969821
100036720794379
100036969546064
100022783142716
100033970710524
100021990937949
100034439046434
100036247204044
100029065770251
100027673718519
100033452853499
100034219731775
100035838846274
100037016580854
100035494516403
100037044367776
100025964661121
100035873120776
100035560965684
100036572431404
100035008341220
100028178353290
100034401046721
100026589891841
100035671186255
100017245816270
100036816758040
100030025670900
100031243267037
100034853881118
100033821152718
100032076156197
100036423367134
100035292935464
100022242944656
100018887401161
100028271183318
100031696820124
100034601855285
100035601667244
100032819934188
100030896869625
100026937409264
100035742272464
100036853570593
100036886162730
100009730360618
100027769579465
100036655981580
100034881411485
100034348972358
100036919787957
100025860861361
100030074774839
100030243879492
100035678463012
100035883708004
100013479042007
100029821775132
100032647550213
100023619909474
100034353288985
100036803266320
100029100919259
100027557012098
100030780917977
100024465660245
100031380361039
100035909058939
100036411432258
100034219950307
100033574425962
100035815900999
100035937892346
100036915990819
100029134082715
100026058320864
100023333469403
100037114204859
100034047345787
100035030374354
100024836807232
100035729529204
100036324943264
100031156322375
100026709665280
100035454516659
100022921862357
100035710365318
100028452453254
100027439972494
100036875003755
100033812563494
100027709035133
100026607068998
100024577453728
100012514119704
100009676216873
100028440413632
100034470407159
100034092068596
100036760410725
100036886673007
100036900433374
100023404183714
100036577064545
100031576450481
100013839514117
100026052152614
100037046473318
100009410014984
100037213684035
100026665398123
100035163588232
100028637624082
100015834093674
100035173680825
100035099537493
100026834280081
100025968159096
100036381852886
100035568975657
100036546674013
100024715342466
100012871681561
100036801049069
100012368117054
100022010451215
100036624167962
100036418747667
100030589161101
100006098343116
100030233474307
100019181899108
100036680796700
100036869770966
100036781041049
100036895063232
100001334244211
100034488101717
100033717281484
100036727500543
100036972311784
100030381547155
100035032482341
100034968584267
100021773632500
100036753721080
100037125426765
100024237000993
100035232894316
100025966451493
100021778534992
100034852011006
100034930420304
100017766874916
100035339232598
100033016441993
100033582420332
100036282391279
100029355906015
100010104401776
100036851838854
100036028882620
100035278636460
100026146471353
100034749283451
100028968243554
100032909026952
100035031619816
100036439909328
100032944699584
100034395936251
100013780637520
100036635268133
100036904597485
100035334276412
100034898073085
100025082811975
100036877989729
100035491425243
100036970805724
100036655659652
100015239136184
100033320296667
100036315343828
100035019891400
100031718124111
100034435124583
100032356755576
100035701416074
100036677355858
100035816103573
100025154017326
100033554348486
100022346016593
100028147141978
100016090627235
100035304576363
100037044842595
100035680430780
100034406685809
100036186723376
100034801628268
100035209080642
100025922040016
100035484953028
100029512477539
100014162054460
100022140720297
100036870199559
100035322799312
100028233141727
100025230218013
100033892072603
100036963674083
100036902915993
100027984581342
100031163657583
100031523980420
100036860651360
100021335140123
100034806113948
100036830467361
100036539971953
100032788327944
100032072417414
100035606705584
100024409381093
100033782040021
100027728858777
100030736003916
100022015340082
100032939376402
100036776164494
100036285393942
100026402385226
100036420875267
100028170287164
100034586802781
100036974550139
100034856413092
100028220089033
100035024044544
100037025166450
100036902594014
100036821590932
100031314757465
100028776691572
100034639693200
100035930131275
100026127821952
100031223298013
100036031385588
100036574479188
100032631891880
100035412264337
100006689883585
100035864168972
100037121580502
100029799182778
100033150158758
100027891738997
100034579329132
100012817876392
100009389669044
100022553810674
100034424694322
100026736842689
100034473171913
100035905894262
100029514917148
100031846792089
100033302927382
100022939806213
100022904556271
100021931233573
100035016948457
100035402760184
100035219118530
100034648933838
100016128948809
100028831270748
100035330914125
100030214403516
100036565995936
100030617987112
100035347610116
100036035855788
100033806505359
100035345313838
100026953085128
100017903741305
100019781103106
100036941377944
100035805854827
100028083393956
100022024441779
100029086732470
100036006921043
100035543508781
100035299102907
100026850064549
100036788224497
100035490875059
100035079519291
100035232307817
100030169282203
100013239789586
100036594997675
100027132243062
100032248936571
100033195515167
100034843088733
100036426733286
100030890243212
100036575963074
100035710008232
100022216252940
100025321700396
100034459613174
100034705387028
100036567634692
100035052781958
100035766154474
100035290673217
100001862682289
100023198180628
100023226007967
100028997612837
100032870692287
100025343240577
100036596871595
100035808072045
100022432447400
100034321984099
100033246825559
100034439423385
100033312946729
100022979704670
100026991701003
100035017989167
100035374838740
100034488373976
100036627134722
100033767535854
100009150371251
100032911353746
100033693470314
100030543319657
100030680286762
100036723222929
100030634461646
100036724246297
100033765541087
100031399703592
100019443334966
100018233825579
100028746850997
100034111595442
100032720924102
100036130900861
100028236171929
100028057787590
100036132854991
100036333943308
100036278326395
100036611589027
100035441985058
100004192866783
100027040746931
100035254334968
100035181288658
100031930293835
100035700141507
100027410019972
100022502888148
100033874935058
100035069923651
100018022656806
100036567643278
100032755204050
100034180340089
100035997292040
100032109230521
100035790827489
100034040479368
100034692764674
100028172478581
100036694184967
100035644362369
100023375866782
100035778515976
100035648444229
100035821240922
100036836193642
100031957808375
100035466189452
100034468033596
100027089781505
100033773976111
100036073141085
100026987203226
100015760576648
100022584225330
100036524552521
100036337161326
100035477205435
100030601415737
100036398568968
100025532922154
100035254201542
100036579020290
100024798616744
100034856886847
100022391836402
100026839238076
100036623717957
100027945610229
100025199319333
100009393527686
100013365786892
100035944831939
100036118748623
100035453796370
100034410037101
100036570584396
100013842996107
100028219628219
100036115697734
100035632600134
100011889978036
100034867731302
100026236981307
100033990451531
100031092127097
100036716107581
100033264090503
100033764220603
100034798243273
100036144052637
100033737670766
100030832162531
100022638510105
100036488601617
100034652692780
100028168423632
100015279577133
100031022072153
100035552140754
100002023910278
100028276531576
100034742283409
100002309544188
100034116384263
100027218416778
100004460460264
100018064955076
100035553665788
100034430855747
100034605789915
100030166087486
100034386922620
100033752655970
100023969296268
100033540534228
100029216896575
100032249496792
100035791390316
100029718345105
100035158386782
100035809091482
100034693721138
100022061567500
100032795436485
100024980917481
100035075947383
100023217541350
100035165865069
100036328038150
100036080739460
100030076416718
100035927529003
100028728732364
100036445244716
100031940195773
100035911262045
100035313611152
100036454051697
100035965096642
100035223185523
100027625245962
100036625836498
100021804165295
100030552061588
100034031494279
100035026995666
100013741503014
100018078663594
100028728001542
100025697271858
100032903714861
100022962186858
100029271310573
100034470396072
100036368632399
100036383598679
100035682442126
100023979284524
100034843698562
100030905115192
100035948085359
100036036720176
100026688169464
100032931670992
100033896478994
100028075128544
100035582355596
100034971073949
100035822601812
100034113983779
100036147910873
100035944903090
100014525837131
100034924051081
100036271114802
100035268490261
100033103387376
100031885207033
100025811283410
100035358757767
100015552668691
100034914423250
100034244371529
100035837655269
100027148877079
100031362734602
100031572969676
100036500713125
100034672869410
100031318427154
100036352219486
100035430824757
100035949380009
100025108145637
100032845248522
100035415248307
100032621903097
100031561353081
100035839926894
100033498514518
100027990382643
100036454122415
100028241070223
100036661504849
100034151196633
100025605040396
100034794708475
100035805171664
100035931303384
100023279266568
100036261172014
100027322384232
100034230704908
100023914750443
100035260999174
100033743407050
100023115903227
100035835546701
100031095211822
100034736850009
100023906446580
100027992570080
100017960715621
100029428861034
100027656220327
100028179690317
100022071078155
100036206481680
100035695426625
100035265000264
100036265997834
100036244521192
100036113942370
100033447466732
100036620471923
100028613077734
100034453682088
100031069755309
100036706055855
100036244484280
100032754142045
100035690349734
100031330240202
100025048841941
100030513431357
100036421061098
100035610765032
100019109089144
100035452501879
100030782986111
100034669598170
100029802339031
100023287753256
100025103805173
100029109152358
100033822371157
100034195992661
100036418330179
100035804736683
100033660243907
100026941812095
100036541063144
100036236029098
100014148031743
100035341950726
100013615900033
100023496401107
100012019005920
100015951554745
100033361839261
100036540760898
100027736620706
100023559977147
100035777010183
100028025165626
100036737341619
100036424762496
100033209953004
100034930388388
100026333506929
100034115205992
100035696779179
100035558450042
100031951950729
100018696971916
100036444287576
100036545169956
100033402077517
100031406234139
100035816980793
100036580960663
100029428784570
100036126497386
100036573250521
100036453043378
100035229331660
100025204223873
100034434469652
100036527833278
100036616026418
100035957782125
100035956938132
100035236551586
100023035205360
100034272588882
100036355762797
100023507057370
100030959673487
100031937828368
100029175930392
100033369733001
100011062332096
100036289909857
100009916247568
100034966687078
100034326256686
100028064000658
100034414523737
100035718187691
100036198143599
100009365816624
100025287960301
100034864538616
100035549313850
100035455724348
100034495621801
100035420304277
100035170893532
100030037423323
100032142181471
100023099329017
100019003684915
100033554534554
100027873001907
100013583412817
100030553152392
100031075369592
100024900393671
100008720265820
100028930986408
100000725015217
100029018805498
100007553649766
100026474531644
100023826675773
100027707560680
100028939001243
100033637899159
100023735152516
100031101706472
100036179046243
100015061084976
100025722873179
100015014596132
100015198018579
100033752131600
100024528242774
100017293590865
100036132939729
100035788852560
100027048913909
100027722240427
100035525621242
100036183810586
100035777685409
100036125707448
100033603259071
100032165273128
100030718455048
100000080172844
100036088272347
100021601089760
100035959099854
100035462102117
100035748767971
100034668258594
100035267138532
100026265893792
100035609983847
100028988850420
100035975989056
100011465242926
100033702917717
100035316983613
100011053814671
100034689882924
100001704486033
100036071143355
100033311446569
100036094631569
100035410832013
100035845414003
100036040485861
100031657231976
100031241824659
100033716394050
100034629201791
100034038852402
100035824177015
100035009120253
100034628266820
100033808998824
100035431875209
100028399572796
100036160562105
100029570410530
100034430972312
100036183573763
100034678980402
100036227970111
100036051361898
100035920849540
100033937553312
100035762025682
100032588797279
100036177840337
100035084722446
100035088635234
100035490677330
100035861473401
100035476279995
100034239221693
100035675945308
100013124081742
100027344409682
100033799900339
100035875461751
100035894509632
100036135215855
100027447793052
100027908025456
100034423641187
100003720617120
100032472427921
100033185512217
100035349738554
100033047301731
100011463754969
100030271601553
100035385109182
100035743516497
100036028771487
100034477841796
100036065798365
100029409189334
100035980275314
100036115567655
100036164494105
100018130176753
100034968709059
100034716194659
100035623400455
100028474181012
100035457496257
100035240721795
100035798928553
100036029795332
100034619230030
100034842546062
100035656670830
100034136663112
100029349630109
100028393600700
100027757934777
100025469010623
100034691962378
100035706559537
100028658033982
100035765744522
100035312566031
100035537813925
100035495544208
100033731023240
100027173492975
100035877993417
100027471314184
100035102091774
100025720416472
100024933401261
100033770507685
100030007005376
100029263333539
100034910813947
100035356599007
100035358304685
100035606392155
100035719370155
100035973930722
100032864133421
100027607966571
100035482247229
100028798172046
100013433709541
100023305032597
100034389668498
100033895984414
100028799535560
100029447555481
100028327474414
100027560825705
100033862190808
100034938412075
100019616655246
100033781028508
100034400963409
100017970221884
100025315545958
100028182571449
100031147395353
100035251000481
100035656822208
100035027075162
100033738318512
100025822881314
100022327326358
100035616894268
100035634502920
100035720386923
100035915761620
100034521138436
100031917991798
100028602849589
100034859448334
100026932249835
100030472118840
100035624483444
100035738836096
100035780233382
100035800031965
100035175855591
100034462220861
100035740035801
100035197123021
100028450043880
100034734935767
100035787722818
100035820155554
100014322247416
100029559136726
100017388370672
100035673768213
100035755021992
100035269727350
100033985872926
100031320195257
100027109099615
100030640575799
100027473733154
100016957773800
100032843512288
100029592672899
100029714799945
100035566941887
100024984682395
100035118401150
100035612390768
100035847095876
100034665141285
100030814368165
100008977124970
100023778271270
100035380820565
100029300407877
100021970502274
100034634273057
100035588794555
100021168441480
100029885119451
100033871744053
100022193820591
100035738473119
100022488660449
100028843190309
100035730513325
100029831118983
100034706500461
100035504243606
100035767059584
100031231382616
100033738160040
100034995130078
100035710064280
100035625675914
100035678325632
100035752150590
100035833385183
100026974283402
100035006527063
100034769416069
100035555074495
100022696163145
100035578718927
100032896200105
100034468061249
100035551703922
100035214992154
100023209268675
100012752509322
100031882643296
100035571322440
100004925252490
100026141401661
100032037280200
100015897813116
100021545329616
100034821063027
100034766373529
100017747285935
100034126883921
100035722569290
100034097992657
100035739071049
100034135383985
100035731781106
100035643130169
100033816511660
100024023769840
100035566546528
100002575994706
100034302323066
100034535868129
100034953229031
100005124360541
100029447853301
100034295896438
100035620026555
100034660635237
100035591028661
100035707690994
100035778216307
100031436869496
100035449724823
100032792340505
100014239085647
100033566012114
100010006986262
100035529831158
100030803135165
100033466712790
100034706714380
100035597175949
100019458402224
100034697856440
100035586435375
100019765937499
100035071907296
100029111894373
100024364882192
100026711583684
100035696348862
100030545173022
100035651310007
100021140016780
100034514469777
100035708615463
100032866320852
100034219063459
100035512609185
100029267946052
100028053402915
100025870010156
100010551077217
100033706773543
100034838352406
100035572363912
100018404685616
100029739800060
100022431360300
100011404834854
100033985591299
100023547033366
100028305636494
100013688077411
100028286231407
100034577893984
100035322831349
100034397722533
100026839760400
100003271867624
100034254553550
100026458161338
100006121303882
100033728504396
100034812781657
100035415575643
100034309569376
100032967533877
100031967537065
100035566959401
100034588755784
100023462002858
100034026490436
100034379475857
100025760587779
100023918403099
100028913948678
100030272453017
100035467268022
100033452770427
100034509819238
100021620591057
100035234163176
100029080370283
100035496330843
100028684570781
100028619461607
100032390235152
100026361661869
100032573744452
100035131396241
100033266420767
100035029391658
100028070382493
100034347004834
100023753422408
100009514938399
100028537644054
100034087337764
100027771863512
100034185000548
100029130575124
100035339950195
100033696292161
