100038510132567
100034651776024
1230075749
100015387186172
100037737441974
100031789780187
100038442096299
100036705172059
100029740191984
100032619083568
100034434288800
100029361470143
100036573099923
100013118923134
100026788215793
100027819824041
100036058276767
100036396511307
100035085484799
100022451057209
100023443272730
100038158911566
100038161929259
100038202470088
100038211020378
100038223817991
100038306024341
100038374121819
100025715283784
100035509071441
100009246566805
100037386082867
100036860723084
100038022195528
100037753371216
100032681927852
100028574803863
100031456864302
100032433437335
100036169565489
100010649324521
100029080504886
100034618898232
100034981440899
100034841984230
100027542507646
100035210958339
100021484667614
100036930606222
100036920621126
100033975211524
100037972928300
100038293726950
100038370540169
100038458683269
100029979222831
100037900416394
100034830554586
100036343417459
100038184632700
100034636928794
100028233713986
100010324898994
100038312626229
100038354563058
100038360052708
100038427127691
100038440686249
100037007777766
100038040248576
100009854109348
100033059321151
100031426851322
100038378980590
100036744824422
100036093796742
100038426017813
100037984007954
100037255964689
100037157295647
100029056245913
100036716978636
100032063595562
100037833850751
100034451872093
100013403171367
100013137731549
100035456704893
100038402947930
100038311803526
100034905074904
100024182587907
100037313390071
100036819443679
100011723787179
100035912979440
100026460856273
100032203113475
100033106493242
100011726899071
100031727318289
100026850153721
100033886442904
100036265502182
100030489454136
100022230523420
100020752483331
100016517627508
100029317419123
100034449163913
100036298650932
100035546883961
100033759541559
100028252374205
100027581940210
100027871912850
100024225405769
100028292989343
100037495355227
100037529539481
100037678965278
100035657603862
100027487995144
100026735942702
100035454995038
100031342930136
100037150142025
100022858934802
100036524392989
100036948250849
100034024416711
100028111266582
100037379114351
100037259444515
100037582355888
100002592850572
100029691872679
100037638019666
100021808280270
100037864992482
100035851783786
100036304600056
100035760611628
100036467270143
100038123975197
100037959040546
100032391638319
100038142504123
100038145053552
100038150843903
100038155936413
100038156661405
100038164849483
100038181169145
100038185220723
100038187614739
100038209369794
100038223377512
100038224638662
100038240774473
100038244858217
100038260907435
100038263838396
100038265162176
100038270025408
100038272667342
100038273807175
100038275907285
100038290064532
100038292164820
100038294414800
100038317153324
100038322943593
100038351951900
100038378949094
100038382967611
100038387018869
100038392446009
100038446685744
100038459793703
100038492551655
100038505692310
100038519371281
100013676102943
100029651603021
100036426017710
100037737574894
100034725606417
100010392912953
100038048986392
100035484400220
100035551128513
100013376714439
100030789523315
100031261534112
100038136129350
100038050453386
100029794734345
100032554665668
100029490097965
100037127643692
100025184612275
100027390370077
100034721237794
100037397046761
100034327038273
100032400893288
100014295394395
100032212362292
100015406926012
100024310638115
100034040672784
100028946981116
100033788737753
100037078200211
100011466663437
100024435819697
100017823371586
100038127605883
100034591126667
100033162531854
100022033663721
100021745251881
100036381312804
100037968291387
100027451422438
100023471382811
100001197235074
100017228627874
100025421473524
100037772476218
100032711677421
100013359122917
100037306354947
100034073721978
100027379357319
100037325563508
100037294117617
100033853581981
100012673324753
100031405893883
100036682333704
100038093162076
100037251674797
100036070995538
100034239412893
100026856284039
100013340297150
100037809274972
100036520461114
100031903339775
100037717578193
100036835996467
100038133242407
100038152983874
100038061229693
100038192072160
100037639123302
100037707346441
100034241823412
100036092435528
100037659254122
100035519601483
100036342427838
100037398492786
100035883249775
100037939913351
100036886973141
100028900510537
100029012554717
100037613110844
100037922701967
100037435462375
100033815293323
100031678087262
100035713312292
100038109216611
100035327476697
100015321457049
100018683823831
100037198161511
100029794025683
100034696066771
100034286957498
100033890778055
100029960022815
100030777863713
100037138505846
100028424386199
100036066483743
100035091739830
100036837351728
100025796499165
100034414533130
100022067340660
100037158108223
100026136740908
100033962537048
100034977968527
100035724953306
100030221327202
100027761280205
100035656644014
100034661296765
100035225281394
100037635510191
100037552488540
100035795744155
100037737311451
100008780581979
100038159599467
100038175018677
100038201138044
100038209007238
100032719208743
100037432036639
100038221181920
100038222897036
100038289186986
100038327560763
100038332149379
100038346221727
100038386926907
100038392802746
100038442780799
100038503530384
100030882810516
100036526219214
100035742911155
100032816916662
100036126401799
100037484419312
100010103717981
100036013174329
100037987521588
100035265457093
100037629164899
100030220924432
100033676576524
100030238966462
100032427016437
100035045769374
100025017602781
100022077910311
100023551564314
100037869831005
100030917357832
100031287646508
100037777761101
100013337230579
100036547119816
100028143375828
100038280811981
100034982040133
100038221726522
100026451261320
100034050124900
100038192387647
100037778350271
100029700638004
100033753220008
100036800946587
100026755272016
100037341091410
100004962339754
100037861235065
100011173542248
100038099029576
100038414765261
100038435941103
100038444763495
100038495610621
100037029906939
100038011761649
100028711985277
100037650605062
100034817831340
100030073178792
100037851789079
100037835539902
100028511437842
100038042950036
100010061418118
100035482778313
100025580228631
100033802367968
100036117202436
100035897614791
100037393110107
100035004142567
100037936066294
100034776286793
100038008973562
100038183832748
100038487060751
100037630594529
100033496372624
100036037904602
100014533933086
100037799863066
100030581451999
100029336884021
100013686044274
100035502471960
100019359969766
100024925356198
100027491732883
100009589843935
100027155525562
100037328942464
100037072303604
100032020397345
100032515177549
100029432730191
100023967226593
100028943994318
100035467981432
100036454670476
100035627525533
100027183815166
100031863432135
100026907946859
100034478953678
100029274903353
100037817945377
100037105059544
100007121865776
100037929334927
100038140882722
100038157135455
100038184609156
100038190701620
100038262733119
100038359654390
100038432312169
100033466027114
100027868337434
100015368896191
100032007019975
100030273349600
100032562708828
100014071157276
100035651915023
100028562057498
100037145901302
100033807042487
100028182620759
100037962616252
100026902179883
100035646248461
100037987713101
100016967534340
100012698505978
100026678622104
100037176035022
100034911848557
100034604624854
100030054624206
100026570582066
100037596095710
100013101030562
100001134194456
100031379165383
100029304060242
100034614136724
100038036838559
100037695963695
100034252601219
100030204997962
100036104730944
100036069967979
100037169255085
100035591082153
100037815574462
100029967363614
100033358394530
100026164432249
100036585995915
100038189861481
100038191095680
100038219407329
100038450760082
100024261350359
100034267836211
100024694350521
100036940630878
100028145534640
100036087503269
100038047907693
100037886585373
100037856479690
100037702341653
100014159232547
100033186648177
100033234080217
100027613758800
100035750174689
100027793013743
100035757917696
100035764968707
100035280901597
100037740782837
100037919556951
100019626136801
100027003003312
100035160756777
100023510743195
100027358784110
100028348460048
100028402384529
100029876203215
100036454328649
100037435698833
100032433230502
100026642509375
100028142388483
100028663254204
100032825643512
100017732013042
100023520648681
100038095250667
100038145380738
100038358454374
100038359891410
100038417402838
100023980655330
100032648030404
100035191181327
100021973547920
100038001399519
100036854183668
100037843418508
100035940842674
100004297905294
100001751262162
100004623311232
100006756722232
100007228394666
100007836427319
100012494587223
100014984112061
100015277384575
100017231708117
100018185888623
100018267213729
100018277424105
100022910530294
100023777430174
100023910347591
100023975301411
100024278323992
100024361605817
100025017729824
100026108774893
100026179843515
100026642073931
100026756652317
100027224714051
100027518324587
100027693395159
100027871741685
100028201220283
100028303787155
100028310555075
100028335113306
100028628980941
100029035502495
100030553152392
100033924304118
100034504131810
100034703851110
100035142522504
100036098477168
100036267109438
100036208476652
100037446690229
100037692832375
100038367637028
100029045531880
100029537945815
100029586976280
100029680830699
100030031847998
100030386973697
100030960033092
100030971933177
100031405211693
100031411141920
100031425801245
100031588969996
100033141362593
100033334575520
100033374901336
100033381074580
100033546581499
100033877088800
100034383133870
100034419345148
100034421430461
100034493444644
100034568033652
100034575190347
100034588784436
100034598651190
100034598820422
100034601013206
100034872412827
100034903904940
100034968378524
100035217337803
100035410382756
100035460963360
100035567130195
100035677372314
100035781170671
100036292860854
100036468579637
100037163422770
100037169063709
100037278193594
100037360622087
100037697921266
100037729582478
100037745553402
100037774997272
100037831837445
100037933041639
100037953040922
100037997203966
100038012658571
100038031621693
100038171949021
100038182844181
100038190403186
100038229163517
100038296870980
100038297831180
100038437681128
100038442750494
100038456640575
100038128296100
100038177235105
100038245452695
100038282733422
100038331938750
100038360911667
100038396853161
100038398533018
100038405912647
100038162286179
100038132363594
100022179451077
100036668981960
100035957024663
100035772754169
100034952863447
100033749080061
100033501517197
100028925660861
100028606081706
100028069301789
100027328223085
100027004483850
100026872613033
100024535869836
100034176407709
100028566938386
100038384283399
100007564321529
100013575300013
100021419264877
100025322828816
100028606699826
100030872926316
100034956427243
100035196791774
100035572959963
100036431462657
100036490801558
100037002092437
100037947455457
100038195142179
100038276677666
100036651620669
100036973042301
100036883201515
100031088723855
100029921410033
100027048675160
100024156739562
100031762847720
100009296335399
100011617815894
100013653452050
100024321512386
100029499330194
100034872258821
100036323891899
100036879129129
100038142706357
100038369915964
100037341585524
100010451011773
100034676236585
100038104099696
100037484622645
100038058609881
100011564552402
100006750097950
100010396574944
100029012234092
100035870060374
100036888169219
100037714683141
100037739951369
100038117182962
100038321829467
100030338675344
100038199000955
100023629001944
100030025274079
100035018480777
100036196142003
100036458930627
100038219290196
100031717879486
100006548714220
100013506338948
100014788531339
100014956300092
100015865177781
100017153281096
100018759675127
100021936572144
100022448587138
100023053989900
100023350714841
100023587094212
100023911040127
100025244616893
100025247972497
100025509434930
100028021730687
100028944804330
100029564598617
100029663052943
100029727122437
100030156520754
100030784968239
100031776132825
100033069140725
100033602873379
100034088423511
100034541118569
100034637474833
100034794974147
100034958411014
100035128114196
100035566092262
100036105880859
100036237562842
100036252095325
100036328484022
100036810930309
100036841624662
100037086905922
100037088918553
100037223340958
100037373291369
100037450603364
100037564565309
100037587335807
100037620920902
100037852872992
100038089151322
100038098944065
100038099604199
100038153205758
100038174383512
100038238761082
100038244280313
100038281090224
100038302478784
100038337691836
100038378104447
100038410111502
100034686106011
100036558001781
100036361218118
100035852359246
100027565734161
100009114200840
100036037960030
100031759603973
100037835347988
100038355004920
100029443740801
100038263719054
100038160549389
100037855521544
100034664828626
100034471551377
100033785055704
100032400891935
100031781953760
100028203981704
100023450592783
100015805478197
100011230682115
100004612008065
100001235027706
100036254288395
100032529911033
100030918840509
100029553420532
100029098333152
100027703783039
100027076280077
100026365149144
100025904371746
100025658483685
100025097986462
100024461799976
100024155482979
100024045412651
100023688591483
100014564913390
100014161080675
100034289263991
100034484027941
100034924402261
100035192984006
100035402683008
100035983650059
100035991528515
100036955808236
100037180070838
100037801637719
100038041362355
100038051033644
100038088144271
100038094083519
100038116222597
100038173122963
100038243560462
100038248810143
100038326957141
100017146384757
100028910323397
100028005884583
100029148667323
100035116389278
100023361678882
100026591293695
100026876180312
100031609029143
100034836128195
100035746475764
100036555066073
100010683941845
100032071416889
100031110350267
100030519810863
100029892227436
100028335931674
100026610706007
100026509921843
100026229133800
100025660750010
100025324369098
100024732513879
100024695550684
100024679960685
100023789254844
100023450886927
100022546543269
100015574994399
100003195180424
100003001770253
100038114601203
100037007178713
100032207747953
100033401604348
100033692326039
100033730712356
100034519089691
100034673841541
100034790499459
100035207352790
100035321950974
100035433273125
100035664462095
100036043069558
100036059820839
100036072705169
100036170317922
100036223891377
100036282140816
100036312384393
100036360494145
100036417978549
100036526309513
100036583159785
100036809444634
100036987312384
100037121408594
100037578498277
100037970355477
100037974181330
100037641614107
100037889257731
100037962489191
100037969746208
100038033028513
100038082681628
100038133137819
100038157996486
100038253729433
100038301307563
100038304457695
100030508744601
100023150423598
100024393161979
100038390160105
100030608740391
100035732383776
100024407371127
100037326041157
100036903371917
100035474023346
100036875025503
100038247819160
100038320353564
100013224706681
100037995607603
100034801628268
100025549007192
100026149602763
100027854373825
100034310473326
100027890797436
100035754287028
100037808804439
100024791572019
100010962250759
100035483400156
100035974911114
100035243142366
100027860061423
100028340540594
100025332733782
100012860105695
100038083878793
100038049887240
100038160042368
100038193191294
100038186049434
100038362863035
100038257178941
100035686500309
100010104271989
100010252269673
100034928514006
100037985224021
100036496553269
100034651783584
100035975255411
100023420231113
100024165453013
100035508737472
100036222451413
100022320654247
100032343294116
100036571630345
100029552730207
100029703501510
100037425552481
100029159319752
100038139308965
100037634201496
100037017458375
100035491425243
100033265273455
100032960941151
100024850688880
100012976725863
100030222413037
100037457361670
100030223817394
100022274739428
100030349579512
100006372840707
100023849524711
100038306165939
100032282200493
100024623101950
100036909067668
100028406134277
100029478552779
100033118862130
100035914291003
100028261275815
100037209510954
100038163761878
100032090172247
100025312338962
100011004679253
100037679071480
100035115673013
100026844304937
100037037735195
100032411172576
100026904796906
100027854572214
100012486130912
100025300063363
100024454036779
100035789691416
100038260145401
100035919786564
100035372213040
100036570768371
100037633689206
100003885906887
100025100143652
100031520824032
100011443304829
100005197475257
100008084250433
100012204370164
100012436721628
100038054810529
100038100019394
100038140967549
100038149777727
100038170928629
100038305804788
100038358421839
100017427394861
100035893895662
100035678835539
100016986524052
100024522461485
100021878402253
100033905561237
100029623131570
100034582386629
100037263524853
100020633802978
100025366892485
100030779561410
100005091969152
100014502661583
100038016661600
100029750801009
100016751103513
100026459659635
100034748382210
100036948523142
100028921483280
100024678063189
100037753928744
100034710125378
100036535369627
100036345210321
100023253433978
100029188272973
100037678493446
100033711249529
100011674419622
100033343510325
100035843466244
100025245904590
100036272198959
100029579033553
100006569800115
100037356023331
100035164458627
100036644173296
100036514149870
100031281800874
100026306231839
100022659241929
100022947786634
100028462241078
100037947391115
100035677635724
100034754947550
100030683394243
100023604615615
100035774964094
100031505293508
100024722691609
100027854400422
100036394154363
100037570461792
100012804845369
100024269044777
100037259012206
100021653640800
100025405782392
100029355287748
100036217995420
100029402379553
100010499521942
100022812526964
100037366384345
100036177914282
100029202113697
100036471878183
100038267403221
100037882461404
100034151323404
100036763297370
100026793259226
100038076321556
100038244936496
100035734130514
100018512913497
100027267338853
100018237889454
100028269305070
100028071336839
100037926351091
100033102587789
100024437169070
100035523050922
100036240893568
100014008775291
100024776163484
100034766210378
100024860072101
100037367651238
100005064196265
100028033087181
100037488516909
100036118485092
100037765788970
100037622318278
100026164609587
100038135117837
100024809743151
100035207403186
100028208611171
100035325612055
100010239853265
100035216351514
100027248869851
100037699342234
100037920225198
100025791270296
100038319541659
100036234439196
100018468101140
100034811120942
100038053252401
100034587526870
100027421456745
100004905587332
100037160225118
100031864291098
100035709977357
100037411959105
100037532622958
100026696111034
100016823171913
100035821822815
100038008729327
100019343539384
100037290859999
100037311067600
100022930069402
100035914956890
100030170348244
100036348530347
100015885135672
100005811767376
100035265967355
100015181037235
100038108389082
100038220517583
100028032259883
100030526850690
100015584349478
100004179541769
100028922569534
100037441505517
100038260864430
100038312194245
100030151444244
100036673460679
100038321614079
100035949196927
100038280872288
100037939033378
100036360410622
100034444590114
100035924612795
100037503454828
100038038283312
100038190788174
100033262718685
100037066478597
100037326813939
100035072782039
100023995605838
100026667573867
100029626966659
100032223189291
100019487132820
100021940814506
100037374071740
100037772618707
100037427679720
100036684097418
100025796599495
100035779033167
100027059992075
100036313809684
100038028383794
100038206444995
100038211510568
100038305111528
100035037037664
100013217568095
100032500669060
100025392364472
100030748063801
100037935344379
100023584951975
100034328405696
100022591868843
100007755853492
100033284363200
100015490748020
100037196375995
100024752981580
100026734312964
100029527518569
100030439368563
100037640149555
100034999122964
100026578722452
100035988095717
100034642612884
100018838576638
100036261442013
100025048580055
100034381419196
100007363088150
100024206913587
100034660939411
100037119892782
100034863426530
100027022063221
100037069007048
100037613687792
100011760256459
100036505834446
100015443342049
100037736521329
100031346468330
100035915200264
100013920428997
100027491859717
100029189680925
100029191666034
100029683570775
100037334720874
100015202485852
100034971443444
100034532775876
100037617333761
100036172623701
100023681581672
100037850382971
100037815996202
100038064570992
100028229640966
100037226400014
100038094512249
100035186376579
100026839113380
100038064945491
100034294088402
100019018867174
100037853181294
100030829592776
100034863797381
100029817443606
100037547473389
100027024132960
100034634543146
100032286221538
100032127078285
100030672102539
100035056626958
100013562629277
100007208855639
100016528666648
100022129573097
100036129107992
100003127981120
100035896037370
100035882641666
100037778273138
100025272005726
100037321295768
100036268542217
100034831298384
100019070981798
100037717117911
100033646040315
100035906415929
100007548065533
100037590587842
100037953184755
100034422335978
100038060479402
100037073673184
100034018153059
100024431495307
100037867145665
100022884588062
100032551964969
100036587778344
100038002223549
100031410160378
100011573349116
100037953646993
100038057168885
100038083758335
100038289481619
100036583909621
100012331144382
100031428847313
100035363349765
100037123960717
100037463140780
100036696702635
100037644162669
100038275080018
100038321371436
100036302580379
100032871644831
100009906465420
100025066500759
100035553586656
100017608539911
100018027374468
100002322372148
100033658265250
100034481746002
100038018331578
100038328870373
100033173284078
100037061634014
100037604990189
100036921458255
100031611317699
100033784113624
100025189939809
100023891358095
100033329430507
100027829631034
100030866554533
100036520396575
100036368017782
100036185198294
100033582511694
100035587461437
100037826484241
100038113506800
100038243821881
100009493361488
100037487542547
100033703188093
100023844531551
100037491701995
100035695177175
100029863003797
100029285353054
100034359370556
100037945072871
100037397105556
100031987159173
100036246435136
100037882763189
100038083726295
100038128692385
100019108637885
100028666261039
100035807473349
100012757241801
100037211082731
100027688999145
100022069271441
100038081831244
100017727663959
100036707409857
100023674513147
100035793894136
100037991298707
100038117371362
100029222405129
100035544457282
100024948911146
100034821141093
100027673629523
100024191206533
100030854542088
100024397397868
100036312638426
100034982898753
100026773714276
100037796298693
100036296690009
100013891389118
100034541445622
100033328668207
100037231152071
100037946976613
100032072522977
100037936441089
100035894625447
100031569150803
100034981330193
100029586723663
100035065612408
100028054922225
100036514322785
100012644520423
100029450951630
100021766336134
100036702944511
100021751537559
100036036372705
100038210612324
100035658994501
100030126938192
100037922835436
100036070657604
100023387612818
100024163971896
100028180848761
100036134046632
100038033567863
100035105753698
100035796552742
100032502310370
100037844274261
100027102413468
100030028129627
100024830672607
100007418558742
100037335840345
100037181149220
100035180580225
100036562133015
100037987240938
100018329588645
100037487285139
100013542641066
100036322500675
100038028438269
100034575305789
100037642099747
100023145531561
100038152833240
100026833203037
100035357413117
100037927344187
100037478467337
100028060234061
100038254080216
100015451668578
100027104162303
100038046091982
100037871537928
100037957400391
100038010918868
100038078435934
100038112511691
100038180582402
100013361583642
100031377610265
100036304830011
100028643492385
100003963186076
100033049292994
100016667139240
100037878199773
100025304033223
100023566622397
100012692431609
100034623480230
100037939721506
100021847215917
100033412210869
100023994802459
100007612263711
100036503950654
100037736175397
100037612452977
100033812509491
100037450251922
100014954432701
100033520862797
100037627366030
100034396382103
100037966910562
100035801899367
100036162546716
100023533396739
100024063679941
100033600368751
100036596380969
100033944401313
100037759339231
100035602489623
100018179743817
100037154775960
100027110988484
100037890523514
100038039865643
100035010282133
100028050111444
100021520520519
100037708036396
100007463443431
100037689832887
100015317171766
100016544384569
100038093022533
100038119719731
100037729050212
100035007078109
100035696521402
100018546550319
100032085991361
100027638753043
100034775295945
100037468441195
100034732395047
100013100555316
100027205911641
100002931942663
100030366184021
100034495236415
100021991894374
100035153679360
100011263784147
100037921423207
100037926222286
100038073402595
100038141079136
100031826648634
100035793938741
100024350598194
100027021829912
100037658536518
100036268515093
100016431019024
100037593547130
100028167455213
100037875020539
100037930371341
100034241513376
100037432965925
100024983707297
100021943624771
100037989582911
100035464402133
100036317934127
100032683032578
100034657471605
100037959257129
100036838009563
100037573372227
100037659167457
100031758521970
100034540973348
100028683782819
100035571706138
100034852748840
100037175466081
100037485783029
100032018600973
100029517782209
100019357098972
100036817790561
100036624483631
100035697787923
100034401049590
100005736302288
100037067867086
100023710663568
100033685552098
100031958408668
100024076277165
100034798244799
100037917555931
100036476796837
100037973374479
100031944461480
100028675951872
100037854651343
100038046611996
100014190851952
100022442150686
100037019350448
100025430443818
100037563097966
100035073287330
100036083504101
100029349075609
100027074030262
100037852664353
100037855668808
100038038663587
100031809854309
100022835145922
100037491966798
100036619875718
100038007001703
100003919231184
100036927044935
100037992273938
100014562815878
100031596990800
100029083993686
100027285513764
100027050901963
100036142039629
100023320398584
100010540651168
100037536855759
100012959825937
100024261575767
100007592342939
100036781690459
100030861771779
100037868550532
100034616792665
100037600863498
100037491307318
100038030470347
100034334389796
100027176641426
100037097928808
100013951665912
100037329768903
100035178823552
100037180910084
100030526491888
100035599673822
100010171654266
100034652082453
100036404743139
100037043653501
100037015800094
100037868415296
100037420927682
100035950417713
100024134806363
100037917789741
100036764255379
100037438203162
100035034532690
100034917947507
100037936504383
100035533114484
100036779142465
100021887981303
100032958822869
100033036458298
100034651869220
100027890920843
100036244624037
100037944583852
100034950458497
100037906423065
100037879131066
100029202651840
100036395521046
100034817956732
100028622591833
100024090666639
100036988814869
100038083144371
100038131985744
100037620187436
100024241073004
100037474189591
100036556029810
100034660927887
100025265283535
100037852603442
100037944737003
100037995553807
100035198060421
100034941501396
100026919736760
100028684869442
100036433192193
100032394873465
100030894526595
100016073356823
100024637959640
100030660547870
100036421170419
100035123870626
100030402884118
100006777997318
100030548887214
100037665017412
100034379266739
100025073320931
100030033815066
100022103050415
100024762846759
100010448985519
100036058118666
100019254971633
100037867479268
100037863991568
100034719272053
100033250028786
100038041510398
100031736274211
100036085004296
100036983582854
100038127995347
100022219970318
100034559761867
100028777470115
100034814255119
100033759849454
100036561302879
100032572773300
100033527542133
100028164243280
100037974464597
100036943510461
100034078748980
100037867311162
100038082877897
100036321010814
100013934255947
100037399716605
100032100407375
100037789524125
100037828103271
100023261983527
100035692396668
100032453872752
100037320671241
100033740677962
100035852641169
100014260424090
100037087625075
100035625263867
100035409488387
100034791906497
100037908705471
100038058728734
100034084132754
100035809700183
100026952851037
100035556663652
100029143831336
100017979732372
100033018709969
100030470172469
100037952280670
100012751952833
100036391425795
100036862794340
100031280963495
100026735920084
100036998347921
100036990491894
100038061188512
100037225157803
100035855853742
100037723053016
100025424441211
100037232990357
100035939720730
100029290128912
100033253091485
100037492470249
100036238596673
100035867200842
100017173530370
100035847683293
100030734794011
100026099980808
100037195116160
100035573293738
100035845100011
100037270540959
100033565112954
100009056157238
100037427210710
100031298562454
100035912049610
100008990113607
100028358001937
100030523680386
100033890812440
100032233838751
100018286501256
100031459238546
100035792794447
100038038802061
100029554516597
100028012621840
100035290983682
100037920069615
100024383390410
100036869623523
100037050799516
100028428634113
100025478298356
100037789874908
100037611702139
100036354139546
100009290837130
100036837174059
100003572088659
100030265905975
100035099954150
100035662774085
100035307721551
100036864281054
100036282463920
100034890135008
100020002322505
100009574161654
100022348820044
100035048225974
100037811872571
100037887107436
100014623696682
100018704370633
100025431215215
100037813211235
100036824594361
100037897903654
100036982937731
100030555256350
100026144439894
100034287481256
100037729581347
100032855564895
100037511891581
100037645953065
100029395711863
100036449040381
100037940173647
100027998312324
100032576417115
100032418408443
100028280982221
100023450402969
100034943629406
100036829132659
100037926164811
100037198452664
100028908143484
100026348659451
100036997216309
100031311092292
100032916037479
100001713165845
100037513232738
100035422846883
100013281906135
100038080835314
100026293754208
100014708267251
100017637426801
100035912514337
100037898266056
100035602021268
100035252044898
100024694156948
100035719624121
100038105372586
100037644338357
100037447500365
100024495768898
100024486110010
100036139119073
100027024015234
100037846339172
100037854888598
100034394566826
100028878784954
100037201895593
100027277807182
100038109091571
100036475685975
100007123568457
100035959053775
100037434363848
100026005551378
100026721307558
100034218768207
100037070013924
100036311173985
100037255430183
100038080561868
100034654511960
100023702145003
100035017292837
100037873209662
100012776533818
100034797455839
100037332669948
100027247666294
100027646068327
100038117461573
100037285732021
100025228130392
100037692473640
100038124960895
100027921605959
100029964671837
100036525602306
100019264270087
100029179852470
100036566776548
100032474992611
100035493812419
100022223312902
100030640118200
100037814387010
100037991227300
100025976993028
100022103460851
100037025558139
100033334421164
100012581616812
100008546897840
100034609824243
100038060733963
100032901042642
100022352061950
100021802503514
100037880469386
100031209753885
100034917851599
100029883603119
100037758848678
100037664540831
100035670587216
100037772749767
100027848530904
100024972203312
100020451844967
100035380235590
100037255411203
100036053841938
100036479170061
100014274277833
100033704079925
100036667702335
100010649024692
100030789123708
100033651948851
100022230816964
100033077611555
100021165142466
100034954490104
100037755406713
100035339992888
100031425401128
100035280754622
100035644778752
100033621753178
100036749387476
100036192932909
100024937038436
100025601423140
100028529356202
100037755202315
100036205357872
100036119882436
100034870974155
100025869249270
100023312589220
100024084623035
100036581595190
100037627922026
100037885298500
100035459540651
100021618214760
100035768354421
100024964120473
100029682545286
100037846816293
100027660863474
100037101453318
100032330034206
100037491700069
100027997757182
100019470186568
100037650592608
100028035991878
100028319670092
100036604488406
100034265872666
100037832070064
100037690513838
100030075990228
100029599535796
100037693727187
100004441210355
100032963330264
100020083981257
100037681995855
100018785581583
100037341468758
100031044470655
100016219059723
100010291301477
100006313148882
100018589360064
100037010303570
100013752038467
100037927895220
100032685210592
100036039008243
100036820936404
100034905132608
100035304780883
100022249922524
100013618531441
100033332790048
100024482493144
100036322123937
100036902735133
100035982543435
100035745617337
100003472860116
100037837605289
100031349903250
100034804510000
100024315672443
100034495269864
100034690151613
100037929606383
100038031753359
100038074380854
100031421057426
100011488122256
100035212391187
100036238174784
100037694000200
100037963056767
100037377880775
100037325092145
100037415466949
100028048418157
100035758668913
100034093757587
100029530903700
100025684823332
100022027821896
100037553844104
100037652931367
100037787775205
100033581273071
100029372474885
100037714881953
100036863311119
100037307797702
100025507860725
100032791427528
100037308374680
100034890251827
100029500295463
100037008584090
100034458074637
100029165143142
100024334632641
100023440937028
100037720101660
100036492190393
100037810635744
100037303927459
100034511657204
100036701002112
100022672630586
100034381121221
100028526585771
100036852282000
100024851080505
100036624333211
100034421238354
100034970422395
100037556079547
100034190364224
100036897305531
100032362531567
100038049631292
100034958199447
100026994110610
100037194916116
100032937472681
100037656451051
100037880437932
100037860160092
100037251135779
100037688961962
100031493650111
100015903279790
100035289722110
100030709626178
100024840875603
100031499120814
100037829442937
100035947312935
100037358655917
100030569220239
100031489414152
100034374154676
100023077688979
100037763957726
100035638013730
100036401434011
100036739621150
100021817132702
100023328792723
100031371750988
100013307194576
100036920628889
100031673799109
100036443840751
100035675237725
100035278251302
100030777431759
100035716043605
100037150420247
100037612103230
100035743002599
100035920083978
100035361720772
100037082508605
100037194561159
100035967573243
100006477956015
100022158720952
100031044660910
100024563053956
100001746253294
100028294442185
100037115689672
100034923224544
100037731612152
100037862075272
100037890728911
100037917900410
100025474475174
100007476406430
100036035612269
100036883725333
100037400625254
100035377830162
100027339489118
100023975808592
100032160262981
100037307803502
100035330821895
100036192677103
100016080251421
100036297765552
100036396630664
100033490411340
100032826546016
100030489731362
100015828555025
100034921803051
100036222174216
100036877074155
100035429933103
100031350095579
100035182294197
100027660528509
100029492082297
100037984832686
100033831683836
100022433441043
100037504651670
100026476248195
100037777575565
100035933499700
100033238280562
100037550257760
100035476699598
100032153011637
100037229460396
100034612816460
100037791705161
100037409013778
100016176944741
100032944172413
100027404180203
100034916840737
100035032622529
100037729909200
100014936645568
100037771867409
100037805560242
100037846720673
100030171051612
100035723479922
100037357224227
100024772374325
100036282922469
100035996682942
100035652784805
100026701265385
100028136049956
100037855960751
100037784588337
100034524138119
100034533424641
100035082712419
100036739642378
100027159766558
100037917697206
100032433780562
100026246981318
100023954898211
100032896989035
100026782591368
100022957985479
100022324283214
100036225769768
100034229451349
100025955229392
100037920726630
100030804631771
100031643104075
100007445138583
100033176454012
100036288110246
100037525118468
100017547345197
100029789719270
100030789130850
100037052297488
100026965772605
100035356785577
100037160471444
100021806483019
100037649332650
100037655662364
100037715210124
100037724179186
100037741277422
100037752941106
100037796564186
100037866518285
100037897322644
100037921385828
100037945804559
100037501300954
100029311485300
100012731730844
100032181383305
100030720483945
100029812820154
100030846783857
100035934785254
100031649405755
100037443048175
100036337140096
100017010215831
100026442787974
100028717488809
100022929483775
100034409015912
100026109847492
100022325255117
100015120915952
100027248231198
100035963971270
100035606972895
100037136795428
100037468523680
100028484558066
100015693281384
100037209072298
100036523840292
100030820784004
100027042048774
100034624960324
100037196085978
100033105610744
100035904545263
100036816155236
100034840446485
100029784903693
100030372676479
100036706359601
100037673721392
100037849839534
100037869695724
100035748169361
100034913176696
100022882969930
100013307860722
100036610899938
100024131543072
100036641823017
100006739419374
100007324332685
100017286932033
100027660375404
100034320653904
100010234605417
100036596702620
100032745934878
100037819419887
100035090678583
100027969726633
100036297460276
100036747774034
100030342963372
100034577592548
100037340588570
100021335962388
100030143316777
100035411958256
100030879855906
100034276754154
100014815292167
100036116292788
100037718232786
100037765573661
100037780542496
100006936615985
100035124514772
100027846572905
100022524660868
100025692644098
100021777735146
100023557181149
100030867555051
100036091958434
100037056617708
100036186570006
100036953987212
100035653711641
100036625546376
100022111185842
100036598936171
100015538574814
100030227132306
100037087760102
100026557321111
100037285484066
100033632707508
100028293680665
100034798313851
100035482962954
100037293063917
100037090784428
100036516129006
100037768450805
100037959841877
100024842333978
100027933335729
100037406951324
100035002892390
100008311571884
100034529047442
100027759040237
100036654950307
100036789432550
100033479808620
100037204881135
100037591987861
100027609492984
100037680250473
100028614832729
100036499669484
100016752400957
100037679170849
100031275468132
100033729423341
100007515335058
100035083973001
100035329127146
100036976749876
100034385104526
100036565350718
100027922174811
100034734123610
100028776120332
100037536815411
100036221465495
100036242238047
100034867930089
100033801740202
100037217867561
100010411273177
100037353637614
100037357805560
100029393944225
100037470886282
100021787512924
100010669381778
100027965405066
100037451718498
100026491843475
100035240852722
100034490408196
100014048446919
100037605322726
100021534090408
100025384610050
100027308400106
100036635091742
100028610796402
100036983471956
100034422762801
100037831807945
100037910882273
100031204161530
100033112151952
100036918012831
100029747472613
100035171033725
100037906681473
100036344194895
100028218800702
100027251715121
100034843853534
100031788030147
100026749053744
100034286002755
100030523638880
100035440030440
100037255340076
100024350152736
100030352714342
100009540325574
100036812560318
100034984381952
100013941425917
100027683324991
100016364044872
100029912003720
100027585038706
100022443834351
100034121633980
100028944821300
100036852977182
100037291933096
100030272838554
100031094871345
100034568143898
100037439880763
100037627369341
100030503085942
100036148516763
100037243928669
100026763723836
100037529573960
100035464356057
100036831017637
100024743775588
100035670553687
100026589501824
100026086331459
100027365701583
100015221466373
100036157693142
100037651338010
100037710285060
100037805827818
100031672846539
100024054164611
100037028412350
100033913631675
100030017524514
100007554345922
100034083367495
100030259322054
100036495166561
100024319102546
100036128563530
100035592044420
100023377266472
100035147641144
100034308692928
100033168261381
100005412640319
100021859605300
100029602132172
100014078553047
100032786175071
100027670966771
100033900949242
100036426544644
100029872934128
100034528306416
100036997810841
100036270192807
100037134216157
100032220606910
100035088591261
100037553510887
100037612511265
100034538221550
100030109662807
100033755000898
100030749537098
100036347761663
100010624153467
100035893143716
100036613217971
100034967525263
100026845610136
100004226825915
100037756210381
100032952279410
100034379590086
100032405361379
100026296323407
100028899223474
100037030291918
100037115917429
100026820550817
100019091229686
100029020164367
100034304971492
100032285160874
100026349961131
100034937567497
100036095775190
100037321193451
100037687125065
100036198453592
100002720655917
100023501224708
100022835648561
100035688320897
100031299248978
100024858790988
100032065273432
100032615086936
100019988262141
100036154741886
100037572171736
100037587500355
100037698044117
100037714328143
100037817346173
100037862101442
100037878601792
100009335596565
100031235021172
100034516815356
100034160192678
100029878230886
100037246638515
100034960491525
100035303525174
100034862838723
100024636562969
100032723419606
100016904974235
100037121442620
100030138608919
100015659343902
100037385360341
100037563978076
100034986306731
100037153059152
100013205585966
100023840580158
100036288930732
100037703381886
100034681391901
100030533777581
100029122025704
100033266599707
100017658612854
100029965482022
100031138244462
100032993415452
100009835717035
100035092841076
100034734282542
100035516177763
100035716662756
100002380997516
100012898029432
100037141780236
100037273253116
100037427442327
100037496243904
100037604950311
100037692817715
100037711632237
100037725370213
100037729293359
100037739379564
100021984994464
100037161133895
100036240764899
100009420617769
100035436051443
100027991426411
100017064043193
100034464290360
100036420044904
100037306354698
100034475253607
100035007619666
100027292951776
100007470909753
100024771309405
100033229429857
100037258057620
100033126126832
100012224565828
100025052856481
100026589651309
100022336840828
100027925713825
100034998920365
100028271471009
100033602675439
100034524722653
100028263406332
100024212416307
100036232823187
100028828991656
100029339101992
100028523153181
100036143315853
100002887048888
100033788740909
100035519953473
100037081236748
100037559539965
100037620278163
100037698159235
100034911570520
100036560534393
100035717974542
100026672831113
100035178273432
100023957751094
100035274996872
100030395351108
100029992592527
100028849775841
100034593608828
100033610983291
100032701932123
100023666671858
100036722660703
100034246969846
100037774985465
100015855556464
100022448374290
100033973161213
100037015778893
100036845584515
100037572797112
100028617930621
100031197352278
100034981489879
100034523780835
100014396238846
100028156301679
100037582036908
100037715860198
100037812753707
100036076184816
100035656414791
100029227449037
100028151596469
100035719778425
100035338372548
100020541190592
100010068393623
100037031499032
100037321788947
100035752383829
100012371199496
100037444968429
100022208225268
100035540689152
100026557637757
100032892187029
100028162702579
100033845440739
100024363019189
100033464766305
100037505406091
100031713211949
100037413464733
100034632943598
100029495355084
100036194437260
100035447525735
100034085445681
100037094709411
100037009897701
100033890742208
100037200733115
100037379617608
100031187723009
100025843780029
100037533529579
100034972430227
100035000560056
100024496713158
100026953353409
100022465005933
100028395134222
100020765920877
100027911238142
100034984307313
100034251339663
100037361151466
100037503231211
100037512945234
100037518379643
100037670411197
100037770873604
100037832760255
100001640523381
100034911527468
100036277990595
100023365310967
100025238941094
100036062475269
100034137301779
100022916506993
100037432393084
100036282772577
100034235504336
100037270273627
100024529871393
100035180582018
100024434791493
100034832600303
100033581902924
100033331325815
100025037631286
100037232986015
100031891281368
100012691333576
100007202491494
100009342714077
100037449662127
100018916027780
100027986710093
100035618824118
100035938355125
100032034307855
100033751013441
100033169894573
100035341746336
100035288861406
100028850716305
100037224141984
100034249937556
100035160142536
100026243722078
100037397918990
100010241678013
100022222021512
100035605458607
100035362624910
100025364917196
100027828481341
100035838151450
100034070795353
100035943122277
100037431545950
100015357309059
100037433973985
100037761332639
100036416177114
100034529685929
100029140784161
100036008616274
100036379309800
100034645882769
100027471103934
100035162293230
100037282039173
100037377078448
100037433303301
100037486698535
100037599431515
100037635159748
100037649230630
100037719783667
100037720146137
100034683192165
100035816509144
100022065690052
100024545932101
100035027716664
100028081472736
100037180862484
100036637763558
100037265705026
100036610755378
100036930138561
100025996329860
100035390542839
100036936170541
100037357503551
100030934024471
100027832314055
100023558260997
100036894252932
100036162802394
100036077224496
100031255518041
100037100894913
100037311319197
100037561656668
100030566651401
100036876216818
100035960812501
100019351896987
100036378743441
100028630090932
100030694448977
100020749633554
100033788003166
100037420041259
100037587972918
100031995879310
100035100845176
100036638116131
100035490502332
100033583260588
100012527733615
100036705851064
100034729220209
100034057594937
100034327914019
100037040793556
100037224332063
100037648566112
100031565182124
100026783320292
100006458712292
100014587064685
100037371014407
100036973367763
100027033494826
100031175719018
100037546654541
100037668967819
100036610892879
100034219031797
100003850976476
100033466361780
100029309362116
100036746060501
100015132848062
100015446591832
100037401233439
100037414281576
100037431380198
100037434741311
100037543485194
100037555542472
100037563242048
100037627178701
100037640162755
100037645383329
100036172846723
100014775818360
100037055201626
100032490546766
100019120447269
100017781339926
100033906335157
100036237950204
100036349299422
100036780680686
100030177428646
100007860184634
100036172561958
100030908914659
100015536028724
100026498513371
100036022428288
100036465351004
100036317421600
100035983597401
100036471705048
100037228451578
100037162570140
100035962747515
100028425317178
100035195139148
100035777709129
100032174888395
100022454781078
100032259065922
100027508971506
100037162651042
100037653637146
100037746961353
100029042102127
100021454907395
100027315225220
100036578052334
100025268200488
100002095881386
100026847382126
100034471187988
100025219743268
100037430016544
100037483366847
100037671570534
100036623648949
100031809915857
100036101250233
100033726074852
100035893322262
100035550317456
100034914423250
100033235085011
100037372200238
100037204899184
100037037380844
100030625191394
100036073020111
100037415510915
100036721530876
100037413467595
100037445652202
100035328701919
100017724373758
100006812207340
100030206559087
100035961257292
100033463044078
100007619433621
100022821053228
100035313090876
100037361300455
100037626097115
100026355200535
100035601273959
100036003457029
100005122487579
100034823685268
100036125709333
100037021764256
100024334575646
100013579351373
100034340329517
100037039445213
100029248271206
100026214637201
100036844430667
100032583790837
100006771672218
100021764139172
100014006566630
100036064003396
100024663951693
100021818182572
100036012248578
100034654422148
100036958100634
100015742119627
100036398912239
100036462186827
100035814017627
100029516959478
100032106916118
100037201042531
100037485393076
100036915651858
100031043681335
100016165035726
100022069602134
100035327843005
100036111350912
100033851811545
100024165976271
100037582801578
100027228390349
100036973275465
100029502753000
100035084383119
100013027711150
100037661525531
100033647536450
100033475111247
100035061518187
100032949172665
100034790149822
100035586965238
100009025774194
100031933842709
100035528000078
100014842170854
100028529880305
100034952654720
100033865057646
100035674054668
100036489333251
100012909766823
100036904451291
100035020733854
100033316000918
100031448700922
100032131362699
100037584751348
100037488967364
100035738840552
100026428940852
100014476230716
100037242399954
100036359748681
100037328505456
100037350678726
100037556589150
100031324212334
100023579013004
100033862629438
100026888659028
100033292194066
100024246167774
100036772756346
100029025000329
100033756901188
100034582599039
100023574587223
100034838058894
100033774302856
100037267668810
100037349832514
100037379240989
100037380771678
100037604166814
100037691492410
100037701061419
100029880071015
100025486177234
100034938284236
100033447316553
100033702557921
100011483511121
100029277907306
100006912003837
100028151676328
100036051982235
100023046640808
100033096800768
100030723315828
100036752918598
100037069283404
100035304546830
100035796421096
100037081062178
100037519621031
100033573305238
100037443130438
100037352152406
100036055807289
100031782151527
100037428108078
100005527022977
100030706908923
100036527253994
100029521547010
100028882784275
100037229473332
100035519431143
100037648443984
100036179062834
100035799322288
100032861483809
100037352092174
100035242761179
100013043357541
100028117057419
100037286180955
100037436835995
100028094025565
100022362270717
100036812491948
100033003521741
100029517994758
100012764400690
100034222157084
100027026328649
100035321508034
100036291781082
100033076022435
100037501740275
100029697310758
100028552839892
100023970040084
100015569890294
100037396745996
100031595557346
100037337823739
100034433804636
100034774276569
100034928078017
100037253152176
100035948884449
100035962473772
100037358647580
100027977798321
100034670504349
100035280078898
100037242113305
100037282099617
100037315282181
100037373718685
100037574882436
100037268690772
100031827734367
100029125583054
100035255931935
100036823938848
100033391002701
100031370236339
100032879504297
100034420215474
100036661539341
100009629561906
100028274924859
100034187796777
100037666022955
100036227942925
100035976243541
100034780307398
100037485062920
100036558340174
100037342542865
100035660700067
100037653601822
100037527602962
100032521792251
100026104943214
100037037259672
100036767715545
100037558500502
100023085889040
100036840069472
100031789567771
100036628576274
100013555001312
100028085060601
100033176083343
100013439735604
100034385813211
100028070830189
100028345849980
100036251272193
100023277891482
100035578521107
100035741236362
100035544919064
100036164749176
100028950247932
100030233172200
100029034937251
100023914750443
100032164391333
100024614267557
100028462953447
100035833830108
100035988157152
100037092164220
100025817109903
100035192062442
100035695155977
100028250269861
100032522077684
100036121149695
100035524382081
100036376512555
100034383570604
100024098868336
100036349246985
100037581486886
100034564489314
100035476350565
100037441485500
100035017430815
100026974360245
100037546328925
100037588356953
100022628244223
100025852052132
100031540997177
100033292852704
100036438739062
100008324746623
100022474039027
100034380559530
100034669816873
100033767400106
100037340797295
100029699050156
100029639803679
100034369398871
100026458935141
100037545752876
100035321892849
100029477478091
100036437139833
100025378117555
100033162814846
1464245943
100028380821763
100037277807534
100037672050610
100033310719872
100036240858085
100035652486862
100028344060209
100036146700156
100034509038430
100034905580878
100034724834203
100036597232678
100021841633383
100034712078451
100027415637120
100037491280693
100018833136844
100031192983616
100037427025352
100032813664337
100009505102029
100036367681498
100034004700612
100036067121199
100036466192595
100036832650868
100034293380935
100018941206348
100030667809820
100027237793963
100037314079986
100028510542903
100036298853635
100037205333250
100036020136065
100035906941285
100037583795418
100035978178053
100034605259006
100027759186037
100034089965417
100004945028567
100035551633673
100025433299091
100009292766154
100036788054648
100035785475588
100015088546892
100012075559178
100027181073272
100021846990322
100028582205164
100037311695504
100031525031824
100034773318760
100037641691175
100023490886915
100035071520008
100033626082257
100021841540910
100037433804256
100037658910618
100028223560972
100026616721962
100034978344222
100027169520484
100035290549977
100037184572853
100026551427184
100034568827601
100037598494284
100017838667357
100036962964015
100013343440865
100010266663925
100024531282495
100035164895846
100026568982012
100037512878984
100024427852172
100037305077469
100035594182731
100037180157599
100037456411935
100028579054383
100024456637306
100037021578353
100032351688780
100027207674983
100033431796206
100037131318086
100027571487943
100037578632883
100036992207434
100035831070565
100037039145333
100037431733655
100037147116713
100036054424329
100034982374599
100008455116134
100022007983690
100031866183762
100036738072328
100037317709210
100037324428976
100035185569889
100033973390332
100033876335653
100030922550702
100033621573232
100036401992635
100037200083197
100037449702760
100037626300966
100032495811791
100029758299766
100031392348600
100031190960545
100037287246028
100037279582906
100015054250899
100033396403304
100012444457468
100025864410666
100035725553847
100035019346780
100036963113705
100037416191175
100037581754147
100037070199799
100037479634697
100023228236837
100037427413491
100037313706556
100027937988570
100023755482602
100035900949486
100029224762375
100037306600053
100037371466823
100037415234079
100037459534226
100015767508598
100033439272597
100023947911219
100033309953689
100029390840242
100036778882754
100034697856440
100019464789698
100027937322030
100028743948996
100033884600713
100028645322239
100035487342760
100034915025415
100037621290757
100031265653507
100028912902157
100029607621463
100011585885309
100037225009722
100037458877729
100037500241358
100013083841645
100015046988115
100012768706301
100027786584341
100035094034847
100011449367456
100024641237985
100022621413222
100034102433254
100020327942838
100037137321619
100037523646635
100036380073135
100037450330865
100037587361110
100015600794238
100032423880604
100031659499830
100032168903392
100014279284924
100035200200632
100036018129057
100027113529298
100034250559818
100024765882769
100024005741511
100036057702614
100037561114028
100036815419544
100029934182692
100036639823486
100024124624007
100033183139933
100037448951078
100025272514707
100036015091631
100036290371180
100031619113154
100025301205830
100029210896858
100034976228119
100037492867819
100035582374767
100027402426318
100037048025740
100034220954652
100035955606126
100036112491822
100026431892369
100036095418880
100037099031636
100034627302405
100033712331755
100037028964188
100033195033028
100034891476943
100027431221370
100034549126395
100036503500305
100035686764103
100016219535017
100035071393580
100033678124321
100036524444744
100035600153692
100035715424156
100029218593946
100020600654555
100028239670433
100034671999436
100037290337485
100037298382156
100037377013858
100037045790348
100036459241579
100023445873968
100029610842594
100027976965857
100024909369402
100028316901025
100037009013710
100037497276933
100027561114284
100036668027925
100035343218221
100014888353035
100027079626049
100037323886298
100034151196633
100035309053356
100027414621550
100018743864516
100029150871569
100024472083659
100024701731511
100031196135113
100023987231932
100030806987557
100035071877797
100036352308301
100037211209246
100011217242732
100032901169706
100034917004803
100026801192712
100009501286639
100037435240566
100030867916789
100030427485333
100031558003568
100035354783690
100036324663573
100031688241969
100037397530571
100034792981178
100035453924531
100031036119404
100037217211325
100023440937122
100033441846462
100037381843627
100035981910798
100022501950358
100035265513822
100036436161365
100035984173517
100036378139998
100035354108932
100029113338233
100035276931708
100036655403040
100036846630437
100029646304811
100035455065718
100037270718859
100036828487819
100035000779503
100037516473001
100028526179779
100034877045210
100037080412926
100037214144771
100037354874377
100037485542276
100035136588025
100024920114815
100035338520939
100026661368579
100033128047846
100036118748623
100036481872997
100013850594331
100032574758062
100032248523682
100037006590728
100026756857923
100035126513197
100036435990485
100022921510102
100036817631895
100037131647125
100037051714247
100017668866815
100034917362153
100026987320268
100033134520471
100037417146488
100026478589291
100036975639923
100030994190827
100036742270671
100035239116032
100036015953835
100035962728798
100033916295311
100035304978699
100034554162613
100037427556268
100030657728567
100033696848357
100036180279630
100035764628967
100036805411460
100032140246546
100035693522016
100004320485107
100036943803250
100033803973594
100018448721361
100036738920776
100036817479939
100005089117470
100013524223659
100033171819744
100035383733965
100035356533310
100037128666277
100034306148929
100036502606935
100036297920683
100035282523033
100035088366195
100036406717629
100019192742809
100036692798453
100036613641454
100035922312768
100034137021090
100034599463988
100037090955873
100027914320201
100037447627782
100035175348898
100028445868654
100017355916745
100037337443909
100022142160888
100026907771139
100030641112631
100037439647145
100036895661478
100035225360550
100027516162025
100037216762601
100034888455248
100036312970787
100033321878968
100035385214300
100036970426654
100037040854871
100033611434081
100027759364275
100024444610447
100034259888056
100035978610544
100037130676640
100037140879668
100027314619781
100034488244806
100026798164397
100022004661288
100006467190215
100028519650069
100035333534188
100037257795265
100018196262557
100000646599384
100037171411362
100014913700738
100031302501480
100024180170066
100033399996862
100037520190619
100035946902272
100036752523111
100031502179227
100036937733225
100037157984098
100035806184265
100037315331878
100037433167907
100027355025208
100027159690361
100028294850675
100036581000284
100035526485722
100035802157240
100037456682008
100030322564979
100036851993580
100037038316981
100037294424053
100037497694567
100031852770918
100035170544210
100035829294110
100017645491232
100033732157429
100028085902388
100031741274841
100007665283396
100029357319921
100028089142579
100037061760874
100032348468997
100037225548338
100033152672559
100022903294143
100024421113948
100034259040013
100025577891836
100010364341918
100030754685531
100034861691401
100036486794401
100035758562109
100036999676416
100037470513870
100033738376094
100034731409842
100025112774295
100036324712947
100037317011499
100035257518220
100036318672141
100036355277836
100037270093980
100015376008285
100028028197833
100037402477400
100026423014034
100025372724181
100030807023571
100035942232269
100035733573672
100037347283102
100021648931255
100035322105324
100037343104458
100030557893878
100015389532200
100036716616050
100033392854639
100035798289005
100033107582336
100035224302367
100037363931592
100025792188681
100036049553317
100035191036136
100034964806963
100036515353411
100037074871191
100037037479091
100037102792707
100031108470519
100022649232517
100034231373329
100028187226614
100029339630636
100027518920520
100033851802383
100023660568622
100027785371673
100031482840607
100034894202119
100037224314192
100017092447888
100035462475796
100036163331549
100034771003287
100037373921667
100034261270951
100030155780876
100029159205473
100036450998381
100027124770507
100010747488653
100036420842411
100017834431497
100030257179231
100035955307211
100013849930478
100035045749228
100035184934929
100030292785408
100035812428109
100036091833221
100037022843394
100028188060599
100037122976605
100030395693385
100016791243527
100023671605604
100027735342061
100035263521662
100035363228466
100028948830945
100036390258916
100036825094241
100033484583428
100030065709137
100037253387208
100035145352857
100012749355006
100036424111898
100036501093081
100033885981307
100032341370580
100037167138440
100033445249620
100034476365637
100036865360768
100037301862103
100033377873174
100026900269314
100009457828931
100035763814693
100036579312906
100025929888267
100022073651142
100035090082789
100027328711408
100037012875918
100034517443677
100034307901745
100008388605018
100034707279881
100029978494178
100034549982316
100034874450474
100033907453424
100026669193811
100035589616080
100017496220147
100034527893360
100036838126556
100036487238534
100028126042387
100014891203449
100037262619628
100028985647455
100034032393176
100008551487011
100002620868497
100036807406935
100028764331697
100037519412564
100037300512483
100034818200773
100029449351769
100024682000588
100029569821979
100017889670723
100032465823046
100037194975765
100035290005199
100035221486632
100014872003285
100032541966769
100037153446625
100030782191140
100035285148604
100035342001580
100027005002491
100036845162250
100027441349563
100034479727760
100037478792812
100025849011044
100034205144778
100035424529191
100037139842948
100037175151738
100037225970293
100037230159358
100037377309899
100037416272523
100037515330117
100022344450750
100008323754204
100021896220667
100028329909821
100033402423783
100034130505477
100034935518359
100036312796046
100029296890250
100027065014536
100023988019256
100029815543077
100036920982844
100035903267710
100035218306366
100036904449616
100027835721429
100034109553876
100037038846306
100027911595001
100034055925012
100022728887385
100036642199219
100027653184065
100037156714038
100028424319007
100036049057374
100026940636541
100034550116455
100033505867403
100021988005654
100034306674221
100033413592739
100020441774395
100033878747319
100034798373743
100028361810269
100035239731448
100012133636887
100036710564311
100025202169001
100032825384535
100024930769213
100036624107392
100032185550392
100035487636574
100028729142993
100037184722668
100035133857253
100005672230711
100026875021481
100015662191342
100024455520551
100023925876377
100023756947768
100037314371591
100030337333081
100034742372280
100024548801910
100025495503228
100035478797604
100023556705441
100035676652981
100036447593496
100019911183858
100036792370280
100037500330171
100035363824528
100037246782589
100037519021420
100024131616892
100035906302917
100037447175562
100034171651792
100009084205589
100029942075902
100037496882336
100033933095397
100028933146013
100029313548452
100035299878837
100036568928724
100029461490598
100034271041696
100034714852782
100026650535828
100035302636523
100036179685188
100035635513547
100032802678715
100037079357873
100029140905724
100033146524762
100033909630272
100024159136371
100037362610660
100035385282492
100009404058877
100035182698815
100037250493691
100037053743887
100035256701147
100037407030181
100033004253134
100035460339637
100035689760693
100013850686206
100032377971980
100033573312992
100022740712402
100030624109946
100035140172980
100032501055562
100035355369330
100030460142782
100026099942901
100023865233291
100037054342725
100037246546266
100030323772166
100035663478093
100035622768481
100033389272701
100030618582353
100035403229146
100036059270919
100035370322249
100035780557583
100033480501008
100013360386098
100033504679289
100031648720953
100033821148437
100037184594126
100011409145965
100031873026677
100033948694212
100036377584787
100033884440235
100037025147106
100037360445713
100036249824060
100037214239817
100037127784233
100014678239297
100035919648632
100028146673193
100032207663140
100036049681334
100015382935888
100035065368219
100033970240718
100005288439802
100036095258610
100037318355187
100036813841769
100037486111523
100033646605239
100037358769928
100036091371620
100035849033176
100026086726214
100033727579809
100037056936855
100028727760031
100035233211079
100034654637835
100034566250755
100035840559530
100026271215127
100037183832496
100037254674778
100030530648545
100036702864253
100036821254256
100024587148371
100037360057941
100037380063873
100037410930525
100015372182758
100035391373811
100029568964073
100025827227489
100033315650962
100036947584995
100031575983050
100037425874265
100033639152244
100036313433796
100037035319496
100037186221614
100018445569684
100030883682167
100030730511514
100024969220998
100036700344311
100035411344864
100035811654011
100032913384332
100035801267944
100035355100800
100022051367559
100037258445226
100036491326107
100031367346025
100036941170051
100017787857696
100037185638392
100037241942179
100037256566982
100037278940907
100037162327928
100035946755459
100033194972858
100030858340366
100027135139595
100035679317811
100026684433775
100037407547647
100036070320388
100030061181107
100030500386113
100026925681714
100036676418864
100034538325496
100035638835530
100033982547954
100037190238298
100033844964525
100037376979297
100032250376560
100013239789586
100023534237041
100023537671930
100013291418858
100029711776981
100030554745881
100037514310797
100026086869678
100037090596014
100024012400405
100036784696765
100036975930107
100036580204442
100027545388911
100034008680407
100023723528698
100035057625117
100037097807041
100035749542626
100029819504660
100031793094017
100032377187838
100031246969837
100036019210882
100023558768866
100034795550845
100032320454551
100036060980936
100025270292604
100011590051888
100036791971807
100030331931746
100033513061812
100035445065470
100027393104123
100034775285641
100035728190881
100035105679422
100034926222646
100030162636513
100023576900837
100036863514074
100037343467736
100032423502919
100029296892695
100035327415245
100037350723917
100034899483609
100037440963823
100036872254067
100035185130942
100033541993508
100036735949807
100036053691608
100036852262875
100012992867516
100034383077670
100029891717327
100034148763131
100035658401139
100033767582637
100035922098124
100037023214797
100036445082692
100035656751332
100035611968882
100024565052341
100028121950925
100037047309415
100031835208450
100036369106433
100029789280304
100034856413092
100033386104414
100025083694338
100026337588302
100028125781514
100037209044613
100029589668600
100037202773300
100036539971953
100028229269605
100035763339641
100024897943408
100034753546041
100015771608848
100018903841350
100034337542203
100037316618385
100036711469231
100036855768007
100026746383425
100015683587934
100023543194841
100025246642017
100026131609728
100032780843364
100035291897647
100033221325497
100036680173842
100035491574869
100033492003589
100035505126148
100027579150640
100037199293956
100026917745419
100034256423692
100036527300037
100027719910471
100034433952299
100016928946942
100036193957213
100035477540015
100035259651178
100037443780337
100035684550446
100035267173465
100036758004396
100036173084957
100011452400761
100027176975924
100036854252146
100037273095488
100026114085766
100028496941161
100026229700054
100037306237234
100028085565596
100036826520289
100034644815235
100035795349165
100030621465720
100024230501535
100035897674948
100034652016041
100032311067840
100035756419751
100035101704098
100031907137419
100037306356250
100011865102748
100037194920440
100035862962827
100035988079233
100036700327111
100036938480560
100027480247841
100036998656206
100002836970686
100037256917577
100027196110669
100025227375527
100034525204068
100037415706112
100023226971510
100035521756737
100037197543709
100037447173027
100035927742702
100025824459960
100004993021423
100030481203668
100022537291889
100035073461544
100020712160721
100032691282502
100036248258849
100035563242361
100032838094882
100036429007693
100035178593842
100037149082721
100037224857081
100037241793979
100037280445041
100037325947423
100025136344469
100026534866387
100035957527163
100028863612116
100035299457427
100026991701003
100029431159228
100033436874942
100035422125669
100036293310977
100028638015722
100035167329387
100035662667971
100037088958002
100037341040045
100037495800067
100035946456012
100027969231004
100029168032826
100028179512189
100003150061704
100037219214413
100035415804170
100027033318381
100033038527454
100033538760007
100034722312638
100031575522018
100036737105442
100034923936617
100030528315124
100037129732412
100007801785455
100034308013729
100026543464596
100031442086679
100032117550414
100035231611073
100036478066572
100029607030318
100003256290676
100036354018679
100034703041479
100037128251672
100037406315682
100028053067574
100036139219751
100036419317005
100034876507430
100026771015564
100036487656078
100031520703301
100026180080354
100026658742312
100014908625824
100036133770437
100032896188066
100034389284724
100030466992847
100028174432142
100037451733445
100031639069002
100037213904609
100037178564909
100029946082625
100022155963133
100027120917682
100022008943598
100028762512338
100037444383732
100029019272230
100010863212210
100023622023512
100034517884854
100035971085316
100035540813918
100013736949043
100033006605469
100023451604446
100037184582453
100032653788908
100035555553422
100037313770366
100037121391905
100023766502752
100027517749330
100029986761848
100035580661277
100036447600471
100037131075002
100023783506566
100033211276288
100025020224940
100027957772207
100013547521278
100035469199917
100034290602373
100036136380536
100035948971691
100036459034811
100024228142162
100036657677612
100036367663716
100034403177213
100025562424315
100028752967167
100037067439481
100037284600649
100035088917577
100035714432558
100033054572455
100037188938566
100018543107065
100029348988149
100027209659010
100034284824998
100025926337133
100025150031565
100037389455170
100035149251275
100034662870007
100020914431676
100037340254119
100026609205756
100036344431907
100026868063574
100034669800770
100015344418086
100031586393294
100037068762484
100035756424334
100020303736055
100034911437283
100030194705104
100035912971945
100037200045430
100034983467777
100036052231148
100027698087545
100036775002458
100031148947938
100024584311325
100035690958481
100036130684342
100027096465564
100015958546083
100009731883336
100034491168389
100030873228746
100033822404119
100029212600538
100033118902482
100014408497325
100033266302650
100034807388140
100031519511715
100019791017367
100022124150039
100016409794229
100035891163076
100028553822644
100017173033728
100035915463676
100030095243803
100015297855154
100026505998792
100034553250562
100033389092751
100037346045382
100035747587842
100031277676064
100012619291829
100033387124882
100025120114145
100014456611481
100027542926380
100018520713524
100013182669367
100034972680814
100014760965618
100033358449000
100036920539389
100037453982445
100036097373692
100025764030608
100036639673711
100031407434592
100031848201515
100036058596994
100036524690874
100026390377905
100028471095454
100036671689038
100035976466000
100036055239501
100036748729439
100034763291157
100035167366547
100036962992616
100036294969184
100030166994702
100036238837365
100036521047252
100036918812167
100024693682915
100027977371604
100022607043143
100034260848210
100014340122394
100025453593535
100033768564314
100037170434870
100033923734774
100011548126477
100029293002647
100024934356418
100031888605523
100036049667708
100035250967802
100030396339758
100037171369742
100037324652381
100030531466830
100036095719080
100027911658094
100035040799439
100017214186467
100017530984466
100036673147046
100018067605477
100035098864282
100026508857001
100034686217366
100035595375732
100035700140684
100036600844510
100037381446715
100034696251339
100023231780128
100033692346832
100037048937317
100035123582142
100024829260938
100033389333159
100036790021997
100024733485054
100029651616318
100009261064280
100037135940351
100029224004234
100012834160971
100028938371413
100035051431830
100029791263021
100028073751107
100024622745795
100034449130813
100006274000265
100020837051444
100024366920052
100027579112917
100035295903424
100027757218500
100034360564517
100029863350850
100036555155454
100016969800730
100034460293214
100028374855194
100024953401773
100035115712925
100029111964243
100033807528760
100037329398930
100033586902375
100027936771269
100032734596013
100035669407098
100028488884420
100037320729091
100036908662853
100028309083618
100033046232558
100028417481408
100036328790907
100028286231407
100037370287150
100035308025498
100036623565565
100036608855118
100037329488312
100031855320893
100024597939359
100030482212805
100016200000171
100037233785740
100037259552101
100037286016092
100022851413199
100036024630771
100027729465615
100035992922852
100015826207869
100029800020759
100036286072782
100030729722075
100035038492557
100034486574089
100036966216692
100035956938132
100034870807028
100034087072245
100034940632033
100035224933729
100003781662726
100034416921385
100036979999552
100037336866344
100028728491965
100034183031837
100035222409836
100029151003382
100036199031708
100032120750652
100023328522883
100037092381830
100037337227424
100034303186152
100036779239893
100035271370307
100005380819452
100035542187546
100015253208503
100035213802961
100025853561206
100035264793608
100033351337573
100035814874015
100014782445068
100028018411160
100033097943272
100015102643017
100029358573190
100032077781915
100037045806901
100034869428474
100022849172930
100036643997637
100036994381480
100034968107898
100033517473758
100010051775734
100031681021400
100032750824469
100029497493374
100036374744809
100035797293034
100033737738305
100021488897169
100013838918533
100036923678695
100037440420493
100028303101453
100037150456243
100034317520336
100023899577735
100032183383253
100035745276126
100035467532215
100028535942287
100023895254858
100037232622849
100005294524599
100037142209554
100033167022854
100033106281390
100034674256965
100034876698096
100036542825903
100034831682459
100037116796955
100033472489672
100027108935839
100026994650957
100032929952397
100036482385514
100028894204750
100036374537064
100033903577194
100037015503142
100033478660879
100002529663359
100035420731201
100037105921079
100035395565464
100037252722759
100027787565786
100033185350895
100034923436027
100036407413298
100029330261848
100032967631665
100034009173021
100029136481832
100036463687666
100026951044346
100024394218438
100031536690757
100009783062492
100035272964312
100031408245750
100029181757475
100034006140532
100032010818119
100035680653186
100034654602296
100030358541698
100035708082940
100035881417459
100028771369076
100031278346814
100036630283474
100035978922874
100037153728005
100034758736722
100037153547829
100037161157505
100034421686908
100029463523736
100030551055327
100037060253672
100028506876672
100036825252286
100030084457955
100035258449254
100037363501123
100034929180465
100027240485481
100031123084521
100035526421194
100011113151847
100037113500737
100036236594048
100030342609192
100026650778428
100031246417125
100034192092495
100028425189416
100024176163405
100029262194598
100035123438930
100035198634029
100035674515483
100031658240406
100035384470314
100033455599019
100036507065930
100030522783572
100011476366415
100035464421580
100034359548729
100035918136096
100035271060707
100034761975220
100035238011385
100026290864142
100034017572512
100013637436246
100034374127115
100036685363206
100019061527983
100036527661246
100029031183772
100024132634727
100032097454699
100034693215712
100035316413810
100026765974175
100035711525666
100033695469868
100036913608696
100028535509026
100035339560840
100037371364252
100036696872719
100036040055247
100035661530870
100031391925339
100020927992221
100017578758783
100035735280705
100033876579135
100026346248222
100026570537236
100029269720406
100020431140357
100034136163941
100028032378488
100032726101880
100025324200242
100034894013716
100016981960813
100033696374629
100032200455629
100025216222007
100025983450226
100028130348998
100036908150380
100035949365564
100027436415832
100036858397508
100035154948571
100035860275136
100013413180038
100037204934640
100037086411851
100036908751776
100036706701809
100035762468622
100035452868383
100033695762197
100026437003217
100025779560421
100036108540221
100033758172971
100011554660788
100033621426598
100014760038127
100007145464899
100035390860744
100026785550960
100024480639072
100029021535316
100032671571867
100036093150673
100035298200636
100035095237354
100029090973948
100026774413423
100030819050254
100013696622289
100028137463430
100027798487829
100036045053836
100030555099505
100035308655628
100034067662046
100036426352378
100036231280225
100036552849728
100037075021369
100037083951000
100014851639090
100037352884339
100004200197898
100036503873128
100008755291552
100026804102076
100027782722181
100027935229766
100037089165110
100035404843205
100034249248974
100037196984246
100036118292801
100026891300114
100026831734423
100033658479815
100026940673613
100028231577590
100037214023097
100033140400611
100027780124530
100031510323704
100034516659467
100012926945731
100034458790056
100036115173173
100033277124878
100034634002235
100022358332022
100013443671903
100034362708070
100034483485976
100028206695957
100032922169794
100017478603952
100006152075713
100035716404139
100037022316582
100023739194018
100034234033387
100013423840508
100013578218153
100034113675057
100035807210925
100034700768866
100035311531029
100035500684139
100027131811088
100037152694821
100023175556965
100026716816076
100013084591441
100024187033316
100036928563764
100033556002676
100033249992683
100032792106870
100029863248087
100025412957795
100024852183822
100027897953804
100027772553458
100029736973712
100028674171415
100034920105988
100033037533616
100034184749428
100023615082157
100009171560957
100019164527539
100029109152358
100033107678057
100007632049071
100036107079446
100026706131390
100006695528183
100033256458149
100009475120990
100035338838350
100037072954488
100034652949436
100035317815720
100033996909382
100033785280751
100014353260136
100009778534943
100029974292718
100036737322457
100033926731276
100032241004417
100037049853955
100027033081335
100011202336060
100036985804109
100019067685869
100035624538137
100034502437088
100028421739951
100034252331467
100035184532629
100029301092400
100036335715065
100036114614567
100035698580149
100034465809813
100033851781448
100032097162826
100031440615632
100031355316586
100031276492741
100030963197731
100029128728762
100028421502807
100028224513014
100025426143502
100023817229932
100036713463109
100036652969503
100036080020421
100035940404839
100035192170659
100034665231715
100034071938183
100034066542526
100032544180520
100025367797160
100036071400118
100035743213567
100035422249565
100035422244038
100035112109677
100035101302343
100034447185590
100034181929920
100033050387606
100029726264602
100028773728075
100028159635709
100005936770139
100036608540334
100036333156849
100036242362020
100036242301932
100036229308242
100036207412932
100036196700524
100036196184398
100036168169082
100036097923317
100035678888275
100035510603437
100035474679606
100035459310185
100035329928429
100034648900917
100034151373115
100033902837523
100033715110768
100033330697933
100031400509157
100030751282816
100030747570845
100029240163842
100029184412750
100029052725396
100028762667347
100027458282463
100027204585301
100027196127910
100024162633155
100023726651670
100015059560181
100013180503407
100013100950642
100037162507497
100037007087348
100036944837628
100036942801529
100036609134898
100036367401711
100036085641022
100035602124991
100034109677091
100032686595691
100029879620689
