100038544061085
100032250730294
100035264260625
100031113784500
100022092487681
100027060112319
100026006051849
100033291344238
100037138505846
100014365878813
100036991311140
100033786642657
100005137966342
100006511936322
100016478555813
100037136627887
100032621805154
100015995256593
100038334457966
100025372922318
100036147167477
100037705685373
100033850486347
100009538303803
100037419787777
100032481757804
100032043215562
100015095143035
100002188097723
100038412758919
100038484452296
100036947354267
100036695862943
100004205645184
100037822996116
100023802612015
100013093300500
100037550562137
100027648140521
100021949309057
100006201825403
100036342070131
100023943646093
100006731166614
100038143083282
100028053016362
100037932292154
100030876106529
100035826589091
100038370540169
100033911092121
100036586721675
100025289132116
100034478953678
100030084612856
100011243293779
100038056908436
100029969480203
100038217885060
100038324476330
100038412307960
100037586737393
100030190026082
100009789551639
100037313090932
100011509966981
100011840352924
100032681927852
100037749068919
100034388263435
100028642681227
100033466253983
100038153675439
100022789771245
100037066417679
100035142522504
100026531836822
100005127159739
100028193244141
100037276173879
100035474754223
100037332530327
100038161431856
100036701420076
100032401638914
100037779373590
100032236178326
100023718553997
100024160673546
100031169842034
100036058276767
100028294001682
100038094714057
100038130919029
100037386082867
100001048641087
100027955157684
100024449167396
100014100104470
100034525217823
100029062574749
100035818628512
100034121751808
100025089428468
100038427007610
100038488293843
100038533320806
100030838982146
100038053537565
100010629061148
100027736718699
100032590290930
100025059755496
100015163321207
100038398928988
100038163011461
100038223367347
100038046098342
100037800036655
100023198063464
100037342908600
100006796561468
100038383809497
100033886758828
100036250923821
100035705359415
100021850808364
100022471710190
100036551614125
100038313376041
100027033112781
100013838735730
100025917797779
100013137731549
100029528123534
100021915619960
100036295443515
100035221613243
100016517627508
100032203113475
100014148409411
100038057262780
100034575136847
100002086651839
100035792646703
100028405310053
100023747461819
100034587367928
100032657406387
100032247132687
100034799054370
100037638019666
100007131583763
100038152422522
100038267327218
100038280251017
100038291386339
100038384289199
100038329599546
100038474374634
100038486401518
100038495223352
100030875625152
100037174729992
100011151885261
100035689595552
100032103426542
100003761394245
100035842599501
100038002790048
100026460436537
100003322324218
100023599373903
100028160163875
100029255842219
100037761071275
100005530699021
100029429280367
100036535116374
100035529962553
100028627972179
100008689786104
100037831449926
100035391072186
100024506838239
100035703279435
100018604358413
100027819074637
100022605203286
100004289649746
100037959040546
100012598668197
100038150843903
100038155936413
100038241318225
100038272667342
100038277166780
100038292796198
100038329118726
100034073721978
100036400059307
100037325563508
100035738866154
100035040468130
100023718312722
100022900237772
100009055902188
100023098893552
100004233910198
100026686147025
100021936041830
100034998420372
100002882269588
100035427946547
100011377607549
100029194787199
100013378026591
100013593664722
100014065770042
100000984455391
100038038043187
100038260907435
100004441725114
100035113653132
100038290034931
100038384077885
100038416897083
100034429267710
100013215762378
100033675892088
100025032143333
100031811124200
100038407086901
100030614749421
100032261719650
100009624103393
100004379553423
100027503200403
100022216380534
100014581383157
100028025885372
100023314540947
100017035475650
100031903339775
100027243433240
100037357956043
100038310074161
100038237386912
100006789427987
100030083476306
100035551128513
100038263838396
100038326269725
100035402543478
100037650501774
100024955849120
100038275395065
100035173530434
100026468194603
100016353046777
100022767706642
100022094191342
100013922766084
100035844854126
100030159353383
100037161604057
100029962036015
100013165242986
100035257721773
100029311272946
100034738267895
100013140309674
100027962602787
100028754565364
100008780581979
100037770892192
100027252995169
100016785557288
100038083127921
100038281034693
100038318203508
100016097642477
100038321857292
100038327560763
100038331912231
100035479172636
100012282213313
100035452688413
100013294951266
100023532322424
100035561146794
100038093713835
100037629164899
100037536197161
100035244294087
100035841701192
100027192711196
100002568617270
100012139503492
100027049181433
100023359024747
100035647151708
100038376154132
100036037904602
100036107268160
100037910631011
100031682130131
100033884961311
100038171176799
100037431739295
100035762656016
100021512542492
100023961040032
100021800434276
100002068083538
100029097666136
100029437663624
100034824523411
100023165228395
100021849637223
100035530320804
100038047927534
100024658701688
100036495073885
100038008973562
100038038283312
100038146879041
100038260989214
100002038616983
100037160016442
100001499990414
100028515824591
100035128059974
100033628808812
100024925356198
100037596095710
100033828908096
100038066070854
100026933026188
100026609236183
100018289844359
100014665591884
100023915089215
100001910577250
100035063974847
100029073132492
100004380765867
100021203499232
100038257633811
100037392676276
100023630873249
100007916583340
100037992131879
100034243981099
100034237396938
100034834532287
100038007202450
100034369553440
100038183463654
100014802786854
100006993704020
100028338399565
100037419348860
100024622060327
100038331969551
100029629483658
100024758567018
100035280901597
100029497184504
100028350497973
100034677591132
100035556002461
100000991826803
100035191181327
100035645662319
100037842169310
100035940842674
100017297203495
100024817172353
100027871741685
100035249240915
100037600219737
100037692832375
100038140882722
100038143190569
100038394091251
100003996332171
100010824390143
100020895943920
100022274739428
100025968543052
100026186224207
100028413280533
100029518232843
100031427580355
100034870660074
100035077190581
100036221800592
100036227942925
100036346884398
100036527982583
100037069442703
100037381338126
100037469212699
100037701369493
100037931203444
100038297831180
100038360911667
100038442750494
100032296833238
100001985107599
100003885556208
100007564321529
100008711109842
100009848772178
100019834630656
100023605554112
100024167991658
100024331339640
100024669150527
100025015187832
100027101237839
100027328223085
100028293018226
100028524552277
100028998860058
100029739135773
100030792220332
100032292784794
100033274159621
100034175897843
100034748382210
100034749848888
100035410382756
100035460443517
100035933781034
100037997203966
100038075781823
100038243979433
100038307580541
100036675487022
100035356817936
100002493163111
100036323891899
100036909201345
100038057508394
100006820547200
100009175499382
100009467785714
100011340290925
100014546945494
100016526898856
100022494810316
100024363604348
100027113831808
100027144520361
100027622846233
100027754290985
100027771083821
100027878722851
100033275979529
100033861425048
100034330849133
100034977610264
100035209653461
100035916441184
100036194542535
100036623821278
100037148046091
100037185660220
100037618861616
100038167154891
100038255711957
100010861789129
100012731552463
100012800553691
100018975939305
100024470118542
100026884554382
100028043202133
100031324158359
100031054791110
100033691732174
100034537389295
100034542252868
100035402950459
100035893895662
100038176059830
100015523021705
100036037960030
100037473245048
100037918221148
100038331156717
100027310502496
100004344241924
100025363184601
100030497857455
100035104664964
100007094472564
100010626992927
100014394484797
100016405218636
100018097358888
100019323452901
100022792546497
100022834538005
100023931303552
100025527937317
100026088006667
100031382813333
100031911886330
100033393613747
100033460523911
100034218739735
100034619676904
100034635641382
100035592019873
100037280744933
100037635510191
100037987307890
100038041362355
100038190218704
100038331935252
100014027892952
100029644500621
100030692861763
100034801628268
100036037295601
100037066391017
100017348550726
100001398623690
100034693459497
100034207848924
100033548662683
100030939756037
100038192223164
100035358649077
100019358053469
100022230397334
100032090172247
100037689411898
100022559093339
100032400891935
100030672102539
100018277050393
100034629663618
100036702522272
100034269756587
100037996731313
100038340662445
100033175680623
100015403693424
100033708129743
100034434545451
100027647244211
100038124036970
100034281649221
100035151960331
100035217842237
100013683875735
100031237082033
100038198077977
100035778679445
100028212222658
100030596925355
100038245896938
100012890321715
100037969464345
100027507259558
100027346990879
100032298737747
100029475709906
100029986595716
100035916181442
100036025410203
100037525725138
100026316183141
100024691532829
100033602743178
100037909005705
100029065451204
100035186442703
100024933319581
100023268953621
100035893780241
100030119863583
100037783171173
100036399098804
100037304130756
100034711652894
100031801206743
100036905537031
100028433370410
100038228316644
100034323099090
100031445963162
100026424390499
100035545394781
100022317312270
100036369619113
100037825095648
100038041732216
100038237344868
100032712602807
100036892663271
100025272005726
100023842877470
100037777478858
100000627306828
100015661877128
100024325059742
100032407933165
100037842871110
100038064344558
100037232970578
100030170481896
100029960742140
100038120290010
100026509904540
100038064846424
100033185250837
100037921254194
100032727142214
100037342164314
100014658875055
100037431586293
100036682572737
100027505814907
100038001622678
100022706493298
100023305731138
100038245653690
100002322372148
100037644162669
100029045202160
100035938032584
100036783983325
100036286241157
100033340358259
100023743572153
100036044355653
100023358195847
100038057168885
100031865112572
100027306502341
100027326269147
100014498944810
100035685495372
100035797420043
100030424081225
100026485629864
100037119073960
100031682056589
100035855681921
100037843760941
100037965675737
100038064793508
100038244151208
100034673190845
100023482238411
100030072195155
100032377480393
100024388163088
100037613630477
100000610478794
100034394508902
100036355342288
100038062980870
100024397397868
100036312638426
100037950144004
100036540884804
100024799517420
100025265283535
100037957473848
100033795905053
100029808570602
100028180848761
100034407438853
100031692375893
100035662307822
100038042950036
100038237791035
100024982635532
100037069387723
100029029981264
100011098962466
100036157005049
100034610781377
100034781743906
100034905132608
100035192839820
100037603990330
100015264333110
100025998211548
100038028438269
100024092582263
100037868656017
100037954192511
100035007619666
100032850064169
100035758537161
100037710990453
100015858848947
100016936836509
100023437959279
100037775861079
100032013643224
100037870421809
100034657668216
100035965030935
100036224572206
100035106284180
100027876663552
100036136038359
100031879186206
100013929996829
100037671073402
100034636393394
100006158648081
100038163211909
100034824832173
100027260262402
100012508921126
100035567349979
100027638753043
100026876590924
100030928131952
100031659473938
100028490780728
100034689815796
100026634006125
100037922598224
100029779870626
100035483250860
100034740585227
100038039805195
100037884109113
100028932215102
100028703225922
100022277136985
100014712939653
100035464402133
100035221539726
100035873620359
100036503950654
100036624483631
100015367652449
100029721006552
100037736747254
100033221601042
100035629603843
100037688303363
100037134606269
100001991923160
100037372613058
100033359446393
100037802272145
100038098089997
100029532632051
100035313090876
100037793297670
100036674327994
100037806173064
100033698204530
100027613995369
100034586079550
100035561438319
100029083993686
100037083783117
100027504092550
100032720775825
100030353357104
100037710070253
100004765173537
100033233751827
100035489581156
100031113578808
100036092715544
100034073161446
100031088662827
100028703978113
100036638148740
100037647893922
100004286673758
100011977560956
100019014315975
100038001399519
100038096732446
100035371114307
100007012835733
100024024244870
100036042015437
100029259692067
100033884523026
100036181762997
100032218114783
100023837525378
100011542360190
100038122476764
100035286932812
100036184485327
100036463120870
100031229405610
100037950573431
100036428917545
100037801006477
100028110392926
100035705599812
100018647888989
100024090486724
100035630831228
100029130661043
100027418663054
100037565291027
100036597048048
100037785228691
100032346951408
100035314356980
100036052066674
100003616711847
100012585390747
100013794753490
100034973991568
100026954504446
100036811365962
100034030004609
100029222405129
100027270916776
100036230523283
100037449847983
100034976423126
100027709404247
100037777425787
100033759849454
100035571464042
100038082877897
100035941793848
100027969640263
100017079162679
100031964856644
100032981045518
100035527099189
100025717202605
100027890920843
100034395682860
100036244624037
100035608472130
100037938196980
100037948876354
100015561092564
100029962950940
100036228876855
100024733485054
100023370934635
100026949137832
100023461064952
100031656586357
100026450868887
100029999959880
100037026023620
100037200994088
100027170970106
100020110538862
100027868363777
100034488124480
100038003341359
100029937080712
100027679637610
100021533658860
100037477489436
100028283256276
100016222484269
100008803751588
100035547197352
100027397802206
100038078737709
100038021344253
100038013311812
100037525778260
100036626415141
100027340391153
100006828608997
100036098073743
100037117569028
100015863447205
100031916235296
100032513777108
100036623976308
100030454817323
100036542842341
100036388811587
100021268300372
100037700662449
100037868073215
100033831683836
100036436056573
100037971253617
100035364032521
100038065770665
100027424620968
100036679099656
100027625302778
100025103824411
100032522466444
100003964249144
100027170801381
100017478462111
100035662774085
100030209861478
100029532879698
100031602018790
100036060280717
100011540733378
100025595195426
100030615166746
100004734697895
100035739460540
100036584793255
100034480192146
100036897903111
100025962099822
100001059705181
100035890848736
100033949661079
100035034532690
100027596386359
100010887408774
100028344938116
100026863055113
100038044895575
100037537335808
100035152658736
100035530264138
100035167671372
100035240374657
100000703125603
100013994025359
100028314913519
100024570833392
100028280982221
100024030313812
100037680832899
100027251950350
100034342035309
100028865414854
100010196253150
100029395811570
100037574749367
100008592402719
100025502380355
100038137592265
100037926164811
100004193403163
100037114234127
100025451344424
100027294821134
100035210581982
100027062259853
100029615534653
100016614137789
100034329856467
100034799748787
100033435000749
100026039654199
100027090979108
100035801708645
100026640694852
100035491754647
100021465331417
100002325513692
100037910645254
100036935915074
100037337253457
100023818174956
100017670919350
100023312160993
100035678375883
100016717812058
100034883444968
100033308031656
100024112984736
100030158748415
100010035274272
100035548875036
100030243090427
100026305880804
100024597939359
100033902539570
100037434363848
100035825871933
100034620573968
100025360983606
100012738888187
100036317373272
100028266875373
100036373028928
100028351597606
100035143385329
100019148947608
100009373760041
100024415897424
100014932052689
100033313716666
100035809721371
100038127780807
100038117280722
100023438550637
100031419225211
100033824808259
100034226661785
100026304348223
100017404606814
100013329370236
100001155937865
100037796594823
100038048164443
100035809369280
100030121969598
100035245672734
100025474475174
100031838766872
100025280135744
100035936325407
100035848300574
100024902724187
100005231580146
100033676576524
100016656736361
100002509514525
100033904434156
100035129190180
100034315457586
100022333960248
100012153197738
100028614787436
100004050306242
100025411085327
100027380313311
100030123576897
100025489700012
100030424492249
100027196110669
100034068051766
100035708264434
100035165379999
100032317810201
100028331813035
100031276699796
100015062259194
100022567599681
100035459540651
100035216148929
100032988332429
100003657671122
100034573187956
100026953664880
100011567073922
100034036215268
100035349135518
100036856814914
100033515590435
100037285184820
100037256572049
100037130732177
100015476741496
100014870926249
100037923579463
100038056713083
100038059473008
100031953982552
100031759240686
100033758855069
100030232763445
100035744452196
100024701082895
100008447174398
100037811742170
100037008584090
100036943816160
100024097750349
100034699703084
100037782793262
100037907136122
100034155825817
100033951789620
100016053720566
100035055366987
100033321728772
100037866337787
100004634589230
100017874611156
100030232354398
100036115634663
100036435125486
100030255135469
100037755406713
100009587226193
100037559512664
100037040123407
100029932869663
100037326092074
100018589360064
100036246365527
100036172910011
100007085827927
100037671287221
100036401436849
100037620187436
100036339078328
100037864302318
100013256222705
100030717361396
100030897933047
100021469043551
100015213938802
100024661125067
100029983444680
100020741077022
100025955229392
100037817891919
100015993189113
100015122627077
100022326968165
100035745617337
100035079500546
100032387078943
100034461763374
100035965260321
100036422360918
100037772328689
100037718932263
100038031753359
100032704541987
100011488122256
100022380619089
100036910513633
100033329015304
100033256265037
100028015818991
100035693581856
100007155432672
100034256919170
100037426001458
100034106193963
100009975525029
100037282373358
100035093770289
100028860584819
100037553844104
100035401236626
100030122568864
100036941358697
100025507860725
100037935216932
100037581845178
100012224917230
100027164269753
100036105729460
100034648921268
100010294485242
100001930476686
100026867813718
100031317667483
100024295697351
100037555970487
100033151580177
100036391621887
100027421456745
100034330099811
100028057052350
100036412238557
100035630347335
100037416664735
100019572461416
100009473900599
100037791167187
100026362731320
100037632769725
100031391583319
100024428134862
100013232733776
100034529506176
100008311571884
100037839613794
100037084568462
100028329909821
100035082712419
100013560969617
100026367165790
100024532274862
100023617934053
100025318365943
100036286638998
100022600898676
100031546473645
100035252044898
100037702732714
100029122660613
100026473110759
100037739378638
100033317464660
100029138343838
100016176570258
100030543605555
100035158663702
100029567681578
100037587015022
100037738340370
100030665379039
100034435480633
100037794248793
100026971942819
100025969685146
100013922160695
100037608771026
100012453001180
100024544339379
100001076908288
100000074430016
100034734972748
100029893002147
100013938693623
100037282697990
100031074412517
100037874409895
100037900055806
100035776271992
100023094225286
100010135863454
100037082508605
100037920726630
100023657522263
100038021761435
100029797892151
100009657519949
100036035765125
100032160262981
100014381743974
100007476406430
100037853254932
100034477481907
100037326364338
100036169965407
100037744089272
100035188671204
100029609776048
100015783070711
100035651734456
100006039462069
100012317972749
100030479626120
100037789090400
100036081519839
100033511202379
100022792295776
100030816554840
100027255271107
100028084446194
100037842701810
100022746105595
100031792953915
100025287230094
100005172528758
100036155730056
100026630423611
100027032820186
100034460713074
100002188827206
100036460620423
100037635892952
100037645007764
100037822750638
100037940130949
100009966851680
100035803101584
100034524138119
100006752413817
100034461696212
100006318601535
100027146314345
100036495409756
1797459038
100029439577059
100033890850791
100029217572877
100024010132829
100003163965809
100027935882987
100002335341987
100036002864993
100036499156283
100017212727552
100027614380875
100034279145006
100030330160543
100026013635306
100036988740112
100023013765267
100032023211539
100036038956340
100037428948903
100006439051996
100022407531616
100036158630448
100025542133208
100032865911532
100025954951552
100036951002485
100029311485300
100037582818510
100027782663432
100037752941106
100032422741055
100037945833390
100037059456543
100037472632573
100002588654349
100027430352499
100008399493295
100037104640832
100027478943906
100037052297488
100033248984454
100034765172045
100027496994620
100028602827792
100009521096394
100036507893589
100035023488598
100035942442143
100022464731139
100035281548769
100024355182348
100026393627267
100036766574969
100037891086828
100029452152617
100016542164908
100007888061806
100031450910850
100013299134487
100029692867213
100030348339483
100037835046543
100037182105851
100033314808779
100034859160596
100037695318546
100026994110610
100034913176696
100024834578517
100037050110237
100007518365657
100037685510589
100026704934678
100025862737417
100037382285069
100037926844763
100037712113279
100037393810363
100024531751350
100014984022404
100032791963494
100032091497487
100037767661659
100027969726633
100028465508443
100025661207034
100035881212326
100036842750117
100034221968388
100035927364288
100025499467216
100036730780247
100037681308385
100037686139854
100018454517821
100036387517804
100031156170257
100023855671939
100010815588746
100029912003720
100032745815993
100035718099716
100012767528710
100031113077708
100012270784301
100036639142728
100034274332025
100029441105407
100019328773920
100037779999818
100028209081236
100001660989034
100036461559713
100014840646062
100035058559903
100034233072644
100027103582151
100036598936171
100017101680197
100033708300076
100034216470616
100033264591869
100023364463858
100029797563910
100026764037485
100034481030418
100034082861752
100036790624103
100035951332761
100011345486929
100035124514772
100037665933554
100018066586553
100035709826871
100036758150965
100037591702784
100032722390891
100026360898307
100008456138950
100037177701909
100000505423235
100033602779339
100031174245224
100034798313851
100037574691764
100037716945922
100037768422529
100037793318169
100027600051130
100012676904181
100037693277962
100009740024635
100037656552649
100037765359279
100037823409107
100015907275050
100021969098209
100010037523394
100022364512832
100027072786530
100035823033383
100033981155501
100026595579491
100014666947527
100029871361959
100035031161600
100016216422776
100003345670294
100007515335058
100030743070678
100037569810449
100024630113273
100009950257695
100037180582822
100034736952319
100035317399962
100035033809413
100036333470855
100035083973001
100014881933976
100031184520527
100029395581365
100036974016176
100037427074094
100037152037291
100022930561154
100027122672355
100002458287465
100037583513890
100037469904295
100036299418148
100021855707908
100027601744131
100037276968244
100037297434001
100032175318616
100037656422170
100013386789878
100024111316679
100033553718512
100035592044420
100036247237678
100011535738013
100033132621280
100035399213384
100034700255206
100018453018300
100017248722927
100037189302461
100037853885010
100036291368472
100036125452084
100023546261739
100037706446043
100013594863459
100009319319876
100032428307606
100022037320294
100034477833187
100009943875352
100027227771938
100035792597585
100015650050523
100012277713660
100031842070178
100037926151694
100028761157533
100021827980027
100006594820359
100037571544010
100037813054971
100037817618418
100006369106056
100022443834351
100037483155766
100000771431678
100029942855327
100022950196359
100035558438165
100034591182156
100027102693575
100024051572480
100034575593610
100026763723836
100009724717036
100037679555490
100036164928154
100033802239685
100004716432725
100001190415460
100009005338813
100035080161987
100016466830868
100010210993652
100008452262441
100025881487031
100037728397592
100035006574001
100006220599093
100001775991446
100032292458507
100024080741559
100023402283010
100022549958989
100037744204039
100022633728575
100027559440256
100028529147591
100034618777137
100034657785228
100036291572833
100025035082156
100021812980290
100037037750624
100037246012143
100037792358490
100036424680468
100035992972923
100029300615496
100007345538011
100027434973709
100030017524514
100024597360156
100037047413540
100033662242727
100026592517265
100034981553226
100027609047167
100037714662869
100037866753455
100026940917555
100035884417614
100037448148799
100037621428856
100037705060574
100037847674327
100026349961131
100030878484396
100004467016253
100023173059942
100010661707785
100024927561356
100030569390527
100009523371584
100036805623311
100034907295033
100027354033497
100035688320897
100026742931774
100036796954104
100026207091527
100028636552176
100025804308795
100036878621013
100027014658785
100035695309066
100037353062066
100037030291918
100035417048194
100034631737345
100031147051697
100033867095762
100036051100487
100037498402701
100037541813310
100037630410565
100037670411197
100028807609309
100037229701831
100033503627501
100027784158527
100030870744126
100034960491525
100010877581303
100015051586057
100036790471322
100036425921022
100028424115050
100010415913176
100035489824384
100021568278159
100037087760102
100037427331998
100037708143513
100033706741616
100030207094894
100036854679566
100012319780163
100027425322714
100037628922331
100027759262695
100034287481256
100033330406184
100012943534646
100037517839607
100009784534466
100035739503428
100037434741311
100037728281179
100013307194576
100023007137768
100004038725756
100037450251922
100026632156221
100023155763018
100014689121104
100012437828320
100018304923568
100027292951776
100027922234909
100034524722653
100025796704175
100032957885568
100032838489619
100026463542249
100037056227429
100034881230469
100010624153467
100014136900777
100025540000322
100011471400120
100017127794130
100037431545950
100034568375514
100028425317178
100036091133076
100036301782728
100036587014830
100006639376614
100032426532183
100037090994075
100035202612212
100033177653101
100022929483775
100031036489604
100037006899794
100026541431549
100015022083357
100013375928122
100037015778893
100036143315853
100024054164611
100033252110890
100023477672901
100009529112510
100028426013027
100036242888979
100030267740330
100005962777301
100035719778425
100031922295349
100031691178731
100018290794659
100025721592544
100036470889912
100014396238846
100037681209033
100037628954547
100004079400872
100015299557723
100032549680757
100033169894573
100035138461627
100033526652040
100014206786603
100027599554144
100032583858005
100036633695250
100014001198681
100026413224157
100033789220683
100037709019897
100034330942932
100036423371710
100012879452362
100031005676290
100022930741067
100007119278274
100006436005236
100036261801800
100008917904004
100010270005420
100024441792513
100014518300152
100011818534407
100023852596692
100035151750460
100024507151147
100037369161685
100034711162994
100035649407409
100034401255581
100033581902924
100028817599231
100024493033608
100032660528167
100035479517562
100037789292261
100036169434010
100001573665009
100028279473968
100023729861721
100024625417713
100014733099240
100000214966745
100027936979950
100023844360063
100031659440513
100036520906889
100012656418344
100026491991091
100037461156463
100034645882769
100035938452083
100008616962457
100037474806118
100030912271781
100035239230968
100035862142293
100029246833695
100034172263242
100037612390870
100035926907068
100027668523428
100036463120659
100009651193475
100036130560997
100033862213333
100031400478842
100036863353433
100037353792652
100008731203501
100022491185461
100027026222905
100032888526226
100017107987804
100010571208291
100028317123243
100025466442331
100015868298906
100035213232951
100022648702442
100022301983400
100035484694748
100035301633484
100035356785577
100022557678987
100013130898485
100033897487499
100022454781078
100029890414666
100031844890814
100026850153721
100036645124048
100037640162755
100019594022120
100036820936404
100037210054480
100028221606813
100014775818360
100037482916948
100010975386450
100029409161300
100037247715548
100013218314256
100025322010092
100007881311601
100028190377109
100037276163963
100029746127476
100035127492084
100025882804437
100028462953447
100004626905932
100004714622720
100036232823187
100036397484321
100024637116683
100034828953584
100037381583120
100032718604057
100015035957290
100034914241665
100008897281398
100027522112217
100034802280627
100032279590105
100021750732725
100037374079840
100013098221014
100035667037526
100026742608781
100037398232073
100035671292552
100005122487579
100036445111320
100031625062548
100031430555448
100036830049842
100034512675698
100037620278163
100007619433621
100036226266827
100031757024392
100036317421600
100027052635370
100036534519776
100013527528590
100013579351373
100033285434536
100037384792564
100024169450081
100028168969484
100035644277011
100036420642428
100035987015145
100037611937915
100037633356463
100037691492410
100037699923051
100031579786029
100006105697501
100018620043240
100008509758905
100005439679226
100036014363758
100029286094794
100037386741133
100009693519706
100011401938915
100037392270802
100027989798654
100025421890540
100011762101951
100026769790622
100037372999833
100024761584552
100037472386259
100034725259073
100014303495383
100021980506977
100036200776903
100035813533301
100015866021621
100024203989267
100028060260573
100011911447999
100036385602738
100036875353384
100024379744399
100027905629611
100000651453086
100029731722972
100037408819613
100021493970973
100012000643544
100028712062639
100034263032115
100030764206978
100033380627168
100037337838156
100034803979451
100016752604025
100025382632822
100037545368535
100035991457210
100007467944412
100031111654979
100037055693087
100034174926844
100034960994472
100009870041924
100019286615381
100036386536066
100004655108648
100023944902357
100037486746806
100035195028666
100034588921151
100037426351493
100008481608475
100037429665002
100026275384440
100035679860608
100037380500580
100028967888291
100024093669980
100028206695957
100030663764051
100034832970866
100035381204020
100023679133273
100037324441641
100009238746261
100037244735481
100037488967364
100014869742587
100036078214361
100015474487210
100021863613814
100037605666691
100002426491479
100036988474866
100009159793096
100007551104683
100036803940526
100016293555103
100026173877463
100035343752257
100007078183704
100032715810613
100030619664490
100009832204415
100035949661897
100036890087180
100037392677993
100029556940033
100022546539355
100035832467997
100036856417359
100037295243335
100037328505456
100030018017416
100035050001313
100022739801512
100013913804186
100035343931674
100022544171172
100003564432127
100033859904057
100012239476306
100035562439664
100033637845091
100037184572853
100004612331868
100016846180816
100023462993402
100037511261264
100036320298435
100018202898684
100005721965474
100025424418589
100036381137713
100037621861740
100036143693074
100004575345943
100028167952101
100037368377131
100037183832496
100034677090377
100002957821258
100006313247389
100035483061222
100024690321154
100033149341412
100009701414410
100008092061644
100025565897733
100034699399831
100031780266403
100036479634297
100028201250617
100037665511655
100036522731718
100014076691726
100026710252072
100008473476417
100035339240962
100035159080601
100037367898240
100037491280693
100037492781308
100006459547520
100028232141497
100036094068867
100007517615079
100029267946052
100035135032548
100031288758675
100018827531148
100037259240245
100037406296218
100037446669540
100037577284817
100026875882470
100002393222525
100037411232864
100034555698478
100031889708609
100022594661373
100014753017182
100010451138929
100025648034411
100023490886915
100035271427192
100025383074445
100034610616395
100036547120547
100036248378892
100028360624835
100029326712908
100036522153642
100030092091734
100015850902781
100035077443432
100037307321956
100008141535679
100035085486322
100037271289663
100014621955787
100036015469031
100032243467724
100011238494718
100014067911533
100033744736526
100036123793727
100012134978154
100037561925461
100032098261950
100025038470496
100035535990551
100026740620655
100015475126261
100029975897404
100027070308767
100014295880567
100036550653196
100035879124231
100037545514094
100022003522024
100019038544776
100037461880698
100037573323615
100037616701395
100026344639159
100016279936893
100036681333619
100037348721462
100036837883578
100020656262108
100036270911241
100011454277580
100012625031057
100033970721000
100030968588574
100030334601352
100037352974038
100037517557001
100022130257190
100030526083417
100036767010817
100034819026797
100016318681616
100020327942838
100027376785592
100031532572074
100035768829621
100014279284924
100033856358078
100034512651652
100036053345077
100011384249009
100037461249372
100037438871270
100027868125806
100017026680280
100009161452756
100011650144549
100015280890981
100037521096048
100005818145307
100035957971925
100035340110405
100022226949649
100023749653651
100004627928159
100036112491822
100013018391341
100008347260441
100037251592750
100011386829756
100025389233268
100022989373653
100021521881828
100036244181221
100023902573635
100036600844510
100036110772790
100011360178745
100033354323864
100037326092050
100027018924135
100024861094300
100024201370638
100024436301418
100034534844398
100028482612287
100037247147186
100037266560583
100037504322383
100037577610553
100036747549846
100030801584478
100036833343189
100028309727422
100025735420541
100036401753030
100032405183997
100014583364591
100035386421746
100037257437496
100037398162482
100026357651873
100037006590728
100035600527690
100008282016100
100027917286693
100035438713191
100035059058236
100036056461919
100008781332196
100002387817389
100026663363570
100031518850846
100036967417460
100037133543861
100024598841097
100035840809072
100005390198958
100013851184537
100013221227731
100028426693285
100037311580081
100037371872835
100037410033533
100035510161973
100035164066020
100035569202411
100035282523033
100021946084940
100008166348406
100034584434142
100030118115719
100029317642026
100012486007993
100007402361394
100008293662776
100005407212645
100027628910082
100035038159915
100009592754262
100021934483930
100036975639923
100036515353411
100034448017154
100036395684177
100015517901006
100026433002634
100028948290271
100037247193716
100015518194420
100027654124860
100037370707577
100037303634074
100030101790531
100034535679627
100018652839240
100036679568964
100034113543798
100025058973987
100015463212007
100010411240912
100013119876658
100037167261311
100029784243761
100012676926676
100030754995500
100019708038623
100031809915857
100035587651903
100006429293636
100037153042735
100036454882846
100016155793925
100037414059524
100035391487398
100037486713693
100013435629045
100007548078482
100032577917499
100036578689710
100035567091010
100026576981088
100024508161248
100026615166980
100034705022815
100033654123935
100014264536330
100036807406935
100028319175671
100034469302811
100000746132534
100011943767380
100009968079372
100013164870959
100035556012703
100033826920714
100021659959375
100036164491846
100022608731128
100020712160721
100023777893121
100031863547118
100037194975765
100037519412564
100034984331795
100037438807153
100013812270813
100035736256890
100026630718611
100034815225146
100028553616426
100036685295319
100010542186090
100030211824267
100037267480144
100036266076698
100014590964707
100025407292673
100015431049299
100025352506881
100027108826787
100035908774636
100013218076179
100036071258281
100036377867710
100035676652981
100037178512563
100028331584390
100021193147867
100033933095397
100031910371077
100029934460140
100028682872622
100022899253422
100034324987606
100023092440743
100035460339637
100023538215873
100037406827794
100029148013815
100034351742022
100037155623420
100027082170067
100036565090250
100015560687908
100036253430735
100033659692145
100002349177787
100031263223384
100034785019607
100013688475420
100008808756411
100035822885080
100035900282370
100035742198914
100000532462576
100022451387189
100034122492862
100034035433090
100036944173657
100037320603878
100037342445681
100000164861671
100035151544299
100033303316069
100028278421773
100035541664179
100022158371847
100023301504315
100034257023703
100034696939894
100025316851390
100004349853602
100036179915154
100014293920550
100021403727619
100021643384340
100034639863915
100033125301708
100007651959860
100037346650237
100022923782811
100037153442490
100020718782865
100026502818034
100037470392602
100037441084059
100036929182110
100034767124959
100036558080621
100032406134770
100028454210058
100035208581162
100027517749330
100010363452165
100026254445485
100037489321218
100033592659332
100028123479883
100035129435266
100032653788908
100012670814817
100023718743806
100035540813918
100013240187701
100012161914907
100032060267086
100012077647762
100025854092601
100026591378029
100036661477605
100010003265077
100008909554088
100005026085849
100037198472860
100027095058997
100032206389503
100030663937202
100037183339915
100022126475682
100029244587228
100012366137948
100000691037602
100024935532117
100026098772982
100035547520953
100034799000234
100033055841892
100033696938868
100028230901276
100012485984474
100037150551265
100037152141527
100037175479372
100037272584144
100037355138121
100037412764934
100035133643499
100025715111615
100031228846089
100034341257913
100029103755096
100036583339170
100035635937678
100024662357169
100028138385886
100035208530704
100005906383654
100036030046475
100018653042921
100034435155088
100030215670588
100012101617324
100008193826016
100016588502580
100032675040981
100037477020948
100022035344102
100034099480567
100004315055572
100031455726831
100030551321061
100027153080482
100026966890600
100035366920609
100036842178998
100026312923954
100032997732985
100025835210133
100020634946722
100004008985457
100029148610430
100011009222633
100034254395134
100036500255209
100035857593011
100030074944366
100010794728175
100032813993263
100035613425269
100006037788847
100031686390300
100037219243061
100037401544881
100036024630771
100026105862978
100023446722787
100029212119601
100030629523943
100016138873099
100014669473566
100022233245966
100035662840906
100024832459661
100036916521279
100037034585194
100023637880500
100037028228568
100009681694153
100035223798880
100016850354415
100033719353861
100024326377020
100033258320239
100034755423660
100035832494156
100034832349868
100036533770216
100035797662307
100036979999552
100037009330249
100017230278343
100006309160637
100033809113879
100028113042311
100018886449290
100024465257270
100036069878109
100032129611731
100033587791871
100030592112454
100036654442439
100025297660002
100009904938853
100033904711651
100011100221236
100029062160470
100037383364215
100036083521841
100031699710164
100025454391591
100036542825903
100037046715075
100035787710078
100028182935743
100026293922606
100029581623686
100014416933623
100027563733667
100032159071674
100023695320858
100034808793788
100026951044346
100013101060411
100034054154711
100015273960031
100015248917070
100029331756839
100017633313420
100033645874700
100027657787996
100033008064207
100031300903319
100036455663763
100034657624492
100033233301233
100036333023020
100036685363206
100036962992616
100037045806901
100030144162967
100022715854453
100013714784636
100030931215390
100037194097623
100037172056562
100037055783662
100028495596457
100034862894158
100034745802253
100037257817356
100037290577402
100037297143183
100037349341139
100028329547681
100024553080422
100017703873767
100028526022765
100023571004010
100036953856971
100034223432275
100034149301427
100036706701809
100034593854404
100030533777581
100031797613000
100007988893485
100036090582330
100036330199725
100036089108861
100035823465971
100034598287465
100036437361934
100019398797307
100015326850676
100036058268276
100023865233291
100036985670574
100036762816931
100032990407160
100030844714502
100035873114334
100029515210763
100024456708370
100036719170002
100034726728859
100035407683804
100031748116617
100034196862254
100035084091503
100035806309073
100037257910620
100032560999690
100035240045657
100034424445150
100025193974365
100036883488085
100028594572020
100037022316582
100024286336776
100008356089034
100032964703013
100008567702593
100032922169794
100035181752760
100021678156929
100031407822672
100021342562862
100027818600028
100032253583001
100026437003217
100030657398124
100028959216080
100034514329681
100035918136096
100036356149895
100006410018910
100032811631159
100035831857220
100027939729647
100036572042529
100023414321966
100015726615285
100036307084068
100037160985701
100037169984445
100030660278173
100024389922626
100026296821059
100032065654754
100024362298151
100031214735878
100037057150409
100013239789586
100005760015652
100033905203568
100017977383525
100033353080248
100035804806496
100037037409639
100037353993135
100035597797857
100036017231761
100014187155395
100035162881065
100028790116498
100034547417433
100021075021424
100036075407049
100034286474906
100009249832357
100036903232968
100037119558068
100011727649219
100030845595043
100002099467207
100035345451882
100032599621839
100006741840403
100015358087810
100036978110835
100037018339501
100037030460819
100037071380711
100037284487636
100032594700895
100028517405067
100024451181464
100036730068691
100037057834926
100031216891175
100017736048294
100035040799439
100025751082346
100014839156595
100036224880780
100023402406761
100027025336313
100031888041924
100028061422364
100032134672720
100035589038994
100007828119125
100036730635794
100034863981300
100027297023184
100033329361894
100035049005055
100036579030900
100027647503586
100036931164210
100029401189888
100014823487384
100033277187718
100031759993690
100019454470375
100023365263975
100035185039605
100036954792444
100006514251467
100027980919304
100015512917682
100006565238750
100032347470515
100036439963039
100031257653819
100032603404764
100036581595190
100026042768020
100030744402961
100037044646403
100009340138494
100035387122870
100004181674535
100003350954048
100023268306329
100037053380944
100017518264356
100005074549159
100033728115074
100036502280115
100030606997380
100035208723314
100018837281937
100033319986601
100024819427072
100033829610611
100027780701532
100034814833959
100027189246443
100000070993680
100036522109611
100034131383592
100036318800949
100035120221262
100021434139659
100028890303695
100036834523427
100034690509835
100029553554598
100036110552268
100035182373979
100030163327690
100034286647257
100036768022391
100028236634094
100034903935712
100036694158134
100036978732563
100036065118558
100033587453904
100027759364275
100024535774089
100036731266414
100006702971360
100035976442823
100034279663146
100006117438915
100013596090302
100035795713994
100036921911788
100035471400684
100029296663585
100033679940669
100024241897596
100036611837318
100030636941176
100033323058015
100035467996268
100026075100820
100034491883449
100034674709076
1813546557
100034623004344
100029900628288
100035976466000
100002579252646
100027484449704
100033409719933
100036860992966
100036877704026
100036988224336
100037019980699
100037087665219
100037330381978
100037155040714
100027433731347
100034882850084
100030443888224
100009510213084
100026799619501
100034663611180
100033416331225
100015921853014
100024529416376
100013817197358
100011431382856
100032027088637
100006182042164
100033810495363
100027356118367
100025136628803
100032318290122
100031603741950
100027981462399
100030484187014
100019714519439
100035785263956
100001527677331
100021926884582
100024025968429
100037105921079
100032483326046
100032483046539
100036792706542
100036286009844
100036349717756
100014274032452
100029433613148
100035653518164
100008677935629
100024076330245
100030785591704
100015588940643
100024229373812
100035403765543
100015810243658
100029586996081
100036622457340
100034781651757
100036563304119
100035906594770
100036583124226
100028810680840
100036727084769
100034331058365
100036802731588
100036447603385
100034943644010
100009299514194
100027131027612
100031670401006
100013081083305
100012506898948
100004899067856
100002141638872
100037190530255
100013450534706
100028986082056
100032177085146
100022383186497
100026351371538
100032227128916
100035300212847
100033797070706
100036489665254
100036253772302
100024769243903
100001736455323
100034988000057
100008671904546
100021642708748
100007695404816
100003701087295
100037294770601
100034950408038
100037189237815
100035038567508
100035769159239
100007078898507
100016424681556
100013248276767
100008313390289
100029719868014
100027029411982
100037184800360
100030469022713
100037023906245
100035361603917
100004514619800
100026783320292
100000127159574
100023013173526
100026969417047
100011692727358
100024733894752
100018223817172
100027582892393
100034866344370
100036825455141
100036984281833
100033432912597
100025617260251
100005952037191
100031811740542
100036981681839
100032089230587
100000485794492
100037247556607
100035373585379
100037016102399
100007141722299
100036859670557
100028082320045
100036281024333
100036265026703
100035338867926
100030495916440
100028952104283
100035836877600
100014014213420
100009457828931
100005601673889
100029809989133
100036340752112
100037233361898
100021215400079
100036189120501
100036747669686
100034671893642
100034551879691
100036429278229
100022017906983
100036983260932
100036509583163
100034418205849
100037182009545
100035930533368
100036953777558
100028178353290
100036908775197
100036443109332
100030827169329
100013554152477
100035722582464
100029995059372
100029158412129
100036118457798
100035967907870
100035292075956
100032146232049
100031975006106
100030054224638
100028422953917
100025676264123
100025204200735
100024172453596
100022351640380
100015252104017
100033801152788
100035556276538
100035367022044
100032594178676
100034337597644
100035805407271
100036797362002
100024260752186
100027816935380
100034917230524
100026540202577
100033717061255
100036808095445
100027236449954
100034374181439
100036624102785
100036953543657
100035623692861
100025517242644
100032326156181
100034323304366
100036891316820
100013676346558
100025969840229
100015742399201
100029713093734
100027544515868
100035786853171
100032155321999
100031624009798
100033006134572
100007802499268
100034088514015
100015241260616
100012563264863
100026960646601
100036788892127
100036642375260
100036335958718
100036232290549
100035100019222
100033962871081
100028203667665
100025268617117
100004717208544
100014522401304
100036956687161
100036985278914
100037109863097
100037141899652
100037176755603
100037213506623
100006465633717
100036780631703
100027954527805
100025070352148
100034807913171
100034057188723
100003210491397
100029135873948
100035527713075
100014077485080
100034143630096
100034776009395
100036665400472
100036895381926
100036874330734
100025259569432
100036839267811
100024349643054
100028753634657
100028137045230
100036984377664
100026863337711
100035972947751
100035905788016
100035738806627
100035467444333
100035334396755
100035052451913
100034799402703
100034795635141
100034448344652
100034238471069
100033580026183
100033561974169
100033508806994
100031011933839
100030555099505
100030103112977
100029804764282
100029797272560
100028781501428
100028663480661
100028482410213
100027387724867
100027175929194
100023940276018
100022130388967
100016934292135
100013083841645
100010894207187
100002808341917
100037016445903
100037009543656
100037003274691
100036992262573
100036971054020
100036949491733
100036918652863
100036914029665
100036913071154
100036891713779
100036886914340
100036818603046
100036474663148
100036313844932
100036257027205
100036255440798
100036145775127
100036114977435
100036025866367
100035959457316
100035949822327
100035711855812
100034971381946
100033590959502
100033529057660
100033368918226
100033281623852
100032945676872
100032899818254
100030276472503
100029608910997
100028674660867
100028088991392
100009827085865
100006684394210
100003678743287
100037273260577
100037225862831
100037218033096
100037216832629
100037214284946
100037213684035
100037204802010
100037195920933
100037192412476
100037153206336
100037122244928
100037109470067
100037100015920
100037099477170
100037098701887
100037088920348
100037081062178
100037070171144
100037068942404
100037067232667
100037066453131
100037066423974
100037050671379
100037049591124
100037041076435
100037038316981
100037037594858
100036712655868
100036044979596
100036030142749
100034323573367
100030836903444
100030584843207
100030165890484
100028363969868
100027636455583
100027605164822
100026745262885
100023610743321
100016262809311
100012071623025
100037034071291
100037003991880
100036914802640
100036803266320
100036772909894
100036497761042
100036374862570
100036019055552
100035923980450
100035575546965
100035407483442
100035252610231
100035248231652
100034815544133
100034644037215
100034013898103
100033919741859
100032922287545
100032415936290
100031803180742
100030554090847
100030249000958
100028598947403
100028116288537
100027899355547
100026964063270
100026285475855
100025953452020
100025555398217
100025553840280
100024757149811
100024566345714
100024415642333
100023365491041
100021699456237
100016437404154
100015141662207
100015030856061
100013952915509
100012547458704
100012535836539
100010069260038
100008756912599
100008687747473
100004982977182
100036894252932
100036880416125
100036853358337
100036852278768
100036825078599
100036661482941
100036613686126
100036497259233
100036465724488
100036306930916
100036254430401
100036162783668
100036122232046
100036077584430
100035745825805
100035730301685
100035547109038
100035348675257
100035220253633
100035197841723
100034817898447
100034774777494
100034426815274
100034365730399
100033979846092
100033583921519
100032957807248
100032545327905
100031939883657
100031811709962
100031757492947
100030720290343
100029906290563
100028917311545
100028877178097
100027802068267
100027549635434
100026349307659
100025236011530
100024435153046
100023956658904
100021157531597
100020449984271
100016667468994
100013373162304
100012248169989
100036970861800
100036919512920
100036905294263
100036902594014
100036861190798
100036855257270
100036843374994
100036779057519
100036699382835
100036554702900
100036446795067
100036296317251
100036247895166
100036076671710
100035889303354
100035096196084
100035029444312
100034763143440
100034716665058
100034290741185
100033927708846
100033195739721
100032599146355
100032179253269
100031936817996
100031040233035
100029683447429
100029131208448
100028358974081
100027988057845
100027446843647
100027109235116
100025241173807
100024760384601
100024646932758
100022238168160
100015706967602
100015683586769
100013743850094
100010246447339
100005081987615
100036960154621
100036919238805
100036902979606
100036879991021
100036788961749
100036330523670
100036010546736
100036008021677
100035946456012
100035735386377
100035277203718
100035258796076
100035036560267
100034926184088
100034762955493
100034510871471
100034204746477
100033999202383
100033151877380
100032835740047
100031837051341
100031041421912
100030721892530
100030382839168
100029739803046
100029417683616
100028902881924
100028193689026
100027039705124
100026921580458
100025617851240
100024261002311
100022984411984
100022227212677
100015238173390
100014475484190
100014155603479
100013615907395
100011685877745
100010955761535
100008235998501
100008040660800
100007843633167
100004435757755
100037011428696
100037006268793
100036576241476
100036173902632
100036168489270
100035994041337
100035597144124
100035362518353
100035310520577
100034861461859
100034679412101
100034515843234
100034481450009
100034477752711
100034391162584
100034188258751
100032149747389
100031817437460
100031655176777
100031309383352
100030934541637
100029863404288
100029745413554
100029308552385
100029045854973
100027849681267
100027587375631
100027169058489
100026961589942
100025884726134
100025747208915
100025192773707
100023367257740
100022914247764
100018724182413
100017197846701
100014083217389
100013105205068
100012234467238
100010202445084
100006926945355
100004043271836
100037156290164
100037094793625
100036886096764
100036797512488
100036623302772
100036477549075
100036471242214
100036404833222
100036273953402
100036247336123
100035886542660
100035723563581
100035595046231
100035473695358
100035236551586
100035107657365
100034960172503
100034442835585
100034334467197
100034280721919
100033836650213
100033603790831
100033583658171
100032903858917
100032664495152
100031842361764
100031819965512
100031375280877
100029022489094
100028755272003
100028386732529
100028170287164
100026152158093
100024574219243
100024109208141
100022193372572
100017370420773
100016372338829
100015419867002
100014866510357
100014318854310
100008276618384
100006730486446
100004639860646
100001583626507
100037011063413
100036866358388
100036825811554
100036789350448
100036721516130
100036717953767
100036715964073
100036640607331
100036520336325
100036436210313
100035980538701
100035918793656
100035908772547
100035565121881
100035554096806
100034877165901
100034226543481
100034118177512
100034064352920
100033897693901
100030905183391
100030734327009
100030513195925
100030404131567
100028933451880
100027763970861
100026514063394
100026428302815
100024896869061
100024400903642
100024137692181
100024059003683
100017438946225
100017253604545
100015869886039
100014777311582
100014575926821
100011534983558
100010723747573
100010555607637
100006721326317
100002986021982
100002028474433
100037075021369
100037070254636
100036998950822
100036974891646
100036869718375
100036769119821
100036645130168
100036481251987
100036331943478
100036228335680
100036098773658
100035969794001
100035734293644
100035594175734
100035361884597
100034726955173
100034151731158
100032954537776
100032021851912
100031922521041
100031553903211
100029852603452
100029089580346
100028821152445
100028803517611
100028490256465
100027099690767
100026866482861
100026783331622
100026755729560
100025329164399
100022986110737
100022374944874
100020717678738
100019046865498
100018647558867
100015586419713
100012918394489
100010830975672
100010295626722
100010076509179
100009350930760
100036905177410
100036836026794
100036791131512
100036562189566
100036505662849
100036355762797
100036341315390
100036315879913
100036254793372
100036099846440
100035973904962
100035912496799
100035784462411
100035690478988
100035672169590
100035611522151
100035531146822
100035451632807
100035284805600
100035266752993
100034818646799
100034439450498
100034222157084
100034172928086
100031713351464
100028431104513
100028311039156
100026917337977
100026844800265
100025422006601
100025391970990
100024310175262
100023485069095
100023443012170
100022860646813
100022598400202
100020728149628
100016745416178
100015685240586
100014542689004
100013543399195
100013015323067
100012929681458
100012337537291
100006035985601
100001800113754
1209232073
100037061227762
100036979080350
100036953861605
100036901244051
100036865248475
100036775023421
100036647440318
100036525021854
100036439844274
100036411900624
100036388390013
100036324110514
100036252550949
100035930131275
100035658425686
100035635935244
100035039841736
100034960414784
100034957209215
100034930571606
100034752872623
100034498354053
100034323348979
100032376279195
100032311880834
100030274220180
100029252229904
100027916927817
100027840903532
100027606913330
100026026434151
100025528448613
100022379649615
100020089089422
100015599730105
100015426822728
100015071535564
100010285306158
100010187101564
100001135680879
100000590730089
100034742534519
100031004465611
100035329013267
100035995147932
100036160693409
100027910086855
100035345152223
100036686027455
100026435236140
100036006979136
100001702942049
100037101907942
100036035990789
100029336863193
100037119965300
100010799885254
100035769135769
100028880644484
100024750810231
100007366388017
100033138672783
100035486370956
100000315616893
100027715389083
100006768901736
100023851640742
100008493074038
100022910585930
100029318362770
100032697274688
100010137669891
100027817060776
100035198634029
100024808303496
100029556110722
100016071576531
100027748547425
100026801194433
100021897290093
100035056516066
100029477210380
100026912107816
100022699083340
100033485139699
100036753219313
100036999191219
100029787815847
100023952902180
100023918770907
100034445679848
100026922221686
100035967426168
100025563607028
100014025768899
100037043589002
100035589740623
100009996400519
100034213443182
100036337460379
100029735929397
100036868661725
100036249549722
100011004368312
100016697744727
100022924350279
100024667833360
100016919040470
100028013495306
100028156564677
100024917943524
100035074371039
100025255551772
100011848218684
100034752819052
100035202277007
100035798289005
100012368117054
100035735313224
100023720598247
100023488296937
100030634480855
100025126614260
100036227825278
100025522475548
100032297750118
100000646599384
100028776691572
100035150988914
100037149812042
100004044893359
100012673903938
100009065029548
100030794447279
100005410332928
100014923022854
100025327691667
100029109152358
100030243229717
100034968107898
100030908865386
100035920535899
100011725864436
100031650856773
100027373042835
100029777595765
100034661318893
100035449280656
100024005691565
100012935166251
100036900727131
100030761533826
100014423177309
100036673944242
100014898784259
100024278374210
100009677659839
100036692192375
100036531463253
100036930005341
100036936304515
100034733865748
100017790219606
100012672362550
100029061498313
100026234892322
100035872516852
100030511117222
100036810915087
100030832720372
100032773865136
100000478032141
100035787279058
100036088094450
100035356997521
100029373518455
100014931883617
100012834152015
100030944239325
100028250601242
100024953811247
100029003497177
100034259363926
100028061743076
100034314981412
100029442931166
100034981445951
100008599721508
100032892252993
100032168694335
100024750919369
100034996141450
100026652066443
100023702553420
100011894620742
100024270585838
100028734880900
100022620005260
100014469490361
100024442844846
100013395754789
100034827856383
100027703304498
100013304890623
100005530634017
100011490110866
100034803732104
100023595510035
100027198800298
100034581696406
100036996129682
100036074197349
100024677136210
100036895842592
100022002287752
100036193194334
100010395136947
100004391468147
100034664970268
100029332891149
100036855195292
100032195235472
100034190264936
100027634324835
100035905333887
100022999446862
100027375453038
100020354317605
100016740999809
100032377054544
100031153905478
100036047044204
100014999378476
100035601785376
100037090653606
100036207523403
100015900001912
100037100015196
100033084339421
100034529688411
100005793785138
100036093405043
100001214389791
100035525115217
100034630657498
100036491733237
100013507667860
100024805800621
100033993810504
100025701618513
100030162214472
100037028648575
100029886234221
100025752981890
100029673529341
100015034961205
100009997172171
100031366214202
100034799268242
100029498222752
100036271126871
100001680260968
100036031263090
100007128421103
100036205762805
100028035859854
100036828258926
100022896812202
100030589161101
100024752629943
100029690740475
100024445092789
100018642254002
100035966049296
100026531356747
100034550102464
100036876768137
100024884850379
100026167291509
100031791005456
100035856887477
100034921750573
100035894528133
100031797049422
100027861979633
100036945555368
100036916184829
100036118962713
100032833963002
100031564652406
100008227440476
100036812482199
100036620491108
100036543549015
100005078880483
100021531883132
100036303493227
100018390670833
100034255804099
100023598400227
100025114452437
100030915234025
100025042340944
100035483853361
100034932363301
100034208433334
100027141773991
100037123530823
100035432779843
100037073193164
100034532295958
100015128238236
100028080730817
100025620140005
100015460904377
100022129848409
100036804816471
100035022514835
100001032331271
100010689035465
100024096006329
100029575493245
100023821100958
100027684692429
100026313771734
100027293118515
100010950397816
100036784251649
100023790783071
100036690368086
100014798389303
100037123622957
100016210159297
100033415200243
100023520669083
100031444552466
100031430221909
100035797994977
100034569064293
100014150012000
100004787161529
100011830183204
100028316362118
100017232722962
100022476791741
100033703371500
100034071023244
100030041944545
100036281062007
100026869410398
100035255552732
100034435124583
100035098695497
100027769972473
100036907574944
100021618083884
100007571080275
100031947270326
100035247852574
100025293260381
100035557992452
100032106252242
100034138217389
100028459470536
100033567679146
100027977400452
100033618653782
100031243267037
100026051197521
100036858318096
100024759114328
100023939550832
100027936859721
100016496083315
100024208386355
100007114038591
100029239591967
100035945150970
100028032083318
100011497751369
100033992409372
100026314426484
100007572314822
100034901777298
100026149005387
100035385818406
100027699943243
100028968243554
100027727123978
100015578494535
100009460768621
100033979726433
100023043510819
100024840442109
100034046360794
100025319388036
100034854036899
100011161144032
100036840699157
100035408310633
100024949609938
100027891971972
100025552509795
100015324360745
100034435546168
100035035729702
100036751161524
100033212031856
100005524170921
100037071900543
100028534446719
100025014434099
100024633803588
100026248234408
100001463424101
100033941749103
100035741597762
100004104910420
100013674581417
100035086364894
100029019998770
100024636643958
100036914355984
100026752624487
100016645690772
100010215091497
100036507065930
100034217273797
100032900982477
100034339397750
100036688248622
100028511310191
100035042806208
100031585822625
100034679323864
100009298072212
100035606143466
100034605516802
100025160087316
100035114594590
100036877426220
100015004028410
100035434282189
100037153531103
100029997663100
100035606705584
100032684288689
100028451510298
100006480067735
100033869136205
100012444457468
100036545252178
100036806030043
100024246167774
100021995810575
100033433233501
100004101736329
100028125813574
100034575308407
100028165320921
100028688059537
100023710899138
100034624549892
100035672482342
100033693501242
100036050961397
100015209914322
100035359996008
100022049081986
100036143092165
100034887291701
100025372441962
100023152402730
100035698419311
100029275853052
100034061740750
100036667010468
100032003782738
100036303340423
100030423079823
100027075340962
100031300563586
100022618650394
100025913962492
100030218912781
100036020393823
100034725544686
100033715110768
100035106828533
100036301572661
100032072132183
100036921912229
100035220370353
100035653670862
100031442454361
100034624897105
100036814606493
100036883455875
100031649451516
100029525646652
100024380646857
100036269424342
100035282720512
100025299456592
100035726448993
100035879802443
100036647022578
100032141531967
100029093112828
100029617627985
100031261430427
100033918136103
100007265613552
100036545762983
100035060602109
100032797091674
100026301720318
100018005167121
100026153373522
100029139754368
100036732526023
100033069584185
100034740732337
100027928808553
100036245150578
100035153621239
100035005695371
100034776319897
100035439438600
100031533944268
100021439513024
100016207328131
100027351466678
100036347280087
100029953223256
100036763268093
100034732098438
100036051081272
100015163908557
100013095136799
100034811355556
100030089287964
100035182639551
100034144530683
100024759171305
100005142374813
100025338576229
100005199554964
100036482536467
100036624061096
100034588123499
100036703630390
100027486652352
100030442539157
100036717798556
100006871470080
100031330154347
100035123387158
100036227333694
100036170562666
100036903090980
100033381822635
100034802123896
100034626160795
100027574110762
100034352830913
100027182523165
100012871260382
100030615379803
100036261467956
100029241259722
100008742994828
100007129217853
100035423803901
100035968333865
100025578360584
100024236573704
100036388202465
100022829953224
100029530903700
100035624172998
100035614939070
100012360512173
100009795906064
100026238318577
100036938020577
100036776060388
100036750904416
100036614472795
100036118043851
100035981953673
100035823850362
100034658530076
100030507793546
100024973171314
100021908349983
100013818068037
100004832508173
100004765841871
100003916578214
100036636501877
100036452093454
100036327965427
100035958164945
100034761501080
100033934479614
100031417781073
100031171611656
100030919972105
100029962518098
100027811403638
100026872989047
100025006869492
100024862026080
100024019997363
100037073071710
100036840105545
100036794927113
100036736931659
100036726017796
100036721581459
100036697022485
100036575210066
100036563751035
100036551932825
100036516791823
100036360301211
100036268843441
100036210160423
100035939298669
100035627049678
100034789659129
100034345416643
100034044203717
100033004818312
100032370640024
100031695182576
100031113525032
100030621997402
100030519499512
100029295660866
100029269848558
100028704172806
100028435251694
100026679132164
100025987140618
100024409369080
100023937221091
100023316037539
100022901385343
100022326521270
100021924402366
100017984070479
100016691853866
100013353695837
100012409082244
100012296828988
100009277032746
100007533723800
100005481966939
100003795148030
100003622506012
100002546122726
100036857551318
100036780578995
100036250163011
100035956384035
100035358681440
100034930491129
100034639693200
100033830473199
100033355204107
100033150932474
100030806585529
100030075037380
100028641721736
100028232565042
100027971925917
100027579150640
100027411230562
100011337123492
100006749227796
100006044922047
100036719633638
100036565380358
100036135390817
100035963704343
100035547441121
100035249895557
100035063539170
100034809920020
100034384536907
100034095615253
100032394500820
100028922147970
100028241776130
100027439771475
100025089435077
100013192956938
100004443765951
100037024231792
100036958058401
100036259367007
100035909421809
100035615012473
100035067861144
100035017962514
100033583002477
100033541239259
100033402581484
100030136925550
100029202000168
100027485193041
100027079895240
100026910101102
100021651820186
100014584939475
100024974765696
100034469122367
100027454431532
100025961058489
100034553676079
100036631140319
100024682366313
100033008945547
100034916468732
100035574799101
100036505115050
100033096130988
100008271721514
100005343643430
100035221810864
100033081937079
100028349592340
100027304312735
100011234596392
100035751797613
100029383652424
100035668937553
100036164654321
100036662303481
100036700103274
100036744949275
100036753213539
100036772443886
100036852970365
100021978510260
100035680910894
100034792243728
100033529444942
100027286839984
100009327712770
100012069372530
100025231457152
100015880802212
100022157924247
100029714553007
100007559747374
100010090262694
100023369161617
100032621063848
100031086524629
100010992511257
100003930949245
100032082999433
100021875739732
100031642050084
100024670476366
100033457830824
100011522496118
100035621580793
100036711799705
100034948426811
100033686234340
100036620117346
100036899980769
100015318040272
100036686784170
100035432724312
100034652794858
100026634255333
100030435871045
100013812591555
100028854930883
100010442199548
100026758831685
100029522960197
100033801102510
100036877931097
100008396461188
100034319924567
100036619973822
100010445858304
100007298048338
100036574304563
100013750639457
100034147065677
100017306591299
100027738412427
100011378262741
100025087434370
100035460054133
100014218365235
100029753376281
100034762605177
100005677202580
100035385261507
100036353949209
100014415721638
100035093601207
100034536195368
100018640663854
100027519694613
100034049887685
100033333833779
100007232924067
100034516900858
100036795616120
100036794326178
100036679883793
100035947484855
100035725007319
100035561408491
100035069415530
100035021791095
100034994928320
100034795642343
100034553287061
100033715393633
100033259985206
100032379770888
100031342600561
100029351302107
100026421605606
100019025530377
100004113361428
100027844489430
100030186257970
100035245844727
100024511868337
100012268606658
100029592006266
100031257526936
100037048770615
100032630433338
100013334580718
100027979453861
100034308633433
100036771947462
100035626471305
100035671951902
100032760284588
100036837817623
100036788556794
100036344194895
100032495811791
100033640458186
100023725761095
100035629535555
100035789719701
100036899437491
100003282119408
100035948470445
100036891850067
100036030706853
100035236398923
100034372548589
100024761988878
100014476217545
100029319374651
100036412532571
100031473044403
100014470481555
100036162002992
100027570604523
100036883266449
100036785056111
100036707828059
100036704929545
100036681136188
100035065157823
100033881823077
100005041518957
100034861842282
100036042532138
100036612551956
100002733168603
100035088728296
100028395645296
100036046202784
100014747917620
100023469080510
100035349578388
100035177032010
100035203039521
100028502918548
100036428476626
100036134556835
100026841065126
100036045243006
100036541791757
100033379478118
100035943788922
100036680722916
100002387226101
100034659464763
100034790780724
100009383449822
100034111595442
100002199404216
100036603082308
100036769694742
100036938794000
100017196518052
100034610243292
100027351342914
100016997972859
100029205396345
100016863943349
100036417848399
100036983670238
100014755211502
100025303804858
100034107607913
100016078989420
100035056190061
100031257480565
100030690441848
100034205208226
100031789567771
100036675611693
100036635796547
100036399438464
100035946560592
100035857250312
100034743590027
100033139209477
100031561353081
100029567992417
100028746852904
100028721984253
100027322832722
100025957281755
100009259606074
100036651402760
100036628524058
100036558114158
100036553638789
100036144695885
100030765970663
100036341622368
100036073920122
100036769537413
100036752714389
100036788401342
100036832359119
100036891848106
100036919381979
100036916200106
100036979770976
100023645828463
100034697445124
100035226095671
100034524277939
100036110232579
100005180583350
100029682227789
100023041959481
100028241070223
100031009703559
100035432809446
100007037315344
100031194063624
100023933171951
100034312962984
100034834009284
100028852494008
100028576308247
100030261226954
100022199514061
100032398441047
100035290673217
100031401184102
100036098205266
100036080987465
100035891480260
100031065096141
100036234378235
100035588860501
100025490163105
100034308937334
100022908030172
100036047929724
100030353267694
100036533346744
100035862070181
100034658886149
100034709656740
100030347352741
100036546513884
100034690170338
100030114348298
100034103702006
100035038999820
100029300285227
100035478769272
100035837859592
100035795954408
100036327662980
100022694353078
100023997099465
100029875787679
100035318207618
100036558723773
100009833173667
100032721319402
100024356153353
100033755405663
100036592321992
100036034748588
100036005388890
100023866337833
100027477080210
100006053827445
100024612079799
100036608987872
100028436661378
100031885207033
100036864218033
100011241281593
100028712802897
100006553938396
100034668008569
100030997278436
100016107120143
100035197546212
100023294822839
100036639382118
100036217748238
100034024057704
100018673244834
100036436811726
100035630599859
100036939213245
100014776954488
100036394936264
100035046065828
100036666151966
100029474436013
100029976141668
100036666223300
100033601313497
100032411747036
100035457712620
100035312803986
100034917572118
100034892421834
100036125704484
100029286062134
100019911690055
100032315011401
100032354329304
100015763892296
100036178595567
100033565574978
100036811325417
100026837652578
100036244280525
100033186062033
100036512391708
100036596871595
100008269389686
100034006842019
100023791235325
100035266592815
100034701020675
100028478641675
100034191527639
100034672898013
100029214700925
100036576963411
100014848650143
100022179259054
100029136469649
100027374705818
100024953197995
100026252227736
100021991629651
100028877122685
100032206791492
100025004630901
100029789821950
100007926878322
100021767623698
100034755151397
100033948697351
100036877806166
100036802151362
100033842917391
100033941142235
100035872759696
100035588560943
100035565404513
100033380101989
100028378820161
100036483910160
100023328323429
100017738283987
100006584142572
100032623754990
100007108088005
100034804908234
100004326948534
100034628520853
100036225042685
100029045792983
100033170263120
100028169982541
100030992478688
100035620308739
100004443454232
100034440557119
100035921191320
100007011674168
100035826551534
100036024908417
100028176197569
100032274825982
100015296460339
100033453713182
100033570949101
100024981758920
100027824986313
100034947857309
100024039020984
100029567529228
100035809821673
100031222573055
100036418517402
100036373813135
100028018452459
100036047552584
100033696279515
100019088882998
100035061231153
100022748293636
100029259679530
100035419944397
100032870692287
100033402077517
100032371282018
100033441136274
100034361345352
100034244750564
100033985625249
100028497216344
100036277929241
100035782053964
100028912901129
100030968925263
100022398860791
100023439187146
100032121723430
100009453885025
100034326882871
100032821989630
100036147555087
100033674207367
100023617567512
100036234712333
100035529781810
100035590250967
100028372806598
100009912123092
100015296381230
100033495321260
100009926824972
100023015654102
100035970008845
100036056046279
100035963374703
100036781087674
100035710008232
100035830090279
100035708716622
100014673482000
100031022822827
100035670911725
100034471701125
100036822216802
100036398986682
100036265966940
100036001174154
100035521263372
100030614015103
100036738909443
100022211297871
100026763850303
100008760282934
100017325138133
100028569003279
100021917500356
100015188014871
100035166858573
100030539991806
100035520184771
100012335803490
100031536557225
100029114173652
100018259151476
100024865638621
100036571815993
100036598072535
100036046620016
100021627804152
100026128209678
100017915112309
100036022104254
100013063380921
100035827934292
100029242950672
100027885465652
100031614759567
100028060322784
100032524386723
100035560246672
100033682870474
100033396494734
100022310283819
100035395397129
100015058082870
100034868149372
100012438840319
100034867960267
100035324284827
100035463250114
100028310531155
100025769626532
100035873211631
100033485873154
100035241352729
100006451928362
100034931296017
100033885215703
100036693763530
100005411406632
100035290373760
100036027303889
100035251813350
100035768024044
100031648814188
100029254521483
100032217046148
100020901976458
100027647062077
100028064569628
100035489179015
100033089864827
100036736142961
100025646109112
100034055031825
100034340983327
100033593521243
100034996895568
100036395133850
100036315180859
100036350717545
100033927622442
100035534040507
100014761443772
100007791600630
100025753473424
100017779685159
100035017130839
100024230501535
100029262812089
100007934647520
100022807740894
100036670605965
100036843815186
100034769412577
100012965562629
100009417673412
100035205783534
100005918463407
100035681978975
100035584268584
100022784134145
100034309613838
100034533861419
100035677924372
100034418153304
100034248791065
100034387489553
100036082633817
100036081424530
100035806663361
100018870072415
100034802453382
100036560146116
100027661170659
100011024798026
100007158823532
100014196076992
100010390410037
100028059248011
100034150065860
100030702315001
100034608618148
100036150635604
100014845488907
100036657180773
100028582907934
100004025681883
100035506896175
100029427435618
100036066706717
100029940410237
100010576303537
100035834973753
100036451911116
100036630614329
100036634577206
100036784867150
100036825694341
100034286410490
100012625965890
100022934328638
100035568647509
100033390003481
100034900187011
100034263984344
100036600608187
100036026916231
100034963476690
100030680416424
100006194045668
100036476076236
100028417053572
100036379950188
100032594401396
100026218365407
100036425471956
100034976723048
100031939132462
100020795250548
100020305625489
100001474069862
100030728882537
100034558540798
100029500416129
100006256512118
100036793471908
100023337201964
100032028831156
100025184437890
100017856229029
100030062622566
100010427471091
100031426611383
100026900268447
100014216040944
100006911136589
100035938779960
100019537685711
100036691321724
100029737614136
100033745992232
100032027371285
100032545964983
100027983453862
100022947691124
100001403900023
100036111214982
100033315644830
100035051124152
100028413490817
100036615108101
100036570524525
100036095745573
100034846371956
100034484862868
100035439005527
100034770653697
100035523107309
100036288801181
100036501468933
100022168563874
100036600157873
100024286023883
100029562934828
100032786242539
100035861896426
100027498092992
100035425930119
100009585311244
100036508519359
100024053109748
100031438262884
100034524165435
100036141831725
100027218352750
100033532937949
100017835252819
100023268198109
100036464509881
100036547517282
100036573290950
100036869551564
100036874591206
100034479913655
100036199327027
100034175403743
100034326372940
100036366960441
100028746946164
100035010082428
100036419420024
100036260452877
100010933632418
100022809039336
100034960533200
100005374034327
100029699092922
100029653841335
100028035270859
100023479151173
100032839458451
100034460813199
100025931800608
100029881358453
100033838329656
100036037571469
100022993180755
100036320060258
100033195515167
100028494069677
100012483914428
100034911004163
100024598752821
100035468797148
100035701263609
100036500780858
100026540299462
100026910061313
100028082662904
100027004003698
100023712468157
100032620396504
100024392019353
100030861381363
100026753228009
100036620114111
100036741397268
100022538268634
100015145065640
100031592550357
100036115697734
100035269334942
100035927743418
100035000869392
100031586706951
100007844208851
100036453889905
100036557263598
100028980845085
100031449757165
100035402164831
100033672894077
100035738301487
100036170953502
100035409258717
100027715029555
100036202005855
100035535072198
100034972271994
100036500830216
100036716828541
100026538912470
100029506878506
100014463707871
100033176121590
100021874809823
100034052632426
100035349384121
100032323146599
100032398156788
100035687296307
100036296087179
100036478220871
100036766085960
100030505951299
100033041433883
100031994649250
100029399257614
100029700072082
100025064203463
100023215553083
100031372925540
100000741631280
100034909591371
100035671233310
