100037314527546
100030083956715
100030859700114
100027302533302
100029669268153
100035571277953
100024321194005
100028297391155
100034530847147
100027639974408
100038047063756
100035815891716
100037308282959
100027781359014
100038095156632
100037845020386
100037891604605
100034878543111
100037876963705
100037986633649
100035021731484
100016593842575
100037799647791
100029875174508
100035051124152
100024151092033
100005951534577
100015582193452
100025052640717
100027474504118
100037363954429
100012939913662
100036211003315
100022608935456
100037130832877
100036668027925
100006711787306
100038062386033
100032870692287
100030679011866
100036702639494
100027134423258
100022953980634
100013900640141
100027919030480
100035181548789
100012370309439
100009060676401
100036095543465
100037841743868
100037809982383
100037385506829
100027595802812
100035180563971
100037196175316
100026514304496
100031535764913
100023984796885
100033261435189
100024198790270
100028603652261
100037967653191
100025452114278
100036333083166
100026762903678
100025476902585
100029723722089
100032833397395
100023025435495
100033909589490
100033375764275
100028529731229
100036319534154
100034265064181
100030987166030
100020992853761
100037877894160
100037746740411
100027049960882
100035103971778
100025286299207
100038095668292
100038225195242
100027971524244
100023944471440
100028911453236
100026886540940
100035296511508
100034769765064
100036127842312
100033887163182
100037149992367
100034856231085
100037348281340
100037893518224
100036816121866
100033927151368
100037529347351
100036920300459
100035718169560
100034808198478
100037472032636
100037281634675
100035644027578
100031431425179
100028126357748
100026428940852
100026188470561
100024764822794
100000013951538
100036539914261
100037798176582
100035243888690
100026355579622
100036453184465
100033243887467
100023238871052
100027030980604
100037954815391
100035689622224
100027549610169
100017029035860
100035876251154
100030164088939
100029454969319
100023314302861
100021677379413
100003149218224
100027134254237
100021988637153
100037665495989
100037241191417
100035787047960
100034008676452
100031358434970
100021278023529
100026160618854
100027422483080
100035166741417
100036116416631
100038010343016
100037648162542
100036246965806
100035420323661
100027648454947
100027348364644
100037473785654
100028110392926
100014030852014
100030743820768
100034483170425
100031753390609
100022818943389
100026907125463
100030109103536
100033313716666
100036389984413
100032481006242
100035458494122
100033715726031
100038105702036
100036698330706
100036515617468
100038051918100
100035534057887
100037530429925
100035398185695
100026906475204
100037884750780
100035995881875
100037087760102
100034858560146
100033534039612
100018443952026
100038125563450
100036100178534
100032367276851
100027663186276
100004363061687
100037959427363
100037872318200
100037720222231
100037510550212
100037155216160
100035601273959
100035374092431
100033364253856
100032876060347
100030619302261
100030141407892
100028335464714
100026488771972
100038014936758
100037710677312
100037587005444
100036632839600
100036238524284
100035150988914
100031226300241
100030943181902
100023627887935
100017661063401
100004820617727
100035391311405
100034921389150
100034027132146
100033673959615
100033430163609
100028594501390
100027698837674
100038179083738
100037934461947
100037880025006
100036450973602
100035117723594
100034303531040
100034275404065
100033782040021
100033532853841
100032522466444
100029652915305
100028743783792
100027806567365
100026533791402
100038155630892
100036173797297
100035380334554
100035045055637
100034780634359
100034364957923
100033634247138
100025247211319
100037937254336
100037898716617
100037657752604
100037548310864
100037422668370
100037299347604
100037025316006
100036151272124
100035589364801
100033111251530
100032665644267
100032273077104
100032038544755
100032000343523
100031162060239
100030658582884
100029478153246
100021329543346
100019292388505
100038125848268
100037882609542
100036869380072
100036615114270
100036291090806
100036265037364
100036179303072
100035723422023
100035083454659
100034904417631
100034626142290
100034385573147
100034203049484
100033993466841
100033463245343
100032038614005
100029509835219
100026967828467
100023034810028
100021890565870
100006940147761
100036136594256
100034292712302
100007063993089
100035104760648
100021626952981
100037528221990
100037258325316
100035715452507
100033075289889
100028393562843
100028274799098
100028200908414
100024234170007
100015138309890
100007650640948
100007069694076
100036478397360
100036428917545
100035525414676
100035223188574
100035136563138
100034206439974
100032514316999
100032315705896
100030582247856
100028695397279
100028292030790
100027486740127
100027397181903
100026432872735
100025090280312
100018793632936
100013722155637
100013698404007
100038049483507
100037957534672
100036012248578
100028529945483
100037756459410
100037641277976
100037206733097
100036467641786
100036155448875
100035974866089
100035903462747
100035006512452
100034246534713
100033435000749
100032108230882
100030420392574
100029959399521
100029886910866
100029789592459
100026004969959
100024418260503
100011364128187
100005057593010
100037618494248
100037525778260
100037954901683
100037876751091
100037646733975
100034167849851
100033646691869
100031916804840
100023722217547
100023259081569
100022801280311
100037347888078
100028413862587
100023463426069
100029836181860
100033361602908
100022777740844
100037827858445
100037501929564
100034985449901
100029043995744
100025509893055
100022024234460
100037546924545
100036761973303
100031906591012
100022995965459
100038059512612
100037980300480
100037908667774
100037854351319
100037393116882
100034832600303
100026048780390
100037812846879
100036036750348
100035046065828
100034277947216
100034105630862
100034077451193
100033935031175
100030859200891
100030217711355
100029842020255
100029418601214
100028841115667
100027380894512
100024711456190
100010400792943
100038151998075
100037802594600
100037645313031
100037470916573
100037419382387
100037292225447
100036859389013
100036751369055
100035735373383
100034735711364
100033882543583
100032408322516
100031311697649
100030230434274
100030172913761
100027800768636
100027565900373
100026087056356
100023403602174
100022268144682
100018119740221
100038058932758
100031312125316
100030533777581
100002709955797
100037843448788
100035619334535
100033139220670
100037718447146
100028141846931
100037783171173
100031904701018
100036340357202
100033146739381
100028361154006
100027931215561
100026782543638
100038011082869
100037058233245
100032570738292
100029487347990
100026743058794
100022646149320
100009724717036
100002411541150
100037921423207
100035913218257
100035427879877
100031958482501
100037820498451
100037264658595
100036740856865
100035943605564
100035540361495
100035413447549
100035058679193
100034330960035
100031090818867
100029916786368
100029587060329
100028319101285
100027626946199
100024252692954
100038001844330
100037983751520
100037950365613
100037884164584
100037725052146
100037676362656
100037630507213
100037135930366
100036231250042
100035629603843
100035542117078
100035258213528
100034210850203
100033373537484
100030666766345
100029579985626
100029250881079
100029225253920
100024914169491
100014760965618
100007476220362
100037969747034
100037824892276
100037392248854
100036278091748
100036273823901
100036205609084
100035530156855
100034877165901
100031215644235
100030648822935
100028412871590
100027684641500
100023754035392
100015666229371
100015508155843
100006046505529
100037046295146
100033888726183
100031610267114
100026311524086
100023597763305
100033800839683
100028105456685
100037655951823
100029189680925
100037504762641
100033316248978
100005024973850
100036474886263
100035131114989
100034741786721
100034729394186
100028626441634
100014658511052
100010123718421
100003361910307
100037852833496
100036721530876
100035919441900
100035660439846
100035384804100
100035259917528
100035106284180
100033944557662
100027413017483
100024694156948
100023856589410
100029723112454
100038019277217
100015197807188
100033594161490
100030669016429
100026459178934
100014567075087
100038027093951
100037583857137
100037188938566
100036082022619
100034623379882
100030874519568
100030439451649
100022912207677
100015956584038
100038075300531
100037862897977
100037849003345
100036880665533
100036256389728
100031388164942
100021891913687
100005255627463
100037487042702
100034639174160
100028500348184
100023481102578
100037947518120
100035387992097
100034769560370
100033433448299
100032675023060
100029395711863
100027414525206
100035757125914
100035726341896
100034838435899
100032184339684
100029314098473
100028319670092
100028021937259
100027373094917
100025757166090
100025342840303
100024323866914
100015445380595
100003746521876
100035383424413
100035070737462
100034657141675
100029898976374
100028574885333
100027535788619
100020085781195
100015305013871
100006432182296
100038122742622
100038113411490
100038035668695
100037945988406
100037802302281
100037800019512
100037460555753
100037145688622
100036683378816
100036230523283
100036199474378
100036080262977
100035987779987
100035980522459
100035705147694
100034405876925
100033629089198
100026305880804
100026008279384
100025228130392
100025164243699
100024532504373
100024500916151
100024236498338
100023995721523
100023884353105
100023766302382
100012288570016
100012103515487
100000589266516
100038009087364
100037825683335
100037662695744
100037221932690
100036402133169
100036301059255
100035880428122
100035810928490
100035336536690
100035058591063
100034926609772
100034741661793
100034044726143
100033496517446
100033368101668
100033277751380
100032890786842
100032698680083
100029943670112
100028392216582
100025932622357
100025369279531
100025208170253
100024578075089
100024273623128
100011279023352
100005797634721
100034782579362
100023788360919
100037452882874
100036400776439
100035156084883
100030631213439
100029438113084
100028272093410
100020978070211
100010857997342
100038074625704
100037827528238
100037628954547
100034457593662
100034087211376
100032220621015
100030185294012
100027866715773
100026007751193
100037597313226
100037569858666
100037226400014
100037214716368
100036352665980
100036352364216
100036205206673
100035747430621
100035146088885
100034781743906
100034016320020
100030337639283
100026915123188
100025099602172
100024957186603
100021959612448
100016179880858
100036971328000
100036770782180
100036485302328
100036374315628
100036304050034
100036260072659
100035811878831
100034561591580
100033556934565
100031626012720
100028796085239
100024754361213
100023457680392
100012724925425
100007930698604
100035975990823
100031466073147
100023848372612
100030268488185
100016094706759
100037801632222
100037737441974
100034502933724
100026270081859
100016752639503
100038063235910
100037732059467
100036597624308
100036081496718
100034314609106
100033357732692
100029144045480
100028997748212
100023441979482
100022718255468
100013242754497
100009394250472
100037529940989
100037373435400
100036028190565
100035031161600
100029933501878
100001825121090
100037460406601
100036948523142
100036892201173
100036395521046
100035774946528
100035668334713
100033540523590
100032028004516
100025930935634
100024925356198
100023963195900
100013819761153
100009247483866
100034930022128
100037807611437
100036492190393
100036417607836
100035240374657
100033355029467
100031807625321
100030224033862
100037907136122
100037838622289
100035833699453
100035580316943
100035415881634
100034502240112
100034459082213
100034326252170
100032492060577
100032459131996
100031544509796
100027165221742
100037913260499
100037746113594
100037583356221
100037336023119
100036874901765
100036810820212
100036354316214
100036197664233
100035448392383
100035315826018
100035291960273
100035260092722
100035248358621
100035014160791
100034589381023
100034323863174
100034323850926
100034248860315
100034007258774
100033854674792
100031173169949
100030108222126
100029738912204
100029130661043
100029023213241
100028809360026
100028225700391
100028091257883
100027273796093
100027273125573
100026934782578
100026924540162
100025152759922
100018834612437
100017458774947
100015110321321
100004864538944
100038133554542
100037413252733
100037392649190
100036185692477
100035940490961
100035933539075
100035908774636
100035698290962
100035124422483
100034816904591
100034211285679
100033166120236
100031573680571
100029314432030
100028143725143
100027703023299
100025740114268
100023392361340
100023181164963
100006955517940
100037056423979
100035169651319
100034825571577
100025723367867
100038014777938
100037241821025
100034575593610
100033096258352
100029784077800
100023660833151
100018741637446
100037854435282
100036814801889
100031717879486
100037328491170
100036703820100
100034629826330
100026977604390
100022199440091
100038031514109
100037038939123
100036232717045
100035968041052
100035474679606
100035311777494
100034879310270
100033881841360
100033602141494
100032015132790
100031063403155
100030648752848
100029924119088
100029526435409
100017447823034
100013881639394
100038098159548
100037880469386
100037612124458
100037337253457
100037255430183
100036872042000
100036585995915
100036404743139
100035679082404
100035199947663
100034913781773
100034574086193
100034154438125
100034110183348
100031734621158
100031026047499
100030900077349
100030196542188
100029402959266
100029161692946
100027611732147
100027281860964
100027236262980
100026007735602
100009758538123
100004549803183
100038138792682
100037921924907
100036769148494
100036080976503
100035863394447
100035581682769
100034455706305
100034256018739
100034020731376
100032829961320
100031717881308
100031403614279
100031257526936
100030674056096
100028192449276
100028003191211
100027123823074
100024860072101
100023547784168
100023522412890
100022762494105
100021765308613
100037536343401
100031098335164
100037073767191
100030416383376
100038022424421
100021752263742
100038153020821
100038129288643
100037545343659
100034417564702
100033207484027
100030959288047
100030426335432
100008433394512
100037999043540
100037510758509
100037007598587
100036575550064
100033583664649
100029459921578
100026195613329
100037477635324
100034406623990
100024071040270
100038124150859
100037229418840
100035193793965
100029428087965
100028512708839
100018063226026
100014100733665
100006851372233
100037944187804
100037788788423
100037708970215
100037644333024
100037628899942
100036771643869
100035558567129
100033958023230
100033770412236
100033208592026
100031443892871
100029033802084
100023339940655
100021905597989
100017176869767
100037886520007
100036126259735
100033853461373
100029698476089
100024646231842
100008694553908
100007396788473
100037646626354
100035938032584
100029994881769
100036766360919
100035656791405
100034809192265
100029130153272
100006474900971
100038107696496
100035884579146
100033578691174
100029756944191
100011443304829
100004296580801
100037665684199
100037337958000
100036295653849
100035371393578
100035217064158
100034583090019
100033179212870
100027983232428
100027815722136
100027421760795
100022061854326
100017879740194
100037831512754
100035893895662
100038118493099
100037920672684
100037017020575
100033543367393
100028883632621
100028805632838
100028484631887
100025302083909
100023972442257
100019271971499
100037955122609
100036471096464
100035566055231
100032441500446
100031959873007
100030647180726
100027488919555
100025274412972
100021954856179
100021758798687
100015380795982
100011997824660
100009290969537
100037959073038
100037723053016
100037556318318
100037117576751
100036954994144
100036859702745
100032963330264
100029983444680
100025872315780
100024965181842
100023703099583
100037907620811
100037773404927
100037328220214
100036818720238
100035689549155
100034905971580
100034618090477
100017360893920
100038186049434
100036525469637
100030016538797
100037705282800
100037469103989
100037460000885
100036994096242
100035804832076
100035196067857
100035118540646
100034799629397
100034600272942
100034572752820
100033795905053
100033210501317
100029923695061
100028781360785
100027883275073
100024935532279
100023716058789
100022327506814
100021517400199
100014683562114
100012945810678
100037647204006
100036938888827
100036200415297
100035711239466
100028053016362
100026445346084
100011447173041
100009968747986
100036726084379
100035265798860
100029427183657
100028048121990
100009904297857
100031868102366
100016168260410
100011442782269
100009889984519
100038184041931
100038097620012
100037695200012
100037433203145
100037091161542
100035834182556
100034799504478
100033235992284
100032331045988
100032000019925
100030623230921
100029032413611
100028691273533
100028213988554
100027057791901
100023837525378
100014397964680
100037922013968
100037178560173
100036883656170
100035435481515
100035322502872
100035301702887
100033451293588
100030754479223
100027031664753
100024990468294
100022100106937
100011694527912
100038191862622
100036982637943
100033031873710
100024716470880
100013064380484
100038206807931
100038200779132
100038192223164
100037617741481
100036345014623
100035488932314
100032785593937
100028227783652
100038206119435
100037907345613
100037421534966
100037102595572
100035146022391
100034825733930
100032576417115
100024955200379
100017383239250
100008144494309
100037282269987
100033376239651
100025206810323
100037139857120
100036600591828
100031229917316
100022304686487
100038280181721
100037891161841
100037385933738
100034515457052
100032337016507
100031825442475
100005172709276
100036811325417
100029351580110
100038134350072
100035191779612
100031625520496
100030032822280
100029548115656
100037352979574
100036979820051
100035479420352
100034607499758
100034480867011
100034320653904
100031179249099
100026706583399
100023141806345
100017371728271
100014951472632
100032668231898
100032581802564
100027315030863
100024762995956
100037692832375
100036923530078
100035164270977
100034191919134
100028218800702
100025344046753
100013584609686
100009557616061
100035804775018
100031918982497
100007633480527
100037654519149
100035156987678
100034298078314
100032941179498
100027117864032
100023601460142
100016393962735
100037924082701
100037900604149
100037572439356
100037360477285
100037303870138
100036948351873
100036555473817
100035964313870
100035941840427
100035765553733
100035734957183
100035034532690
100034412743081
100033425596131
100031675633290
100030607879338
100030588892044
100030432021427
100029690740475
100028717488809
100027680027542
100027418658172
100025270530246
100025192081749
100023494341774
100021758330493
100016825920085
100012499336915
100012496602066
100036019776821
100028124962370
100037559422770
100031891302517
100013026195543
100038090650759
100037796594823
100037669398890
100036723437263
100035909403334
100035445040842
100035388099650
100035268735884
100034738657386
100034710459994
100034185137579
100034159982694
100033936589011
100030751490535
100029870928378
100021724879285
100009171464803
100031427580355
100023995473355
100038074158427
100037196013162
100033482468055
100033353434747
100029318929940
100038200593122
100037898332810
100036634021120
100036482385514
100036256662534
100036201830103
100035880124463
100034097447309
100033816550715
100032914388734
100026689218462
100026190736018
100026027766585
100036039194693
100035064250901
100028109958790
100014320860822
100022980034464
100037324102330
100013612620955
100037944319767
100037882461404
100037488212512
100036899201935
100036539971953
100029721006552
100024733485054
100022780941204
100012400681264
100009004796349
100036354681010
100036132930101
100035710470589
100034673190845
100034352798952
100034132866091
100032464512073
100030036455314
100029957595539
100026631164444
100022699273188
100021705032983
100035025078013
100029839812132
100036686824654
100035481721568
100025245904590
100009666223215
100037412207727
100036853657754
100034565438921
100033460523911
100021771577610
100004998706769
100037913527227
100037620548438
100035793938741
100029535961802
100022118780835
100037782440115
100036595424221
100036059820839
100028406134277
100010440138176
100037443933125
100037363008085
100037089891817
100036915009251
100035591210754
100035557216153
100034955917650
100034930442710
100034190264936
100034051981037
100033863468566
100032909026952
100031691208935
100030866492779
100030857552611
100030594663667
100030177771541
100029992993837
100029013999828
100028462324915
100028392832995
100027223959935
100027037186484
100025041884885
100024627227538
100023644394835
100013700294432
100037078759007
100037028781064
100036890087180
100031520543391
100029365239666
100029353777768
100029165686620
100028827016467
100027952804546
100022333636620
100015253688252
100037908074957
100037899455426
100037521802884
100037470360974
100037390207755
100037314494181
100036858397508
100036843900930
100035304666231
100034941755786
100033581688612
100030907552650
100026270355543
100013722699276
100037058030719
100036291019272
100034618986775
100034343805458
100032513777108
100029259692067
100029036263861
100023367034208
100014574372707
100012699976548
100037979973831
100037897962654
100035109733478
100034919357212
100034764753427
100032576718055
100030563525218
100024029689501
100034801628268
100031139478292
100038025306276
100037553955553
100037519298095
100037451710455
100036295520714
100035919908659
100033897168596
100028603222369
100028498873660
100026962902046
100023627761210
100004000672896
100037455800478
100036595244843
100034769120876
100029678483378
100025342440427
100037654326428
100036476591765
100035341572861
100034996590825
100034466088149
100033703145074
100033580302773
100030564993313
100029080950037
100025968543052
100025883220475
100025268351532
100023946222859
100022344996150
100011870815066
100009617256316
100007277238412
100037953646344
100037735214793
100035696521402
100034048191881
100033859819103
100028082642849
100024785861298
100016886344854
100038078445793
100037997342577
100037707396718
100037367648538
100037300500109
100036572239935
100036279274171
100035640755616
100035494659920
100034797383681
100034298570729
100031269155664
100028396039469
100028145475204
100010184552427
100009713312659
100035283521345
100034458824952
100031680323483
100030058148140
100029517607885
100025723294414
100025238588998
100024077469847
100018802842106
100007002674674
100035534173923
100034564892077
100034163970690
100029623122880
100037921633335
100037755022908
100037502660782
100037203674970
100036540515213
100034358271826
100029871164099
100029781368122
100028969353681
100026390282066
100019133866034
100038208788841
100038211729901
100038217304186
100038221807163
100038234229014
100038237886727
100038241301608
100038261767026
100038261973204
100038275718272
100038280871406
100038280872288
100038300465203
100038351374653
100038340030297
100038240494314
100038266475483
100038301307563
100038302081037
100038332263260
100026573355931
100035941839882
100035606629363
100037134827557
100037326308656
100031985855197
100010193611519
100026292750828
100035686500309
100032092721939
100020879174680
100037795190281
100037725324201
100037696369733
100038044021523
100021806346771
100038044144254
100037837129895
100027939192757
100027119482686
100034803725344
100036812927368
100035408512403
100014445848171
100027803053066
100024765258836
100017584817024
100031778801964
100037294733871
100028780502007
100035376980204
100025508778952
100033696889460
100037771772606
100032607802643
100031149331066
100030279422027
100034265292450
100035538039634
100037760779893
100027138704158
100023707282288
100012164140648
100015482074100
100034378603844
100034446951585
100032243467724
100034529507244
100029835170725
100036155610068
100024419962368
100027388032633
100036344970010
100038013872253
100035541157316
100023977835197
100034561098513
100035261713467
100037578980378
100029704920044
100028973273917
100034640021212
100034389094770
100037618154032
100028544374442
100028286496150
100028452675342
100001148983483
100012320645203
100037746168754
100033633871641
100032734626248
100037091521709
100027712987301
100034848249633
100037686153412
100034293676457
100011356596417
100023183831354
100014869140779
100037870238083
100037492235813
100028767842037
100037711462665
100026613973511
100033495722185
100031310448487
100037465334792
100036212445785
100035339903891
100036925371282
100023037021785
100036256967911
100028204309748
100029937168582
100002103413022
100031878798385
100030748963945
100036565350718
100024354091495
100033564756051
100030845393679
100024738073580
100036491853749
100034311945336
100032944850794
100037618790575
100010894980223
100027299562236
100014590787018
100031874624747
100022938553937
100037607474412
100029716891874
100033831008021
100037694000200
100036732724109
100035653296430
100026350179470
100017050905044
100037881644204
100037383072814
100037653829995
100035756860292
100035518749560
100037226388944
100036631272495
100024202415301
100035893084909
100035253246975
100034883133899
100025474733947
100026420029514
100037835383200
100037824823456
100037304561441
100023062904732
100004085296435
100001555172390
100037126986738
100035302671006
100034035584927
100025390517508
100023343393946
100014464173182
100010327091953
100038012643604
100037725680420
100034987476772
100034201762820
100030162114287
100029827093641
100029056778015
100027084276594
100024166081569
100015522240036
100009196460841
100036450563146
100026362731320
100036398415941
100036305672230
100035650989689
100034938738411
100034713814309
100034523033851
100034155670917
100025848124485
100036838574341
100028417282410
100037975652349
100037663963529
100035332973037
100033602674878
100023778193550
100023333952265
100007472792613
100001377335546
100037908432318
100032766613560
100030318796151
100028669142097
100037086034492
100035046572212
100030998598853
100030889311838
100029850860742
100016924987822
100010511382915
100037846983327
100035614784892
100030567874826
100028839472707
100035577171069
100033166543725
100023913040599
100037463506963
100037152037291
100035969746399
100034925060619
100034813355120
100032533539296
100028313496674
100023897483286
100037875549250
100034993603133
100029259755634
100028054535616
100024657530598
100015780601154
100034481230019
100004744515431
100037683532846
100037501300954
100037290068692
100036071761103
100029447533070
100029268083672
100026299477201
100022513803255
100013251307271
100012925295600
100032379947276
100038018134452
100037782100498
100037744089272
100037734770128
100036869161010
100036038703120
100034950277834
100034787782771
100034581371504
100032605140006
100032478991201
100031394404603
100030427520381
100029824476999
100028452653370
100028425317178
100025666419227
100017098505773
100012783610341
100009054930200
100006485774238
100037132230055
100037046252909
100033414563773
100028854739228
100027486481977
100037760147462
100035648056249
100035628080580
100035261056823
100032820050768
100032326486731
100031935887591
100022820581269
100017738283987
100012553997523
100037662888859
100037593383516
100037354337166
100037336516238
100037081062178
100036910460360
100036681703503
100036458894154
100036153782112
100035366920998
100035056894796
100034385104526
100033802660251
100031439227122
100031354335151
100030595583317
100028101615915
100027841298345
100023929565461
100014480613732
100010078720253
100036149972876
100035657563935
100035371212784
100034382700468
100031200463668
100030793065286
100017224358530
100037559738611
100037437470686
100036054048462
100027937152711
100017749304447
100007341277843
100035034921476
100034766025636
100034432833375
100031032043619
100023829165955
100019599969461
100019328773920
100017247949381
100012668323823
100007895268340
100001192501027
100000369895610
100036595988913
100034655288122
100024625597745
100037772328689
100037511431840
100037503052915
100037458877729
100034379182716
100033212708162
100030655621132
100026492447795
100024312092685
100023045992341
100022525475201
100020473505975
100002133261380
100036146405683
100035866060385
100032615384802
100030842141613
100023918685857
100022444073076
100017026985667
100013430868451
100007216684288
100037912145099
100037693863939
100036790338752
100036347779254
100036068615084
100035043272015
100033262522508
100032477198617
100031219269362
100030704138966
100024549454394
100016648118520
100013560969617
100012900377405
100010126056234
100004330664374
100036115672547
100035239492849
100035131665964
100034725644374
100023878779707
100011758086854
100037618938934
100037301591849
100036822374782
100000138550212
100037444401235
100037149767010
100035367863149
100034025432352
100026585192323
100024283620121
100037887574618
100015216905443
100037731095688
100037685863140
100035895943263
100033504490963
100033481476250
100031473752234
100021856508511
100037231659455
100036477491892
100033451267787
100013639391048
100011282296365
100037986304731
100036507893589
100035579471106
100030348339483
100030121969598
100026045880087
100024793357492
100024349323240
100037798145517
100035315585791
100034435546168
100024797230740
100009638655637
100037781896864
100037420711971
100036685802283
100036323565405
100036204373944
100036192932909
100029114355422
100019495473833
100012671406923
100012016874942
100036888018914
100036136293357
100035940882776
100034763565011
100028166022902
100037301792095
100037132573487
100035318945438
100034237302516
100030910713162
100025783864829
100023747504063
100037790583410
100037475826004
100037317001760
100037277463689
100036687391018
100036146912836
100035910800241
100035794653286
100035646336509
100035537442334
100034769840451
100033872978925
100032020261993
100027786621316
100027432390456
100024243758742
100016698546649
100003330166161
100025832482378
100037782793262
100037639551790
100036609994001
100036057574431
100033891859150
100023069857860
100014988847661
100012611653650
100009192997756
100003825741535
100037972231659
100035479129281
100035190675620
100032624892972
100030367053160
100017339647725
100037997552563
100037938726068
100037377921612
100036273619640
100035725471716
100007423659310
100037999410627
100037884455952
100037694240939
100037663823430
100037475059825
100037127973754
100036219098970
100035695083761
100024543038219
100022207341998
100037709362532
100037555542472
100037040123407
100036985968513
100036571666345
100035784195093
100035461780392
100035066804543
100034655468972
100034537421999
100032563383181
100031467588179
100028454768801
100028329547681
100028117293838
100028012329585
100027750199162
100022629637321
100012760360844
100035360461115
100026393627267
100037897867161
100037870421809
100034453720566
100031674573648
100028725010259
100024553903206
100037866613602
100036702828238
100035711130127
100021179651812
100002765466103
100037931161233
100036272866710
100036103070672
100035479895527
100033299041282
100028594572020
100036771802464
100036546008183
100035463260806
100035460949831
100033101677162
100030554859934
100028790775510
100022230816964
100037814679241
100037795367421
100037486969768
100037141202106
100034030004609
100032531430285
100027015818995
100026633021562
100024139692229
100037785228691
100027710960352
100025221046185
100014167098064
100011211486081
100037965031626
100037626948208
100037381236879
100037155738990
100037122351480
100036541392486
100036211360873
100035413336565
100034613652780
100034448086761
100031146892666
100030348978310
100027186470702
100023070307752
100038079240147
100037643751422
100037501034358
100037480696232
100037048762742
100033651948851
100033562500813
100032886708729
100032382226317
100029822135230
100027796596744
100026471751900
100022594991034
100022341410917
100037319886366
100035443114932
100035328701919
100034618642505
100033329015304
100022951485162
100021463921866
100015197449394
100037824455052
100037776911411
100037628452350
100037611273039
100037562837644
100037453967635
100037037750350
100037008129760
100036613894080
100035923333026
100035803090845
100035716094954
100035233311389
100032499964343
100031858910640
100030053434024
100027081311507
100023852555902
100020914431676
100020645450610
100014663113687
100013408276306
100008306170271
100037691779855
100037110220754
100036946294024
100035890355921
100035338867926
100035058391183
100028574132518
100028174281693
100027705823313
100027292665672
100026836813015
100017545484458
100002068827592
100037291568799
100025124089653
100022415223117
100000016358493
100037891117089
100037884939197
100037697051851
100037351023432
100036788450388
100036222104537
100035496157321
100033643037231
100030423550276
100023535316630
100021775277460
100016784768839
100015515299496
100013720483261
100009726067176
100037655872437
100022152730090
100036230168070
100035649062234
100035579389258
100034473312987
100034468014297
100030198844184
100029898966453
100027970592028
100033722981205
100033700208633
100029479651377
100028250922999
100024171137119
100037627369341
100037204481426
100035157350283
100033117710940
100029544307286
100018134823115
100035950815574
100029910110264
100037261568107
100037200683435
100030466062796
100028606254306
100027362403217
100013504217444
100008372106245
100000465925931
100022234114482
100034678631821
100034099880907
100031302861119
100031281257018
100028264301288
100006693308612
100037752664818
100037227470164
100009558655053
100037254451617
100030100024459
100028190377109
100006877329670
100005962002939
100037479634697
100036971325859
100033872312103
100033805564023
100031295716574
100027678888630
100037504283221
100037105921079
100037816028725
100036523592348
100037078993959
100019234861524
100027117367378
100034458074637
100037297385791
100033034404124
100032385289628
100029080700760
100028591832309
100031685269086
100022056039196
100035862672109
100031110820440
100028371436758
100037544134464
100033846649089
100037201700721
100037633716124
100037244798377
100026534108746
100035822853869
100032734572548
100035367372780
100002368449285
100034543569244
100035826510474
100037856314057
100026048376741
100029544811306
100035685361906
100019616613341
100018336090298
100035872232353
100030450954227
100036854930908
100024719551595
100015626014933
100013193837538
100037559419277
100027042944327
100024034310893
100032591686951
100031797563906
100016068906215
100032929430974
100027062780973
100015529095628
100007458589082
100027475250304
100028418531333
100019173037352
100036447491610
100036037370065
100030859969521
100013711184805
100037772283878
100037639008405
100031299248978
100037912290808
100028722495020
100023770853854
100022000302267
100009761867797
100037677432451
100035386710436
100019606685622
100037761516594
100027506288369
100030017524514
100027768011137
100036497140782
100035892533530
100003272342777
100033200721507
100034899845151
100023917602868
100037871491857
100037641194920
100037447594199
100024165400814
100036437912940
100034297460956
100037653705619
100023591716618
100037406835868
100030706511042
100023552892099
100013884432706
100000901294229
100037878512929
100037816236905
100037657419345
100037629941978
100035745617337
100034960491525
100034855101864
100031374155205
100027644633394
100014365367383
100011595047633
100026972143107
100037844224238
100037718232786
100037553844104
100036282680983
100035785153141
100035662060503
100033992162594
100032366400706
100029118304830
100026994883623
100023902456696
100009296307623
100037746970855
100037625881585
100037587290725
100037562719414
100037482651556
100037479681454
100031971077216
100031217078280
100030878863323
100030870744126
100028436313770
100022694657421
100009190700868
100007008301863
100004050183529
100004046664414
100003814519026
100035648992407
100033838550147
100031035439554
100008579852013
100037836722123
100036740385208
100036069467581
100035593812394
100035282474456
100034709670585
100033912532046
100032704511741
100032665177041
100030982584019
100027675402941
100023896841364
100022916361430
100021967104305
100018241292393
100014964909994
100037074754606
100036925628000
100036566925916
100035274248414
100034769896181
100033953589371
100031319700350
100028996726374
100026557159336
100023136263894
100015473920889
100008405790963
100005903885331
100037792358490
100037571873638
100035239094828
100034845886905
100015923130489
100015896407557
100014005246692
100037414281507
100036764413112
100036046895047
100009097749343
100005086307298
100037264878450
100036907098350
100024635230323
100035666933568
100035634580219
100035873655722
100027091567179
100009500743808
100030226518450
100035932594294
100033580998075
100031813668764
100035282142085
100033897999213
100034767581803
100028236231789
100034447761366
100035737170828
100027463867263
100037442043943
100037393450950
100033507713366
100037171595162
100016470031264
100036547441026
100033839715387
100027343967686
100012113371636
100037083951000
100035449152694
100030802216455
100033065864119
100035531752790
100029108784171
100035177286708
100031716364701
100009959344688
100037434741311
100034188395276
100031160050210
100022476890165
100035403071209
100033014258564
100003583992866
100029450982210
100032048687045
100027087631509
100022554979873
100021621894144
100029214651279
100034096660461
100037102657351
100028354628492
100027941623662
100023800904660
100027938448312
100037003274691
100035944720390
100035719778425
100035102107829
100031693634524
100030286123077
100026903281415
100023981990092
100013854815363
100010956631096
100013504304449
100037759896648
100037682886053
100037679713005
100037320378724
100035859278432
100034782844876
100033404475626
100033255185800
100033222486162
100031773422622
100028311468666
100016829021877
100036381012016
100035110071145
100034998371075
100033766896769
100020749633554
100020461338955
100013256862299
100037633604424
100030905622961
100025328085487
100035897242480
100037750449259
100035905215132
100033594403160
100027762641701
100037563017720
100015299557723
100031220022940
100025707271942
100011688039898
100029513678007
100009206599189
100037060251867
100035699923878
100027647802373
100027140684294
100034564429778
100022769933235
100037663181001
100035695211681
100033758122711
100016732096440
100027510306472
100036975622073
100035188784511
100036962831686
100027234911579
100025171474896
100035348253342
100032956892533
100034945565736
100036703564592
100036539882138
100033696432547
100036952056408
100033722763617
100031297870830
100027255410680
100026900300328
100025257944708
100015936394230
100012663455641
100008585107579
100037734519510
100037451226622
100037217384627
100036723090702
100035901262134
100034133014418
100033042963755
100031716932702
100030889530908
100025411995833
100024055042855
100023053505866
100019545150631
100037871850784
100037813054971
100037648990058
100036924278399
100033309811968
100032879979124
100032726719029
100032147640647
100031890606116
100031168789940
100030565624448
100013757940389
100010899096789
100016576712703
100036872388697
100035097097703
100031179553809
100029836629480
100029722223209
100028200792575
100027426979948
100025527937317
100022768361403
100015601365227
100014308500037
100012680018567
100012288390205
100037841282506
100037595980175
100030031235850
100011640700149
100037355265980
100035590871030
100033184724849
100031877087545
100024879632775
100023613701897
100012326465922
100007603127741
100037648263476
100037616379455
100036778942896
100036365801665
100035807325861
100035304845956
100033171349181
100031121934373
100031107188582
100029072060741
100028782323917
100026472213943
100019801320726
100037541136020
100037056187959
100035292697251
100032122180514
100030386230559
100030361662003
100027898791626
100027346990879
100023007212323
100021984994464
100015022083357
100006157230398
100037634084121
100037254665598
100035933888285
100034996365866
100034549453082
100034235504336
100033741398159
100030741040483
100030214001247
100030132610743
100024046114362
100022346016737
100017323517215
100016910117319
100014693198441
100010952898046
100036659649995
100037312812529
100022634881327
100037497709059
100033028780574
100026873383097
100036690185631
100028619673120
100037570155588
100035428434249
100026304182566
100028878351018
100025358507304
100027266584702
100010825353429
100008163281887
100015272477621
100033517354887
100028491593334
100034210721969
100016155041548
100013319466089
100037525293790
100035792710486
100009661926816
100034795821040
100027026200585
100035825774623
100037516010279
100029266204958
100027075275569
100034859675163
100027810615198
100037044937172
100036253535332
100034512901172
100037544585525
100017954465046
100018682756446
100034763143440
100037170215078
100025396836995
100036936932271
100035837856338
100036526818544
100035083576796
100025567987119
100031515766959
100034060362453
100036073020111
100029946788282
100033904627049
100037489131821
100035341110943
100030278972635
100028568535453
100033389536307
100036708282042
100034987910255
100027630450650
100024671769609
100035550275456
100009626560676
100036976459477
100028368636172
100037313872875
100034618343248
100032557122367
100016077461908
100035236551586
100034852235199
100027622110321
100037814011768
100034913178765
100023415763632
100036062475269
100024192766826
100028184461576
100027691862355
100033637963106
100030690441848
100035627680320
100037162965702
100010872528125
100036745651358
100031674231391
100019037826090
100022095114138
100037252098645
100032480243383
100036986371610
100037620278163
100034957443464
100034636428669
100034586769020
100033512224904
100029030952262
100015647854674
100026729976513
100023844360063
100021894000124
100028701249821
100036147584575
100032863111398
100037127611663
100032830011966
100035454502463
100035347583640
100037626097115
100037717925183
100029731722972
100037678505619
100037524340816
100032859011776
100029603252041
100028940955068
100022892446063
100033866824685
100030938946370
100029973998456
100027170490133
100036432816291
100035613919000
100037701337854
100014754281676
100011773780115
100035337157239
100007913731342
100037719783667
100028610311622
100031891590370
100030943811845
100029240882609
100024288182288
100037456064948
100037365374995
100034025844016
100027902195761
100027311198437
100037011672686
100030738023597
100030264765853
100028430386183
100022669118882
100022497999553
100018136152417
100037718825868
100035947818065
100034477481907
100034296922345
100032837314885
100029724516362
100028615276644
100028302581971
100015970387474
100012031442516
100036728410893
100036600802907
100035493851175
100034154822956
100033663683230
100030788532784
100027565734161
100024325502319
100023305454366
100004310796947
100000197107572
100030410734973
100028654441680
100028565963333
100028417759429
100027026224244
100026407129187
100001944936090
100037270609190
100036318815359
100036034263046
100035201383741
100028178780900
100027950225307
100024095631242
100006372495797
100035370250901
100034318159174
100028946541492
100026738628317
100025603540623
100023481319348
100037442942534
100036914894476
100036621840593
100036157549086
100035485475396
100034981813253
100034403178407
100033971707995
100029221397591
100026036321805
100025984835831
100019750337951
100010731394570
100033821977019
100031630659156
100029237064024
100026458764328
100021592607902
100034657834169
100028815854074
100027782631015
100026953846728
100037307122036
100037225599458
100035483858119
100034953785542
100033951789620
100031828959223
100037391558949
100036216683593
100035235495192
100035201740716
100032603404764
100030713765701
100028888352065
100028371151373
100028012491330
100026311343327
100025518654316
100024563813029
100018130892522
100016861840793
100012291391543
100007042564795
100002683897734
100026993560405
100035328045372
100024319639955
100026839174293
100030678937362
100035776423773
100034768940992
100015269503501
100035787633072
100026702753788
100036854898986
100031633642285
100007768835815
100037431545950
100028594082328
100035164512289
100015319518567
100031159882196
100026462025806
100033414293985
100034478379465
100037101935146
100024457577909
100028034344604
100022334592308
100036095418880
100036272056530
100023438019088
100026031225891
100034715894687
100024287102541
100028411507052
100037295133898
100008124759329
100034218210785
100037115598585
100036128590025
100032985935095
100032155171452
100034119163935
100037435772326
100037462413889
100015453044954
100031752514880
100024876463206
100017903913734
100026522836086
100037295803207
100036815741063
100034741756772
100019478190555
100036152735540
100030261173701
100036575210066
100034109553876
100027772637439
100028332470654
100025323043392
100035995515292
100035229284167
100027983085092
100037254580117
100036474641569
100035995507119
100035798648358
100034259052971
100034259040013
100032214375375
100029065451204
100023596990961
100024970400411
100035423794117
100036485824674
100036836026794
100034529480589
100033044610748
100028684699279
100028091499935
100026065333308
100035801051817
100035423803901
100035271302014
100034915463019
100012032386594
100030174221185
100036340632788
100027583685449
100036163213579
100035558842601
100034843145591
100034003574635
100032647550213
100030637652897
100029369286733
100028814092132
100027769579465
100026910483374
100023220971380
100018320767243
100035013675413
100037218033096
100036142907919
100037138959445
100032798111858
100036001702040
100036922118959
100036912863782
100036697565286
100036603155741
100036076342148
100016512090914
100025282404003
100034976954639
100034554308743
100028054762258
100026534476780
100011206001632
100036341628399
100036046052588
100036821542800
100035684747434
100032027088637
100027393853568
100035495766269
100035415720025
100035368682635
100033865275658
100030942621926
100027592535857
100032688665226
100028249208875
100008148850912
100031379381312
100023379803028
100036571774326
100017335064571
100016856528632
100032081370133
100036472217350
100035816768511
100035685430240
100027263775461
100034729484739
100037120635312
100030374230893
100027150346985
100017130007234
100027680797495
100034786969392
100034606961759
100028798851399
100014787308992
100009557072260
100028906053375
100036927526620
100035168883164
100034763022950
100029944059252
100035840500358
100023462540387
100020278444463
100037193954365
100036842961248
100035987589672
100036043353594
100036220235562
100034090523542
100037287589750
100036909096476
100035535990551
100031500456103
100030286470360
100025147120099
100016220292480
100036909097812
100035096361046
100034997407720
100034217749404
100034122464499
100033301246375
100033102791235
100028516461594
100025937143161
100023939104690
100023372687304
100017013939740
100005078880483
100037162507497
100035285913184
100035051708794
100026694871072
100024582074143
100037410120865
100037141899652
100036030150153
100035634232661
100035262966718
100035233697524
100034958232125
100034659754489
100034560350128
100034513470868
100034463482143
100033578202718
100033059381350
100031343535384
100031299821240
100030827566918
100029642540073
100028138027286
100026985042251
100024968139759
100024786734735
100023357136867
100022450800859
100033478244732
100015019264695
100009165897425
100037031168486
100037029544032
100036814330403
100036802580388
100035463334418
100035115252540
100034948427435
100022379649615
100002834816713
100000160544229
100036799748324
100036860296873
100035391487398
100019481250817
100025082555493
100037299844067
100034691602043
100025326636506
100036300284519
100034281409855
100026351381525
100036853160587
100026333850252
100014516345595
100035182698815
100033588736509
100030599598461
100029403744194
100026853255803
100037202435955
100036334387486
100035793736756
100035572410050
100034611934397
100034601162217
100034048307927
100033957589724
100032219584758
100028128203319
100034662279848
100033904448100
100033478363151
100033333590599
100031536434579
100031322460433
100022812791700
100021686926275
100009330400576
100036378522549
100036199481786
100035389447174
100035290599477
100034440487116
100033786125517
100033354162166
100033334009513
100032494180806
100030199092807
100030113417870
100027920268146
100027620946283
100026772757077
100024905227608
100024612796801
100017407846663
100012865800875
100001702738384
100036562936676
100035391575313
100037143669424
100035380630915
100028803150317
100026051197521
100034502201817
100030129163332
100024356700853
100022888416710
100030392120871
100026035691600
100024863773462
100016877323400
100035100330749
100037225483405
100035553494752
100028934165520
100027107263756
100037485670682
100035795375007
100034837367450
100034027903269
100033106637430
100032244503371
100029069444477
100026750298318
100025366033147
100005430917256
100037149543206
100035693711282
100034495151321
100034223102269
100033264886283
100031650856773
100031368665187
100029651181836
100022475165504
100021632445817
100015437142863
100011708155540
100036990977714
100036440033925
100036401327699
100034645547933
100032880670278
100030171609572
100030048451757
100029753376281
100029356744721
100024456601566
100023805073015
100019356759833
100013820266751
100036863659842
100036795375940
100036336630345
100036201758358
100035985487720
100030482700098
100037199293956
100036133564259
100035737296011
100035218687418
100033599740963
100033403869586
100031129311008
100027754770556
100027052695107
100023800422455
100015352473420
100033752823255
100030539404951
100028478641675
100000724421137
100037294424053
100036950599752
100036943578091
100036143504573
100036002414703
100034702309653
100034530850024
100034147099468
100033459761766
100032668972055
100027393316565
100026718284255
100023500898930
100022568543406
100018765393451
100018368347455
100015282181595
100008635933822
100008257861812
100037027593090
100036811301925
100036554610361
100032724233231
100030248001431
100023546201088
100037362511648
100037320603878
100037143247106
100037044311900
100035180735201
100035007619666
100034692348916
100034649204368
100033985625249
100032938306319
100031759993690
100031052382340
100029236012716
100027306937825
100024995956211
100018497504626
100009657372135
100037064882093
100036886011982
100036157540547
100036054847517
100034764276906
100034682913801
100034551404558
100033330906075
100033304914139
100031072400026
100030874143995
100030611028375
100030517419478
100029803872116
100028108419410
100012069372530
100036800777446
100036705049926
100025458773856
100036994391882
100035772555088
100035600146038
100030188383194
100037352152406
100037319899810
100036752856245
100036257842439
100033392854639
100031240997159
100029738131672
100009595367198
100036600463085
100027934084425
100019264835899
100007056909956
100037148417491
100036558420700
100036555816603
100035473891271
100035116938789
100034588123499
100033341183969
100031446472654
100031295714030
100030970038156
100030138503184
100030138500981
100028267305255
100028138491033
100026055696015
100024147637447
100014723761333
100013603121326
100036503990380
100036460150016
100036142512929
100035282523033
100034897896317
100033307540499
100028078280883
100027893661226
100026951093739
100026628379338
100019852211700
100016020515615
100003134557833
100036555820529
100036015756413
100035327826592
100033201439541
100027532521208
100025420532397
100025155190895
100023914750443
100017145963444
100014984734053
100035809502408
100035129086330
100034659728282
100034632221074
100034542887887
100033941749103
100033539659916
100032454438862
100032099761015
100030527670278
100026890128699
100026709665280
100022265524874
100036925151350
100035467745753
100035037122814
100034982948288
100033902821453
100032859542150
100030923592080
100030695327219
100029826152751
100028179690317
100026855348409
100013248276767
100010780517206
100028047409554
100034613732212
100036953778831
100035656279276
100034379987181
100033427899654
100032505308535
100037233216444
100036667690082
100036622084014
100035546182885
100034949672195
100034806578064
100034613752756
100033408947702
100032922112405
100027797258991
100026682696491
100026210220424
100015580592233
100030546737433
100026929718856
100024483983621
100023778904698
100021976371190
100028097031561
100009070927849
100037416826962
100037320421977
100037014401188
100035882133610
100035709826871
100035320803661
100031218663529
100028972582152
100028012727702
100026768030632
100025365134845
100023680868981
100015561515933
100010432928955
100037185672559
100036943444460
100036315975666
100035959941368
100035791595488
100035784403312
100035681690365
100035673073486
100034585660186
100034238101544
100034105261841
100033114421411
100030128346466
100029048772039
100025552509795
100025402714579
100024985471468
100022158798320
100013001293754
100001757079869
100036176139127
100034933771630
100030638190749
100030000043537
100026974174158
100025876213649
100023712978296
100037640162755
100036397642246
100036172910011
100035549240865
100035438353170
100035435587076
100035042379671
100034533424641
100029186394085
100022154471108
100007551916512
100037026728116
100036742448206
100036479825417
100037350241720
100037216357915
100035360642486
100034608891129
100034548490151
100032351688780
100028684980701
100013491556548
100035630443179
100033453185402
100032941520721
100019605790146
100012165433716
100035923980450
100035734393174
100035484621712
100035052156822
100034296768594
100033260841023
100032338280581
100031691263099
100026669958508
100025403660397
100024580549955
100020605265819
100037116302120
100037037811366
100036802950589
100035184113244
100034915691329
100034627814242
100029267647770
100028152481633
100027987622863
100027479803664
100022977221128
100015225886676
100004987146204
100035702182509
100035587922306
100035214109111
100035155180847
100027015549038
100003509646943
100037465772247
100036666961237
100035916935999
100035588772573
100035352543117
100034807547436
100034729220209
100034606714555
100033738046618
100032670847675
100030656061073
100030352418078
100027900016424
100027517821719
100027164199770
100026256758553
100024409096422
100018121000993
100036628104262
100036556874835
100036023528158
100035956847080
100035300240060
100034576463153
100033639112391
100033497449464
100033313591010
100030679696889
100028243060488
100025203463460
100020884818179
100035033243009
100034925450241
100034772358270
100034647921018
100034586079550
100034428911986
100034205358297
100033119263314
100028695811494
100024157103545
100015208213279
100037168238272
100035913593692
100033317559204
100032934614559
100029492422145
100026840533703
100019000800328
100015004118422
100036635503993
100036098414037
100035785263956
100033926573574
100033668167596
100033431628772
100029996687823
100027243373745
100026449051804
100026335724922
100023941352011
100022536765142
100017856977700
100035600721614
100008733794407
100036376531127
100036097902386
100028753210857
100027143210691
100025119704666
100036749691378
100036499177826
100036187412512
100035356533310
100035120221262
100035037622350
100034829923019
100034287130539
100034275650580
100034134728793
100033605565155
100032461598517
100031688898666
100031171089294
100030641558916
100030318672887
100028052554014
100023532459347
100023525414872
100013777471653
100037084567194
100036834682762
100036193779520
100033872884265
100030713236674
100029378616435
100007467853594
100037496882336
100037169314446
100036963784751
100033015245380
100022621413222
100012799144088
100036919787957
100036902640505
100035375023287
100031517028164
100031158245722
100030440063888
100027955392352
100027409791482
100023639141716
100017080832085
100016692190690
100013596614827
100012974611909
100007120818690
100036945131286
100036937733225
100036342441162
100035915616111
100034983853988
100029597980293
100028417853685
100026701179875
100026507423427
100023997523791
100018698355512
100017413843083
100035412372051
100035365170565
100035308932347
100032303614452
100031498380785
100031338412198
100029912003720
100029160769842
100024688330028
100008772944283
100037581665548
100032325362336
100029158881755
100025151422658
100037117656861
100034204415032
100033919929154
100033674250371
100033632774932
100031135929096
100030751989418
100028142268071
100014654946195
100037399685195
100036894228744
100036117492802
100035829294110
100035719370155
100035622173673
100035216281887
100033572809748
100031585125484
100031470330084
100029206178699
100029007199862
100028151409973
100028110276315
100023346184149
100018445569684
100037030119788
100036689750467
100036580867138
100036240733406
100036053361862
100036045015651
100035676762884
100035551532803
100035366923365
100035109463150
100034305429272
100034050372091
100033998826349
100033602223020
100032363648152
100030321936932
100028664312710
100028287645782
100025993209039
100025618154874
100024884850379
100036985670574
100035819977986
100035564741646
100031794723595
100036569250852
100036471243886
100036150560082
100035686133827
100035455759885
100035426593297
100033329480352
100032603536077
100031973496820
100031210301684
100030250610537
100030019178512
100027978390448
100027421236091
100025398827780
100025365797113
100024923300495
100019645244649
100019268583404
100015302887078
100010901250778
100036601714858
100036029198249
100035521454555
100035032096510
100034932849826
100033601313497
100031238200627
100025049709619
100022697783934
100021883852611
100015131328566
100014387475591
100037032189875
100036472724450
100036327030276
100036224829859
100036222944934
100035666671269
100034418683347
100034328352537
100034265291696
100033813974887
100032911144773
100032506365936
100029934921734
100028636472805
100028293374581
100025113194746
100025031657679
100023524849900
100022897164346
100017973251040
100016924385576
100016915458850
100015311258380
100012631188480
100010976500986
100010246447339
100034954673333
100034660635237
100034127438328
100000606133353
100037204085659
100036680991871
100036575291674
100036269323911
100034610798610
100034475864988
100029452759915
100027799020440
100027594732470
100027117467181
100025701618513
100024711199692
100015797049389
100014735321548
100034096552949
100025990157199
100007093599987
100035481998967
100035306684551
100034802359778
100033714786158
100033710043371
100030069030074
100029879357248
100028338408955
100027572242394
100016983780219
100016785907021
100014579651290
100036306139405
100035573181747
100028897637449
100035836926354
100034796529171
100032207663140
100028157672163
100025677181762
100036272747582
100034624882045
100018732245943
100013067315317
100036745071309
100036479913748
100036385001829
100036095293470
100035993932860
100035799322288
100035280484794
100035117918354
100034822021358
100034006173571
100033826662617
100031459507928
100031161373677
100028359919595
100027720983713
100026431847227
100026167265229
100025081693586
100024618756448
100023937967507
100018239852497
100017117445240
100034980574124
100036959928111
100036184749329
100036033012555
100031648567103
100028645563925
100028462241078
100027140780215
100026698161653
100026551425332
100023536390791
100023097531302
100016489117375
100015967786329
100014981345004
100028852551716
100037138443977
100037137786364
100036864258799
100035921610772
100034688712743
100034631991465
100033906738428
100030234846365
100029131382001
100029093181602
100028564711001
100025077434421
100024014417002
100007965374029
100006667982915
100010417926104
100035714869854
100035637464844
100035442611076
100034467970039
100033840484356
100030419169646
100030132466901
100029464010333
100028272612933
100027549635434
100026967827595
100022567599681
100037154625293
100036806958764
100035748522321
100035282330449
100035265137320
100034695473058
100032416971679
100030917354863
100030585606668
100029968006400
100029809771294
100029740553319
100028433370410
100019908519009
100014716935808
100011064702127
100010490763215
100001730172387
100037216050892
100035344142037
100035126260644
100034612065204
100033054572455
100030798631461
100014148523624
100036316419833
100035925391132
100035741765155
100035626028137
100033880789845
100014234266539
100012648337820
100036189604398
100036023483045
100034612064926
100034166436098
100030553304244
100028340272778
100027575867721
100019128697941
100015343419344
100009836973284
100035467444333
100034575636111
100033880788991
100030585001075
100029856875776
100012490921035
100012081551842
100034745802253
100026667474045
100037075398144
100036735279899
100036480752198
100035753582325
100035694196269
100034590802991
100034281587759
100034209884567
100032463902482
100032338775117
100029945010487
100029434694152
100029109152358
100027885754891
100012502985883
100037561656668
100037221651457
100035577455927
100031139393012
100029309362116
100029257921752
100028200560273
100025177350797
100021671445813
100015810120121
100013046948922
100037379874074
100036454387056
100035905264744
100035180027137
100033739386955
100033510490237
100033333973140
100029615802413
100029520679128
100028292989343
100021810879408
100021486910658
100008435914447
100036951228740
100036914082247
100035983958685
100035857718876
100035851930938
100035804301036
100035770369540
100035412613252
100035183079531
100034854221609
100034647762627
100034585332269
100034490443086
100034477321312
100033640398430
100031643452182
100030289274248
100029362391773
100027754022143
100027337909067
100026910323838
100026739110979
100026575972518
100024730489305
100024653172151
100023098125784
100021733784063
100008209682833
100034211100358
100025402502372
100037005009909
100036715336695
100035728810874
100035563104118
100036859898767
100036694935470
100036571904563
100035213237413
100034397869052
100034122249523
100030363120813
100036742270671
100031677383694
100025831297454
100034633321869
100034255303278
100031434484846
100031210298867
100030581436383
100027380744919
100009736834751
100036837049719
100035307110363
100034564897904
100009137202053
100036775535227
100034770314042
100037461249372
100037464966723
100037311881854
100037296159567
100036350833340
100035465105911
100035257744140
100029730370262
100029730361844
100028738478727
100027619510677
100025682705383
100025668646908
100025106630641
100037462662388
100037198841606
100035706670631
100033836833580
100033281623852
100031043678718
100023321713035
100013156905221
100012687009554
100036892941147
100028327158577
100023974328706
100018863082445
100035828766584
100036118201963
100029508210370
100025451190891
100035195930527
100034990492790
100031430292423
100031173369717
100030558331154
100037335462960
100037056100935
100028846672304
100026121751474
100009117521434
100036904716365
100036349299422
100035814743333
100017119560312
100035982078515
100035881721337
100035750926885
100035076742201
100032086514399
100031085750257
100030315409812
100028133920118
100028118964294
100024162038865
100020734653267
100016708176014
100035222403578
100023933074050
100036769577616
100036748489110
100035648024210
100027857794824
100027636975893
100025782311475
100036233373124
100036223128869
100034691061984
100037488967364
100037088542550
100036548663373
100036079014211
100035666932987
100029607030318
100026984258092
100005160693782
100033795135957
100016294307011
100037099953945
100037013018539
100036395238695
100035829644611
100035733483523
100033952280186
100031698975563
100031142284118
100028582694888
100028121950925
100022814045587
100036189342411
100035156902986
100018217176047
100011910930126
100022211711614
100037574882436
100036482561965
100035627800651
100025191913228
100037125756080
100035649554690
100036865065491
100029778889467
100029194993922
100032159540768
100037321804073
100037211322505
100036110172691
100035919310270
100033353080248
100032244467868
100029942992165
100029835529247
100028992634110
100025411440787
100025193974365
100014716516411
100006680381134
100036605055688
100036057284497
100036017904162
100033782210919
100032402565671
100027923146007
100036744587449
100035795836651
100035567596328
100035250602056
100035181525344
100034695737616
100034391261322
100033969634272
100030818962835
100030202930129
100028393248060
100028089552559
100026954422619
100023659673912
100023291510527
100022880100853
100037143005547
100037142590687
100037094346004
100037044935609
100037008622640
100036679429204
100036528378016
100036390641569
100035894528133
100035467996268
100035062310631
100034111041679
100033508806994
100033462697945
100033460087763
100033252904865
100030753517984
100029878685271
100029175431721
100028975620991
100028491380542
100028468421625
100025531576290
100025015007912
100024235747940
100023955995466
100023522644624
100023186330637
100017766974616
100015439592222
100015087247251
100014251685433
100013982041869
100006773551300
100037239733038
100036266044467
100035978320657
100035834471998
100033121992521
100030564498736
100028391682159
100026977193708
100026218086954
100025843359495
100025522475548
100022569398291
100007782698445
100036829941189
100036708743561
100036045197440
100035505502510
100035431651444
100034026472315
100033840287105
100030248641126
100028999593755
100028233110210
100027683827309
100027681165615
100016559012190
100003678743287
100009509618339
100034798390995
100037030339452
100036438300935
100032911550509
100036622457340
100031141942542
100027606650526
100005152749666
100034929998519
100034446889596
100033740043060
100024370516400
100015627961375
100013186035543
100009103055409
100036332681874
100035175081356
100034264163429
100032565063133
100030694455820
100028580778270
100028154354549
100022927331681
100037104640832
100036927286959
100036272588602
100036248378892
100036236536536
100034786170525
100034219500433
100033624545556
100033567979619
100030583338027
100028247226289
100025652660023
100023838879988
100022219190166
100020680053376
100030849038133
100030777992595
100028431580943
100037221973935
100029428153662
100019391612660
100031067825042
100027496095498
100027014441932
100035637035384
100033718939363
100030752831901
100029909543669
100028329909821
100027082880697
100026456857202
100024003940803
100017627109335
100012922325449
100036521470201
100036405947700
100034420875747
100034279565195
100022209591543
100021264487001
100037650726013
100037153543185
100037140752843
100036599944867
100036058932678
100035483400156
100034920105988
100034632943598
100034414222613
100034325292730
100034214383248
100031148449835
100031084397298
100031009719024
100030641115924
100026526338938
100025872377613
100024611404466
100024431677769
100023107546481
100021909288364
100006594820359
100036944531762
100036840592113
100035451632807
100034630932723
100033531547542
100026977711202
100024746476971
100036779273674
100035037953151
100036985321207
100035681053150
100034009903890
100012941622501
100037046593752
100037005218797
100036452568909
100034923102638
100034827705961
100034721570430
100034662458860
100034332582163
100033525645864
100028242167208
100028105219302
100025466442331
100024442493801
100021793131593
100014728419532
100007483718152
100036862264667
100036743463626
100035952152072
100034967842908
100033331485929
100029491220084
100028079920264
100026675558676
100037011063413
100036498335969
100036110232579
100036110160988
100035730581689
100034249937556
100033576516762
100031281164167
100030972532374
100029711777539
100029436181429
100028176823316
100028066535941
100025164883281
100024107823994
100013255776983
100037027998700
100035419666206
100035374522482
100035221755630
100035026473242
100034379250683
100029101720579
100028912441767
100027790625361
100027700418522
100027449402931
100023665775611
100037232201071
100035964128263
100034880058373
100034687662698
100029127259933
100028789896191
100028290400369
100027806943233
100027095184158
100030381547155
100026362546031
100034695097634
100032921954671
100031547088269
100012776646800
100036471582676
100036076644317
100035181855166
100034802453382
100033919741859
100033829688646
100033326566236
100030954935929
100030567740136
100029486131166
100029051774465
100024805800621
100024771360684
100031113754156
100034587676522
100030601033120
100028572825472
100028126475969
100025354944258
100007481137560
100037167644534
100035639868110
100035380128323
100034479799706
100030884520739
100029356051968
100028638250691
100027775682335
100026226463247
100025991822216
100022881703604
100022648759523
100016206554918
100037298402856
100037186742670
100036634896061
100035027296797
100034808793788
100034593187270
100034366639491
100033800378673
100033461896436
100030847246181
100029532632051
100029194990528
100029170490768
100027937690368
100026116534431
100025424322447
100025008351106
100022124150039
100018337064043
100015560323705
100037443130438
100035499741047
100034414778894
100034279145006
100033846487532
100033410566738
100033043686602
100030920742230
100022170886487
100014680480202
100007874552840
100036400200850
100026989393157
100007305518455
100034473436475
100032463444294
100031186005814
100030044944580
100028884051481
100028463460462
100006721326317
100005677202580
100036865516889
100036841489117
100036781087674
100036743370991
100034770739331
100034670241715
100034593664234
100034027082821
100032469912926
100032232589490
100024757008015
100022605499625
100022056972776
100037189895894
100036996129682
100036987498462
100036826460909
100036132784027
100036008870994
100035308830926
100034960865270
100034634821380
100034619420756
100034542336580
100032438300581
100030769055735
100030577956662
100029277217591
100027492402197
100024880781175
100023727411723
100020560111406
100018691487758
100015695826555
100015037877353
100003383245823
100003268079250
100037086876914
100036300189469
100034698529307
100034319016710
100029301643825
100029269720406
100026825432098
100023344815064
100037257451167
100036771583779
100036173767804
100036082597076
100035381175946
100035287939515
100035228166892
100035080398696
100034725544686
100032661783191
100032028831156
100031920881533
100025718678211
100021899204513
100010077004682
100037091640571
100037060397802
100034916813119
100029517542806
100025042514124
100023457432065
100036061835268
100031371699193
100025999324226
100037283016435
100037196372717
100035984121138
100034968714051
100033158452393
100028282906702
100028198022086
100036929684294
100034572084106
100029134532161
100027465529828
100027018094117
100036981681839
100036907367612
100035969960105
100034832151238
100034684475831
100034527850061
100034428892528
100031998201360
100031295856503
100029398367195
100028921711848
100027253972081
100026582118233
100022823628138
100011769248617
100036890980391
100024139431755
100005499964636
100037223071738
100037180264778
100036986250724
100036701800300
100036353733270
100036107331628
100035656777675
100035633133673
100035252467753
100035017455043
100034616060933
100034186893895
100033908780181
100033547399109
100032111536595
100030750232763
100030026589685
100029777564153
100027986731219
100027566714496
100027107085452
100035072812703
100034151511652
100033275359290
100030440381180
100029453671587
100027373042835
100025236691476
100025022943096
100011346618015
100006144829183
100004704637204
100037120930617
100037069991529
100036914029665
100036113807502
100035577183608
100035347021977
100033848371113
100031441953491
100016798932410
100035158598716
100029291461398
100028614001547
100037137302125
100036967114050
100036830537394
100035766994866
100035454138811
100035333887423
100034775862760
100033120154477
100029178489628
100025869249270
100025022150902
100024268310237
100037384291206
100036978737753
100035650433835
100035059162961
100034793563796
100033484452623
100032626881668
100030394650291
100025745328348
100024098147827
100021341357850
100016689732351
100009358613587
100037179154711
100035272793197
100022392308491
100032229739153
100030160026357
100037325387175
100037061017789
100025031826009
100024836106385
100035401312954
100034314713227
100033956028136
100033144704495
100031565164842
100030633245165
100026276284051
100025159061365
100035754011671
100028659480468
100015260146527
100037130342514
100036301866965
100035820559384
100035693918208
100035601403941
100034677876489
100033881167139
100033754602671
100032719208743
100031817164090
100028036463114
100028002648420
100023869451665
100017069945317
100011355896444
100002747031122
100036216533748
100035962550962
100034306925744
100033550140115
100031496896497
100029755273830
100029460216360
100028863994599
100028487799223
100023600354265
100017080299023
100037280653388
100037129732412
100035354631306
100035086483190
100034833607790
100033335771632
100031365042073
100024482985397
100015004805191
100036804675644
100036727224187
100035118437662
100031623952275
100030023445855
100029051432055
100023274374622
100033813303125
100024468580460
100036843698722
100035127582483
100034396583327
100032878073270
100032040279824
100031306125151
100030509502025
100028978416852
100028087693961
100027254198744
100026852794820
100024297195144
100024172463297
100022925625683
100018589902403
100010862220332
100036922955930
100034793761954
100037126598832
100035738083736
100035585415894
100030506988337
100030223925027
100026665398123
100026509904540
100025613324544
100024364246546
100022999819378
100021447109544
100037030837395
100036706701809
100036340086710
100035983143217
100035261620848
100034060793703
100022073754138
100014628224461
100010393967572
100010006114289
100007735388726
100035730241856
100034960959512
100031781630601
100024851674572
100037264804869
100037052470582
100036456143403
100036419730226
100036324528484
100036242451754
100035610060444
100035482055038
100034649270516
100034512818604
100034334088075
100034039701266
100033491865701
100031624009798
100030632044108
100029138343838
100027890928648
100026815516490
100025080130332
100024446435022
100023156657617
100036817655152
100035588884218
100034863608433
100031549473610
100031449000605
100030218583627
100030042073212
100029305721047
100029260222723
100029217650932
100027319721824
100024486112445
100017232876294
100014247168685
100005774617947
100037217211325
100036980625817
100036913132009
100036869060598
100036545762983
100036502157800
100035770815922
100035453497008
100035342767917
100035284663326
100035271393506
100034977574420
100034885910523
100034825512819
100034722108461
100034721634329
100034685214380
100034681573700
100034681565817
100034560876580
100034336279450
100030436064355
100029287577785
100028627298691
100028238559923
100027779628442
100027446251676
100027073842674
100026795708533
100024519710011
100023954014111
100022638814827
100036938811767
100033947100234
100032181703432
100031628176474
100027596953848
100027235723597
100016338974448
100036333527805
100035904791894
100035813615261
100035737965778
100035557170190
100035381530086
100034824462742
100034694119814
100034128467736
100033635297506
100033485131380
100033247082446
100028987605740
100028773649347
100027414201435
100027216739082
100027138457068
100016936836509
100036001039388
100028875752949
100015546076224
100037138775153
100037092009869
100035313970660
100035011566928
100034979121556
100034769857813
100033572378953
100030806709200
100030355416327
100030115488120
100029831442230
100029101208874
100027434528086
100023774436475
100023600867680
100037330441252
100036856844204
100035937892346
100035452868383
100034522783374
100030048893549
100029089580346
100027908511307
100037313329755
100032734684885
100037117896708
100036556922746
100036071563719
100035330491425
100034817531621
100030962088163
100030862653054
100026877952797
100023483161509
100020300051137
100013895360093
100034809185314
100034394474101
100030894773306
100029039182328
100023274021115
100012361781030
100035009775399
100033564071444
100036473715974
100033843245497
100023351193269
100022847200701
100019062552455
100037043738673
100036951878600
100036875779894
100029257553998
100027867939861
100021850340727
100021458932485
100015902438873
100026512480079
100022468183961
100012941462935
100035940460995
100035352620927
100035176840580
100034528364310
100030687636873
100029586780813
100029079517431
100025461893932
100024114151221
100037195774344
100037090473301
100036977085363
100036394128477
100036196237302
100035258873586
100035000869392
100034290752512
100034093412139
100033150320365
100033121188463
100030901414363
100029399257614
100028588231939
100028561832090
100028515546058
100028370015320
100028290935652
100026649073840
100024502720371
100024293744232
100022592356953
100015282946653
100004683841324
100036335070080
100035018598847
100034756631183
100033087393397
100029357234240
100027502673451
100036967693864
100036856038109
100036822004604
100036571904607
100035231620390
100034881952194
100034496901321
100033257631313
100030151664181
100029494892243
100027432572110
100026587582045
100026417412055
100026277618464
100024054164611
100010003066066
100009387387643
100032800627843
100029065850148
100027845738608
100036868509497
100035802047967
100035783440858
100033281029067
100032886409950
100032643811773
100032316251193
100028234176689
100022922432564
100021985563152
100003797511949
100037272572081
100036291781082
100036147661360
100034266202590
100028959240570
100026612078580
100026469321323
100024737182439
100024567684048
100008124632346
100036946596736
100035910966886
100035457879861
100034974108439
100030332763612
100034275769759
100031778112735
100028204661501
100016765271174
100035864798327
100035492722864
100028537728534
100037356210851
100035401929385
100029291072925
100014955998124
100011864393865
100007873097811
100036523116782
100035508002523
100035193138037
100032801580245
100029171614467
100014672948864
100037255182730
100036570524525
100035813625148
100035003460357
100029130825814
100022952954701
100021633320985
100037198562562
100037077581363
100036995264995
100036863152336
100036466958585
100034298746563
100031871227104
100026063491373
100016718916251
100037382468569
100037239579434
100036143092165
100035788665751
100035694946173
100035562227031
100027184590496
100026750550694
100024024402963
100024016785290
100015126001803
100013902273932
100013180155491
100010587996467
100036088430320
100035434235555
100035224361661
100034920692007
100034863203973
100034557885485
100034324223371
100034120249002
100034079303882
100033845645552
100031798419275
100030914571477
100029939051560
100027353716755
100025958898219
100024385660257
100037061503956
100035918659102
100035324027405
100034618910132
100034571716548
100031937544371
100031417187233
100028307688794
100026967407932
100007366388017
100004708483134
100031855530553
100025835212436
100036299344466
100035861558235
100035182373979
100035003468136
100034820894325
100028545128361
100027600051130
100027466668388
100027302618305
100022182420896
100017797420019
100015304771146
100036739732449
100036633332564
100036056671116
100034152651845
100033581674060
100033372861788
100031895292829
100031268291572
100013105205068
100009672436608
100037456871217
100037258624613
100036085641022
100034707352769
100031773181106
100029224762375
100009428219374
100000450767439
100037429807965
100037085251740
100036971774194
100036940453733
100035671464257
100035286735704
100035218114720
100034761456878
100034471489711
100034417102103
100034403023761
100034305621602
100034225697170
100033529351392
100033082573623
100032265370709
100031623967976
100030834571054
100030212614980
100028744007337
100028636322878
100024157426763
100017785531616
100036454583840
100035858593230
100034947011774
100033597943056
100028758602704
100027601004018
100024536790336
100023058212141
100022178050821
100015969153585
100037292376014
100036528802342
100036083684246
100035621379398
100035119746281
100035056516066
100034160481283
100034155973001
100031317975464
100028893969822
100027173265294
100027086563066
100021439723845
100021056475698
100012979214703
100010792209237
