100021972066977
100027974482223
100025988540825
100033829337907
100029292523844
100035698563158
100037146219805
100016641003932
100034685072017
100026554500176
100024057750720
100030496121430
100024993623076
100027632224940
100023735392247
100034665847990
100011669017905
100034672746436
100016065828901
100018494251897
100034709588334
100032529510796
100027498940453
100032993025408
100035582101506
100032164883836
100037776242029
100010606928645
100023869698772
100028215547153
100032949092467
100029723381873
100031282592110
100019146258310
100031136650291
100026780295489
100036002684262
100015885405559
100027398597157
100029082994803
100035041455757
100022807513411
100024842376342
100036495073885
100025477023479
100033910006039
100035340512200
100030343243468
100035535740062
100038033075088
100031446253580
100031162221775
100014108944478
100020855423656
100035487994740
100013774924828
100029861804336
100035441929268
100029627760443
100027867167287
100006076908632
100027015912742
100005391019038
100027616533939
100025010573481
100036425872555
100035074370857
100022396056893
100029326531711
100031240997159
100035493723959
100032721246782
100012487537956
100035161060278
100027848803325
100037343555861
100031324158359
100034824523411
100034868103970
100022826449418
100036853350191
100027165061766
100035812432722
100036265832313
100029667133824
100027034184468
100037612022059
100015299740956
100034797602125
100026823833779
100037662096787
100030562833374
100027197952664
100022119433313
100022569095933
100021941271786
100034412630511
100024661909421
100035705349029
100025010992554
100015485473284
100026863879012
100037688871640
100028378210282
100022560218741
100024619823005
100034401019371
100035290283715
100035630293398
100032005757810
100033281061416
100034660151604
100031438895165
100037394632935
100031219164247
100035373408437
100027164055640
100012400681264
100018484988458
100030142103593
100032860748510
100033861831947
100037010629632
100037553946570
100037373255567
100020756821925
100029064813855
100026292750828
100036029390931
100024821805430
100021652815209
100029029688633
100031710438347
100021882860275
100017961317081
100013056452579
100035452410687
100029459974398
100023503603346
100036374704024
100038167113472
100034377167577
100018182130028
100032165284539
100009521096394
100023621481655
100026134651720
100030859332009
100022772333725
100032527606898
100028566673512
100036369200807
100027243041312
100033548686455
100033698541989
100018401051917
100028093500187
100005071908240
100034804031920
100017967182201
100033404661970
100035635845756
100031470431221
100032369585132
100030743820768
100038034161084
100029013888103
100002403783818
100028993641189
100023495064153
100030087903435
100034541948305
100030828493525
100033923734774
100030040883713
100026315480091
100025767361999
100017528041945
100027468645763
100037742928302
100034435656302
100031974844485
100014111401168
100009439551193
100035506415603
100037432243787
100006158648081
100025818312761
100022452095084
100033509601796
100024837112819
100028903923876
100013204126456
100037497241548
100013761549576
100030405907010
100036240801647
100010159272943
100028075128544
100024064864313
100037176576346
100019067047547
100034379372075
100033906349999
100027481516971
100035832459571
100022634563638
100034483170425
100027447365794
100035826067631
100013848524486
100030754845717
100013222458527
100033558498455
100032970350002
100025111929528
100037574554063
100031224543175
100032341791228
100028477322728
100028017165540
100016966548594
100028776971132
100037692826538
100010058317934
100037269287625
100038152833240
100011962156858
100038049487262
100024715415923
100028255567073
100034907823513
100009060884129
100011236338066
100027786335851
100025143019004
100026973467603
100038138792682
100028019301223
100037693961835
100037813763077
100035823791446
100031113012298
100037561925461
100035035941095
100031460119379
100013205441344
100030393391282
100022780387851
100037617395002
100037714328143
100035938200741
100034551161469
100037876771349
100037726771563
100037431545950
100037349183499
100036792423911
100034408853730
100033878557711
100033400213598
100030272838554
100034451869186
100033737264339
100034983853988
100034246132325
100036330347494
100026471153269
100021895776205
100026073853897
100031851622509
100027058270465
100026924079323
100036371883106
100037145688622
100035697847565
100034874139842
100036430970342
100035891796215
100035889077734
100027677177717
100017473661959
100007422249016
100005569230977
100037464473502
100037109851497
100035891583654
100037541808259
100035571969236
100034802744469
100010771927066
100037228552992
100011470367414
100033968145214
100029638911446
100037854534368
100038246070382
100037647231311
100037408964086
100034837143145
100031752557673
100028123772652
100027346990879
100037864900120
100037723053016
100034204724148
100020062667395
100036118581859
100025175746739
100030062451523
100014391913172
100031700171469
100035857793788
100031444524258
100035660511807
100038031753359
100037772313568
100037319886366
100037741396245
100037707411632
100037103930498
100028551608940
100025560305309
100023783990972
100007134459620
100036379309800
100027840555129
100024125507319
100035837434007
100033819033041
100035701484312
100036568365137
100037687260323
100022148552585
100038105983694
100038083144371
100022002980219
100028895450460
100035170153550
100035319307725
100032833397395
100027569539606
100030178821855
100035725664610
100030492863508
100036311791484
100034393672917
100009161855532
100028834881446
100034338287093
100036263214234
100035052347076
100025632591258
100028194812162
100033737018669
100033629961768
100009442039077
100028416093345
100026646197405
100015827555111
100016937229433
100014302443453
100037816323449
100024132976398
100024033492634
100024793101099
100024177933194
100035432948919
100029986879513
100034796164330
100037663563715
100037458262824
100036390605000
100035603722844
100034942234501
100034611856292
100015514743078
100033129258269
100018000274481
100037681335901
100037432297301
100036419645460
100030862312232
100028155700863
100021765350922
100014155300377
100037701369493
100037081670553
100036833852943
100036652461825
100036608627600
100036138723366
100034914734861
100033820814544
100031376043561
100029794429176
100028969751850
100028212036923
100024007192634
100015303219277
100009998854261
100009707462635
100003349274796
100023299728194
100037590705136
100037575793756
100035447525735
100037682442116
100035539518102
100010035961384
100037479858057
100037389288360
100021859756520
100006189138552
100036814062399
100035874585474
100037086849246
100034814833959
100013359018842
100037476171879
100037629996312
100036764413112
100036640159662
100036497610558
100036233450085
100035868009066
100035620572333
100033250066109
100032793633041
100024505459806
100023829780209
100036761973303
100030880431195
100022021875544
100036853357584
100028552125888
100016340117200
100037317737027
100035175950768
100034277283389
100029551006949
100019686409350
100018818266561
100037792265529
100037674878564
100036288978075
100034577933358
100033203208724
100025850205909
100037422529508
100036689710652
100036599921722
100036446343324
100032345710093
100032345115173
100032195291149
100031309584394
100031219626006
100031167067108
100028041044806
100035065042930
100034894664463
100034826289384
100034728618349
100030165077271
100027193657770
100025041884885
100015936394230
100037640316843
100037180910084
100036940573982
100036655421972
100035793894136
100035783733915
100035651472680
100035553517099
100032726719029
100027560825705
100025467753991
100020804053696
100003856503517
100037834594864
100037504651670
100035978059484
100035295066917
100035262549251
100034609124081
100008552950853
100037834590491
100037773110674
100037711683297
100031707000731
100029826002878
100023578724272
100037883706996
100037795183507
100032637469850
100021385002661
100028395134222
100023824171306
100030970038156
100030257570392
100029753976314
100029673399404
100037467922931
100037297385791
100037294215101
100029167867143
100015282674169
100038198583552
100034366332898
100034315235355
100028775032862
100023853643324
100023743572153
100014069077005
100011500713061
100037369381200
100037306091558
100037304419498
100036556594574
100035710312444
100034970533789
100033938496440
100025204216999
100025053348689
100023782501641
100037735350358
100037718825868
100036609121709
100036530210252
100036518590932
100036238461928
100036164361186
100036115664454
100036096733841
100035219716788
100034475825140
100033081135842
100032573988086
100031037441462
100029419322675
100026826759933
100026526512948
100022360744490
100006189667742
100037622435916
100037414721806
100036728410893
100036515565436
100036461857439
100036438647006
100036222510505
100035943261360
100035789422237
100034272078095
100030292441181
100030125089255
100029419594114
100028132267544
100026160618854
100025519034371
100022624830519
100021632736501
100038213851473
100037761516594
100035043591207
100026764261292
100026329673607
100037861161207
100036766940796
100035774993910
100009690769330
100037378846758
100037189834470
100035634549268
100034503341376
100033740597346
100029814393355
100019874700074
100000686186605
100038197231573
100038105353509
100037869167924
100036307471285
100034658843340
100034581752230
100034000396940
100033925444573
100033812417164
100033620740066
100031969923723
100030193793067
100028353990196
100026644744655
100024171193266
100023364463858
100016842944184
100015361000303
100014288377405
100008754760509
100038060496097
100036604488406
100033834342569
100026635711410
100009540325574
100038040497204
100037851260085
100037796286808
100037739551384
100037694201330
100037380796891
100036976115274
100036120532147
100036118011785
100033320686618
100028265655190
100027682909644
100023791882253
100023053505866
100022554013132
100038107410605
100038065291587
100038044144254
100038035232050
100037955654284
100037794840897
100036633185747
100036097628476
100035894384364
100033589126275
100029992592527
100023094991499
100008245966487
100037981817713
100036943635213
100026484261436
100037937483965
100036995494266
100036262250647
100036257589689
100035406040879
100030477821977
100024023795918
100010964431181
100038115543095
100038100128261
100038013875238
100037686495775
100037619138463
100036973511081
100036963157319
100036779115583
100036547119816
100035832620528
100034891786294
100033913781127
100031535057377
100030586088835
100030456820709
100029779364212
100026972680218
100014840646062
100013469467205
100007284404181
100003300904289
100002322372148
100037907136122
100037866337787
100037779771382
100033285802971
100027831991162
100038059170810
100037822206435
100037426321513
100037363510305
100036763593872
100036460624131
100036331925758
100035898052501
100035857613169
100035709360625
100035180539302
100034738357115
100034714242828
100029724516362
100028616264900
100037211113600
100036856814914
100035862125321
100037300908480
100037048440289
100035182904711
100034853052748
100033882772666
100024028612883
100037929497161
100037845392300
100037114761926
100032199880147
100027813303985
100018063226026
100014850846844
100037777772611
100037619132840
100036719948700
100035361683356
100034916840737
100034766956355
100032175400338
100030544073567
100029108933247
100027496442212
100037670411197
100034204126095
100026364942135
100037877259373
100037359495280
100037121927610
100035167702034
100038062980870
100037515180532
100037460911280
100036423372599
100035629263538
100034907353554
100034532620410
100029762752616
100026124727644
100024533803095
100023731127364
100018491438923
100037962262236
100037784588337
100037540068777
100036817479939
100035404699411
100034622534273
100031361781425
100030539558886
100030487536474
100024652328805
100013307194576
100004350824526
100038192223164
100038187572534
100037900274519
100037732988621
100037103406769
100036504304817
100036460620423
100035951209875
100035572183542
100034705893232
100031296767921
100015242263001
100014882346156
100003612986280
100037598408485
100037034563608
100036801380466
100029424911029
100036824982628
100036776229804
100034941210823
100034397693595
100030996073038
100037756145199
100037832760255
100037625881585
100037501473438
100037005502941
100025962134748
100024310930672
100037879475584
100037760165952
100037676289224
100037475432566
100037359499588
100036193343705
100034889436542
100033504833675
100028651441103
100027450638024
100025247811472
100022914547260
100016944488995
100003205475571
100036714831744
100036681966182
100035795174167
100032715513714
100028440604005
100001048775982
100037758961856
100037655585610
100037068727408
100036562276758
100036389744207
100034466080363
100033746463311
100030258784351
100027171337854
100026032507140
100024050355295
100022802721502
100018337479576
100012949933385
100037127301461
100033989413610
100028335375808
100027984010229
100036126976752
100035361695337
100030596801008
100026912437969
100022448687387
100013312154445
100034851872289
100034633445915
100023406784592
100015165720870
100036197375253
100023619941404
100038080326277
100035573362121
100028418710071
100036894252932
100033642933662
100031798342826
100025479322513
100023537145382
100022161103686
100037890961540
100036676890893
100036504443170
100035781244366
100035712174229
100034162392240
100031216640720
100027015818995
100026659837221
100022938142900
100012900377405
100038098477770
100037794799599
100037649777484
100035530560551
100034821756725
100034739544034
100034256018739
100033863468566
100031396084322
100029453951999
100027091478478
100027075275569
100026907918561
100025021533183
100022411222604
100037912420140
100037751295890
100037703381886
100037591611719
100037516568517
100037399488932
100037139689237
100036495441013
100036245150578
100035436155052
100035233281794
100032445525613
100031695159449
100027223551582
100026327280921
100024837620626
100023887853864
100001192501027
100000482180863
100037859322335
100037292232830
100037068612093
100036956603666
100035411512047
100030998598853
100027892401545
100019953138025
100038003026493
100035976453579
100035595783643
100035280286968
100026721307558
100025595195426
100024867164458
100012795223248
100038050142362
100037749193467
100037256058398
100036784779260
100036702006973
100036605111623
100035579381178
100035374510844
100033725270507
100033616146405
100026963926274
100026406740821
100023468564978
100038111551843
100037475692466
100037353637614
100037348883330
100036395521046
100034764407877
100033887670213
100023382228581
100037815157030
100037117698339
100038104514179
100037911796669
100036472070746
100034798244799
100032789131603
100030045380233
100029849530924
100029119391041
100027871432759
100027837066972
100000885233775
100037447084918
100034853945364
100033372040876
100031925865954
100031624522273
100031428847313
100028395994772
100027640878025
100026611714897
100015994562391
100014200127884
100036676560768
100036419851733
100036075503023
100027662448508
100037641979253
100037544944368
100036834110048
100036378948580
100035851298526
100034179900784
100033776531495
100028454768801
100024397380342
100037815313402
100037055481879
100034488124480
100034221994824
100007581666420
100032467643496
100008303508323
100036753041090
100021621894144
100037102657351
100018468584043
100037326649119
100036594578296
100029341502261
100025705925447
100037328543952
100035869417792
100031815553567
100024339450166
100037668965977
100037068034878
100036292161275
100035252044898
100030952373462
100025509893055
100037170533289
100033600062495
100037952280670
100037898776224
100037832943553
100037782758193
100037678312742
100036785594164
100034682178919
100033652332191
100030143539242
100024538801805
100037949843657
100037564232176
100037069985681
100028053016362
100027997862995
100025006912774
100037248053426
100036811325417
100035718920181
100034852080968
100033935731734
100032804801993
100030352733275
100029500155247
100026563992365
100023167868146
100015022083357
100037755406713
100037628954547
100037581623284
100037414133432
100037397838067
100036941001620
100036637434069
100036532904049
100036268515093
100036243211184
100036133711305
100035745305919
100035540361495
100035454654274
100035251880661
100035049047566
100030490671098
100029065073237
100027852166860
100014773609237
100008585107579
100004767876199
100003276940298
100003023188153
100037261097384
100037083226266
100036797738746
100036426831673
100036354316214
100035543799350
100035352101875
100031529057350
100029507105288
100037622603604
100032733467203
100037823844041
100037675810821
100027790813235
100037087760102
100032467051924
100037643751422
100037385169646
100037261727229
100036966332278
100035083576796
100026730514116
100037838622289
100037468209430
100037402253024
100036996893373
100036587014830
100034458074637
100038073901211
100037935216932
100037893943323
100035947421901
100035585473606
100025328223537
100037852021068
100035662774085
100035106144050
100034333162931
100033460523911
100028870269041
100027602933981
100024224834515
100024048321259
100013704943881
100009498004847
100037704336001
100037619711763
100037366043676
100037259919833
100037073767191
100036994973320
100036323565405
100036007302064
100035425211113
100035066782499
100033928411196
100033648884886
100030896381107
100029696501587
100028218800702
100037887083179
100037461554460
100037284608541
100035534173923
100034574295111
100032168903392
100031944461480
100029298248512
100024012630215
100037611273039
100037468626167
100035151750460
100034089983084
100034020640444
100033314985716
100029221590746
100025396836995
100017792736107
100037880437932
100034627473841
100016151673574
100009449098051
100038076275762
100036780750757
100036579584028
100036241294240
100036020808849
100031317667483
100027181163718
100037945354960
100037166017377
100037913944970
100037337891595
100037060322459
100036189229260
100035791027970
100030130669566
100015625386622
100014682074566
100007706896778
100037866022283
100037849096350
100037756284345
100037744089272
100034923494354
100038022424421
100037556318318
100035204330565
100029819693836
100025403465076
100037859748120
100037759350745
100037432593505
100036883193255
100036771826605
100036239831782
100037242803896
100029148667323
100023178121852
100022419692238
100037312812529
100037150361285
100037870421809
100037821113663
100036962980081
100034361900745
100032265755151
100027854078284
100026845151088
100026080936223
100037729159835
100037648951752
100034842648015
100030036613824
100004089004485
100037136958720
100013787509530
100037416765180
100036689813010
100036643959666
100036546979181
100032337823418
100028622948969
100021916424198
100037696574589
100037125125967
100028201534027
100038106511071
100037950965073
100037934885876
100037433050768
100036366486290
100033651948851
100028930522860
100025139439012
100007677165216
100035702138427
100037683754733
100037630685426
100034381335632
100034238585303
100029156173954
100009676205391
100037384630740
100034996365866
100034448123172
100034127835778
100027518925613
100037628760807
100037430209830
100036108664980
100035255931935
100034069206594
100030462891521
100017018176433
100010686036495
100037571882750
100037369061332
100036047044204
100035749517157
100035130580362
100027251130046
100036837774339
100036099755834
100035527182796
100028597058323
100036656118358
100035627742180
100035445112999
100032532412211
100023745067752
100023069920245
100037450608498
100023973458900
100034498239155
100030780594027
100028498441596
100012768364051
100004058977504
100037694000200
100036321440651
100017954465046
100037988191268
100037267721501
100035240374657
100034057552566
100036883656063
100034755016077
100033392270888
100033328093536
100025481529919
100037361723580
100037247239885
100037124211088
100036460207870
100036005333213
100035050053745
100034058200766
100033950962412
100028170609982
100037910645254
100037654273439
100037649531343
100037571498519
100037386424215
100035792109747
100033884979501
100033587042165
100023900251010
100030148637016
100037852596467
100037612511265
100035541901659
100034537870465
100032901042642
100038079694066
100037655750159
100037650339540
100035126701698
100031420238976
100038084175316
100037496363723
100037157910231
100037134606269
100036422207336
100036136038359
100033547806679
100029141372239
100028180848761
100009216163316
100037875020539
100037023884844
100035455723159
100025194275165
100023323810318
100019013868485
100037966910562
100037597607380
100037440976763
100036887540880
100036747048857
100035582023634
100035493002943
100035198419508
100029134921456
100033959211711
100022192296827
100030238422293
100035406572092
100035164936349
100034788423378
100037834370754
100037736175397
100037645143556
100035965030935
100035914775994
100027506581873
100038088845397
100037708132864
100037366901485
100036399579295
100036085119881
100035747430621
100034369459024
100033221601042
100030254824781
100029372571700
100028091086587
100021847215917
100037688303363
100035088381901
100034309981953
100032738585120
100029320941999
100024391787015
100037680912963
100037662888859
100037612773045
100037558959145
100037283622627
100037272728549
100036772180321
100036583102817
100036074801023
100035087467344
100034679255986
100034286922869
100030904852899
100022633728575
100016721956921
100011960380157
100037242262090
100036882978967
100035639798551
100035206853618
100035016904985
100033617437984
100033297646086
100025449212817
100014329667844
100012714914208
100010126578909
100037584185682
100035536177922
100029812458009
100037772328689
100036748087822
100036635291660
100036337731505
100034461763374
100029878230886
100026349961131
100014396238846
100037142869240
100035965260321
100033527624512
100032499855647
100031145191436
100029538515445
100037134140300
100033113795151
100031338231502
100028654441680
100026407129187
100037698173284
100037671413241
100037241200827
100037159866130
100037026649699
100036681932341
100034529506176
100034207490223
100033237051324
100028593942799
100023557181149
100015541746411
100037772412558
100034632908206
100032461212818
100037629393471
100037254401422
100035561111996
100035161504541
100034862617512
100034753485858
100027262269824
100025345051948
100022663812878
100022567846327
100001862682289
100037854211409
100037635789758
100037611188013
100037434424073
100037193743213
100036515611330
100036009587603
100035705348949
100034923126408
100031892055450
100031716932702
100031342267574
100027587531765
100038113506800
100037708970215
100033355363682
100035885202128
100016385168693
100036532848794
100036147555087
100028944251039
100031316750880
100005216955022
100031804834692
100031907862799
100025025655989
100038309700626
100038210104471
100036712865310
100035985648136
100031607521842
100024031477781
100014292878816
100013191558570
100012875561890
100006885018344
100037665881812
100037295348787
100034039631681
100028330895514
100027246404796
100024448607681
100023902548002
100015670896348
100004135023189
100037297434001
100037239548769
100037065034976
100036857447664
100036051666346
100036028511544
100035735105078
100035529572354
100029310663097
100002806258533
100011737464521
100037646573489
100035606591770
100035432932787
100034542138250
100034336969447
100025245904590
100037460430042
100036284116137
100035600423109
100033902539570
100033501521225
100037705361706
100037147422194
100035930743321
100034891612033
100031499120814
100037513241549
100037243928669
100036375401014
100033650601494
100032549680757
100031915473840
100029461386590
100037968291387
100036286098537
100036286051724
100030585670622
100024270859597
100037726542585
100037570690193
100036203264666
100036200132437
100034262821924
100033240734420
100031878157274
100030397400729
100028936940327
100026967436026
100018699944658
100037591428142
100036909677566
100026772640661
100037863106019
100037782097427
100005080997570
100038296261363
100037027965473
100035276854802
100028305753577
100028155390630
100026079366060
100003268079250
100038195613603
100038017730971
100031907769406
100026975240998
100037855860678
100037664478792
100035788531581
100035038359656
100031736531103
100031592373001
100024841253316
100023894012328
100037729890458
100037622374362
100037313001802
100035719778425
100035423324058
100034616663267
100034119491234
100031567638010
100026440090799
100023990977447
100023254935675
100000496293218
100036839663717
100034628714416
100036941752385
100030037475408
100034561591580
100024825426577
100004192599356
100037738601139
100037920726630
100037716945922
100037527531452
100037402102594
100036952806548
100036670853749
100036570768371
100035600551913
100035178620726
100033368445466
100033117710940
100028331813035
100011727025238
100008760550961
100038060733963
100037880469386
100037800306800
100037793624525
100037431721377
100036638353571
100036603451774
100036071761103
100036058233945
100035482962954
100035469831698
100033177787280
100032952017139
100038033567863
100037540450363
100035776815816
100030676372134
100027911204514
100022234114482
100037777553459
100037338163120
100036975913781
100036715655859
100021920493146
100038132943222
100014756703244
100037981760436
100034455792229
100033693498478
100037634799300
100037427210710
100035829052694
100034894490747
100033275359290
100038080835314
100037897118144
100037876357638
100037699923051
100037542042105
100036884506695
100035578282707
100035128633782
100024191714537
100014244467911
100037598002827
100035636381377
100035153642141
100034191244957
100022531062856
100016971011603
100011946854025
100037908074957
100036140235380
100033696889460
100035635962379
100022882598340
100037777531062
100036352681808
100033517354887
100007470909753
1583322566
100037687151706
100037265167589
100037223779111
100036944534460
100036305979064
100036186971874
100034692615594
100034618373152
100032416793200
100025639569930
100023722217547
100012716558372
100037152472670
100034971911953
100030194470640
100010987988074
100037416439532
100036110393881
100026572943442
100010417471185
100037584222946
100037516279576
100037285456109
100036336930287
100036085711265
100035819804023
100035699923878
100034610623862
100034411311970
100034241355972
100033897040070
100032698205174
100032230415421
100029164599213
100022739483997
100017400427475
100015538296994
100015318722975
100037759754380
100037513959962
100033740474909
100020800392933
100012097148502
100037715210124
100037593435632
100037558698514
100037429823754
100036535399036
100036091683368
100035958012305
100033323896458
100026321615542
100025336864837
100015601365227
100007869995260
100037729180248
100037477794171
100037296354066
100037002044502
100036840722799
100036747422440
100036622903649
100036426729340
100036282680983
100036037638204
100035888707816
100034938731743
100034835929539
100034409003823
100033581778139
100033292580741
100028617930621
100028168653797
100027591893507
100024193728273
100018607093144
100012319115894
100005252407139
100037891117089
100037686153412
100037381481077
100037206533240
100035574603372
100035309586094
100035231679941
100034911287765
100034025432352
100030738458795
100030434289511
100030251121562
100029455147593
100027850656468
100023440937028
100015397295700
100015221466373
100014678167189
100013573894427
100006477956015
100038209623108
100037785040507
100037608771026
100037464608500
100037221772830
100036122524787
100034766214146
100032599102636
100030053434024
100036788450388
100034591567082
100028014071964
100037819572331
100037475323170
100032746519648
100023134238709
100017781078994
100000569115742
100035063331046
100025722873179
100014472696794
100022312694617
100013796481898
100037605322726
100037391748398
100037115055962
100036388234575
100035958004878
100037621807046
100037621800256
100037167023550
100036482780620
100034850933822
100034361836281
100030771393339
100030572542335
100038119352751
100023844360063
100037824823456
100026311941881
100021546912767
100015558452483
100035920535899
100031233523471
100029432057973
100011293118591
100037170845653
100037084836285
100033936464627
100037486423445
100037321788947
100037482760233
100027563733667
100026281493716
100025485454522
100035310663801
100032792629272
100027969231004
100015661877128
100015210224808
100037485783029
100034297460956
100038043317888
100035643126772
100037373824662
100037314527546
100037035192170
100037030174408
100035806425654
100034331341491
100028458843031
100026898202369
100025609551044
100025123519921
100012663455641
100012486787883
100037644461661
100037483961045
100037468523680
100037180728827
100036781414845
100036306222611
100036301574532
100036024408197
100035805900733
100032638927641
100031268496572
100030889311838
100027724479168
100024604634401
100023880375396
100014278802767
100038108652900
100038075469667
100037697087887
100037644162669
100037366973855
100037178028936
100036585811705
100035838394378
100034362346274
100032178228409
100029528723170
100028865380605
100024777964830
100024489870437
100015670385180
100037951487647
100037887963727
100037683676834
100037649222348
100037605050694
100035377722492
100034676644627
100034306674221
100032280571004
100017899950585
100037313436508
100036201451385
100032382082301
100027840093595
100026234971270
100024391068327
100021170856219
100038241301608
100038227202004
100037665381136
100037291953803
100035613857376
100035436271134
100034543541963
100027090427967
100010339664721
100037477635324
100037643590136
100037619891995
100036624960949
100035742451402
100035716010040
100032997546830
100032164391333
100025528599329
100034931611107
100034724264630
100030675554511
100026744273094
100023687450520
100014754003009
100038008909386
100035864205161
100035660213964
100032154834275
100023420419507
100022152313252
100038134237553
100037969291730
100037781413008
100036903450237
100035566055231
100034732421563
100034618808783
100034585432385
100034335230173
100033910519580
100028197831264
100026861942157
100025092232414
100023307831862
100022970045984
100018136152417
100014827720110
100009793114832
100037847794643
100037605852323
100036974171868
100034882850084
100033698932903
100032490261449
100030957855158
100028352584392
100027558430610
100023706071202
100012125591784
100038088308840
100037855373161
100037361920001
100033729287425
100022234352166
100014092509728
100035354027936
100035248170039
100035194479042
100032724360143
100022598194769
100037646520042
100037296272865
100036940704290
100036833333724
100035663332818
100034472601031
100027096831396
100022942900562
100014362680049
100037273200428
100036490144009
100021846151369
100037203137975
100035886517518
100034729579205
100027090755457
100035829455444
100034842909391
100033552102694
100031255654058
100030217232463
100015530496089
100037939210838
100035705599812
100034158502222
100033091929718
100031305437111
100028907863918
100028469690676
100028348636370
100035671950851
100034338332974
100037604950311
100035778675475
100034239637938
100024828502683
100022011826944
100037784797661
100015813158311
100015414994243
100037908667774
100037846720673
100037744204039
100037732059467
100037645007764
100037582740554
100037357224227
100037218291320
100035558842601
100033638980799
100028294384217
100027750199162
100021714352246
100037885726669
100037617697516
100031460591694
100030665891375
100028055795323
100008452262441
100038000700575
100037775525435
100037189742942
100035676154748
100025358521487
100024137748399
100023345769905
100036069467581
100035278002546
100037634382260
100037494949071
100037113902810
100035928215300
100032835555630
100013121589894
100037821694190
100037789874908
100037496535796
100036738876859
100036280088792
100036258529949
100035611036157
100034673190845
100030660547870
100030121969598
100029518658360
100028654111891
100024439170714
100037205661614
100027699850931
100027641763350
100038000087779
100037648162542
100037533529579
100037307803502
100037307797702
100037299411442
100036776537337
100036299418148
100036194863629
100036055969341
100035917459138
100035647482790
100024623886166
100006146981584
100000542242909
100037862791178
100036495262296
100037759269586
100037739524886
100037686301251
100037568943708
100037504968743
100037199501121
100036766156539
100035223783647
100034138662107
100034114713973
100030047340069
100028133790548
100024112609974
100038254530753
100037813054971
100037790063853
100037443107794
100037182105851
100037180516056
100036543648939
100033250520844
100032179793159
100029979728853
100026976284048
100023402283010
100003898033757
100037590855792
100024871638506
100037443917905
100035939720730
100035069869534
100027030980604
100037933964487
100035639981492
100032402380716
100031034244386
100037405221458
100034131649063
100037696214642
100037194886847
100035573293738
100035166490909
100034064573887
100028432664680
100026036321805
100022258783494
100008078323397
100035996682942
100035983980513
100027022846207
100005436189876
100037842161900
100037433804256
100036491751010
100036431559721
100034864283708
100033972201439
100033847032614
100033362384235
100030748754492
100030141407892
100027924103627
100027739654817
100027091744235
100026768382763
100037639143999
100036953537342
100036805940357
100035817405327
100033426154466
100033312694468
100007118730898
100038002305722
100021075587291
100036773859181
100034463282211
100031836770309
100031758521970
100024132216699
100038027286667
100036845867113
100034993211632
100034336937949
100033380634087
100032993421840
100032167200763
100031492027087
100030692614853
100035664781090
100033490221550
100026658883748
100032671189842
100029528777289
100026964289161
100023778193550
100037874042935
100028404394077
100037823052367
100037694026796
100037357814519
100037053224433
100036091292667
100035377600449
100027487845635
100037689604881
100037049863069
100036177832470
100035034248736
100033669501288
100028902769341
100037778735410
100036070357327
100030778359919
100028124629085
100034782581511
100032998653020
100029452161858
100028665682366
100026647875157
100037714881953
100036737028422
100035297864746
100028114133744
100037537800182
100036946629780
100036655187200
100021320871362
100032591902713
100032183975371
100017448992389
100026964785824
100026733602254
100034670045770
100031750150572
100031401274956
100035556663652
100034341995869
100031736557272
100031293013495
100029250881079
100024778849499
100037671078240
100037438203162
100025407771179
100037868415296
100036984916017
100038084257425
100035809970967
100024999616110
100038138791483
100037929905936
100037984832686
100037885579515
100037497074693
100037823374953
100037654482277
100037606511300
100037314581630
100036653132888
100036167912159
100036006348779
100034670052845
100030605080895
100013252473544
100012645780063
100009763456590
100038132496281
100038041362355
100037815511851
100037427537541
100035473876571
100035443732496
100027023532369
100024695111808
100037929397248
100037159334236
100036816963608
100036638148740
100036043957440
100034668201795
100034592902702
100034587091756
100033902781859
100031478260464
100029915240575
100028136626372
100027867856528
100026485308467
100016671481078
100008415829321
100037555846179
100037127973754
100036956886556
100036344194895
100036105095541
100034622410140
100034549905762
100034438419891
100037740096455
100033219961211
100034938755864
100006313148882
100030053467604
100037709283463
100037229200997
100037966417936
100037517681665
100030829592776
100037975185177
100037553844104
100021942132845
100011581818291
100037944754960
100037854203493
100037841182280
100037784102555
100037690642420
100037102005309
100036242195170
100036211459101
100035147080971
100033881091242
100029936298188
100029571992113
100026294260253
100036441604867
100035534192503
100034539468690
100032925420077
100008670215801
100036405731899
100036266262352
100035787014051
100034477366381
100034229204320
100032630821283
100030564200228
100029583047090
100028160556776
100027929011364
100022723007836
100013737063806
100038061188512
100037760385550
100037447443380
100037398930186
100036583323437
100036404743139
100035164270977
100034643331046
100028715495201
100024146462654
100001583626507
100037879650360
100037090901786
100036451359621
100034490408196
100009192966986
100037871430049
100037698784019
100037587290725
100034414573182
100031382843786
100027052635370
100037606807351
100035102298390
100035124514772
100034806395804
100025214183468
100022373953422
100020830562479
100038021344253
100037476785353
100037429448035
100036803502292
100036011661224
100023209818211
100008687747473
100037997766874
100037856085903
100037665978430
100036534634558
100028723248752
100025416786903
100038115820699
100033893017850
100031049415694
100028222450233
100026529921908
100037698785793
100037625616055
100033925067668
100030941862428
100023374878031
100022336840828
100035985887838
100034626513666
100034255273912
100036701420076
100036542051084
100036503950654
100034917947507
100034917934725
100032759889745
100032573058709
100023222887242
100006295126253
100033213645074
100032213049676
100031434390356
100027736721780
100025717658629
100037785453276
100037700384215
100037603598935
100037094709411
100035855283564
100034657668216
100030799011967
100022794156872
100022639791692
100037512790848
100036620231537
100035612543595
100035601490031
100035343962751
100030862004566
100030468996501
100030073369842
100029293272379
100028085087204
100022583478983
100037434741311
100026212238144
100032944172413
100025065217431
100037697674672
100037541828662
100037462816415
100037276061056
100037030698994
100036352363891
100036350413826
100036144158184
100035915192216
100034789296474
100033278675997
100032523251629
100004343477611
100037662551922
100036278178412
100017383239250
100037335840345
100031262721791
100011220816536
100037823327545
100037338198509
100037008584090
100033977257006
100037907345613
100037782793262
100037239193608
100035677386349
100035606841092
100035502338128
100034610781377
100030339495806
100030198960653
100028400934103
100027690573524
100027172954933
100021103628986
100006878171607
100036312638426
100034122973000
100029006083818
100028001061837
100023852620175
100023803821728
100023534976969
100017262039501
100009059393929
100035792286826
100032069360031
100027653252104
100025860468452
100001395449209
100037001811689
100036778942896
100026128506867
100037597096486
100037391926327
100010779127880
100037457781813
100035908763843
100035881622162
100035675510350
100035065132646
100025370825231
100002543799355
100037553295739
100037230078976
100035491477865
100031042712815
100029697375506
100027676512526
100023646691952
100011900357717
100037758680847
100037745061792
100037438725924
100036826220617
100036098438855
100035530252794
100034997911567
100033401014837
100030944176178
100022615410829
100036974919770
100035650988130
100034732264949
100032723419606
100025135549270
100021479342315
100012835009232
100000459571487
100037836374858
100036746047358
100034905971580
100034808198478
100032678646968
100026452299654
100009537754357
100035686764177
100027611414001
100028499061736
100035225626530
100034610292245
100001197235074
100019178680967
100030550044136
100024828675653
100026068657762
100027007726325
100024697500843
100034343904173
100031287201840
100033109042650
100028205734148
100030882097524
100023384513856
100027854400422
100029090890395
100023859353884
100026450300042
100031310412823
100011978746177
100027395556631
100033032472657
100023035050342
100034396382103
100034835927639
100037198658616
100033199505666
100025933394667
100037132752310
100036008449502
100037231456328
100028731101294
100034722306748
100032075436476
100033706791481
100024163788070
100034259865147
100036974550040
100033698770198
100036752220686
100025151311597
100024347203210
100034670117514
100034815546895
100030451922319
100034513128853
100037044316894
100022286682708
100031188053575
100036196629030
100034597819304
100032372832678
100006248239493
100024044994216
100031463312936
100037145806475
100035154825957
100031371743171
100018383143679
100014961515384
100028662480534
100031282450257
100025239484543
100034928153322
100031855063377
100035518277372
100033099812323
100033283140329
100035543446829
100033526149524
100037151447629
100035416381110
100028754958478
100028081183626
100022691371069
100024316751386
100028190554710
100036229459813
100035289611091
100034792815388
100027294677862
100027122888996
100026668720717
100006506253593
100014928612369
100021896801709
100030556072771
100034628439644
100026623531713
100034629728328
100031840576572
100005475649267
100028073864798
100024438254675
100034139357121
100033815649796
100032233445184
100027114015043
100036806828431
100026987562924
100035212311565
100031241446928
100027769972473
100022978189144
100025829868526
100024483423308
100036774790648
100031841832927
100022259386699
100037175496862
100029774376542
100033598142633
100014186590599
100016277343492
100026876897121
100026716717981
100035664729902
100019577766659
100027488439891
100025018612522
100035221008816
100036252095325
100031295854187
100034699422481
100025225088749
100033379291800
100035030676873
100035413300722
100030546979422
100034834448251
100013329370236
100034881186708
100036030362703
100025579432551
100034767923506
100029487394217
100028276515044
100013812018268
100029302308050
100013014420666
100028040840044
100035248954147
100033016580244
100028140699833
100015171227614
100030161130528
100031199813140
100035726623497
100032288460605
100029693620113
100035726444158
100022539771321
100034273053335
100033033882619
100035639919354
100004822329066
100026277965073
100016407300740
100010662421948
100036122765223
100027131312303
100028791200269
100035674605123
100034984333526
100028938769211
100024405245579
100025320077453
100037046715075
100034535779478
100013499045791
100029762595254
100029596754849
100026619211213
100027252550965
100032891042781
100028093342937
100023302145907
100034475961159
100033552608259
100025119827620
100034105936948
100031866367301
100034669800770
100013007777823
100016019403512
100023946468631
100032326716070
100036067842087
100022885951572
100030100144994
100013696539690
100034278140292
100024704821680
100022019372822
100031330928246
100034547560092
100031167860095
100034040830438
100030184127521
100022955881442
100027644190739
100035863312948
100015308085627
100014654410297
100031362261454
100023604064324
100036772252570
100035348317435
100023340514374
100022053187810
100026544649342
100031044848144
100017157458746
100018400714911
100035871514101
100035665239953
100023910998009
100032617575503
100035830760066
100034551967096
100034532204594
100025345188192
100034078987972
100029775263926
100035757654283
100035349462497
100031012245980
100036941170051
100035316150788
100035842488472
100035139735618
100033384464534
100028200770065
100034564429778
100033306442482
100022036686059
100013524434708
100030235185937
100035084227448
100028653840587
100030260591123
100030340833370
100027492601272
100035270585671
100037185408780
100037391690882
100023918691603
100017890454541
100035676095551
100032793573920
100034640843597
100026182360636
100022094230642
100014910551003
100036083063440
100033105527000
100035827500481
100037532915873
100037517207598
100030943321872
100005909413687
100029701177443
100037182213334
100006389681673
100036928133501
100032950665805
100032828179365
100027941623662
100028616917357
100037151702667
100037340419741
100037503966182
100023571617852
100013678205737
100018585304714
100037486849750
100002554433830
100033354103590
100031476577174
100026870586892
100035873450579
100016210957935
100033572044488
100030350886995
100021488380033
100037533933874
100037443437784
100031065381322
100015922719755
100001023437064
100035208366736
100033229429857
100029711777539
100029209801674
100029004946558
100027889844722
100037260768836
100035906589805
100037620278163
100033132621280
100031134998497
100027506389420
100025563967390
100024932558203
100023904020345
100015949145806
100034990880769
100030676561562
100029614020984
100036420797274
100034909123257
100033233342352
100028544374442
100037719783667
100028579420198
100037438011999
100027855892563
100026579056462
100027845377472
100035371664822
100032026365660
100027003050491
100025136628803
100023598796338
100011645312910
100037267244787
100037120151161
100036659859905
100034963341663
100032727126452
100024097218874
100022278226603
100037416802923
100037250235986
100037055201626
100035862142293
100035451859008
100034468014297
100033060062203
100032701932123
100028198996066
100024712170875
100037743632204
100037621330740
100037584343140
100037444095042
100037229361070
100036973367763
100036691872958
100036618353862
100036119261928
100035699040732
100034437789874
100034300703348
100034251339663
100026395818232
100024166882389
100023408352990
100037693475903
100037331626942
100037211442944
100037009359819
100036000991753
100035006523971
100034417161346
100033753309395
100033686031801
100033663429151
100033215902211
100029988501559
100029291072925
100009148442019
100030904060234
100030388701793
100036843217689
100035475923031
100035016870214
100037569853582
100036033348989
100027178322136
100022468330904
100037511232447
100037474624417
100037436894416
100037425218998
100037331853533
100037308242633
100037304001512
100037204533865
100037097321589
100036546243646
100035451142696
100032911550509
100030649009655
100028940078180
100027635028527
100013637141426
100003484740335
100001823557945
100034870117647
100034513342443
100029762297177
100037158743540
100037143522900
100036916521279
100036317434731
100035962580007
100035540834294
100035042506078
100034991242694
100034481295802
100034460747548
100031852847883
100025809082453
100022169612533
100007269047773
100037557884010
100037221277499
100036763072197
100034767691750
100030720499932
100025211747733
100023116158850
100035347731088
100031717245810
100027762888686
100024763086175
100020342237116
100026227772748
100024590026855
100037442806291
100036638116131
100034739203776
100032985935095
100029669675105
100023613701897
100035183225903
100034099685833
100032169248917
100037699385516
100037276163963
100037147034237
100036981172878
100036968312536
100036727224187
100035907862468
100035733623147
100035532272879
100035193900942
100033788003166
100030361098972
100030224990756
100029747240751
100029309362116
100029083993686
100029025000329
100028187841573
100024065273391
100023103541315
100022073182585
100012304027691
100004579208615
100037370933078
100036761676139
100036118457798
100036101386239
100035613272141
100034291457434
100033454327648
100033358725147
100033078907598
100020404090219
100006594820359
100037625889601
100037560903677
100037425725954
100037272426177
100037129598666
100037111294469
100036648765646
100036637763558
100035550463218
100034827711033
100033749043268
100031465593303
100029656485154
100027896191195
100027505281283
100027123824507
100017875845657
100037640162755
100028618275537
100024318546384
100022156182745
100019174549228
100037571800471
100036329018311
100034479342439
100012763565102
100037311202213
100036456827039
100036449301099
100029530423064
100028398468642
100017439339583
100037468655199
100035003160260
100037559738611
100035885235469
100034685173003
100008656063565
100037258322810
100030690441848
100030541597294
100028028197833
100037471481258
100036116526067
100030713765701
100028965665691
100025741247994
100024963493260
100015180155406
100036865822896
100034172492645
100033984707866
100017792713251
100037425152139
100035408502062
100037663539249
100037599360681
100034800522335
100033007972662
100031317480608
100030672397333
100026322051990
100019750337951
100019323782921
100009559183692
100027026222905
100026993560405
100037573088748
100037536225976
100037231283295
100036744961025
100036277574150
100034457508083
100032131362699
100032046804109
100028654716397
100015809917114
100037463990272
100037309027589
100037121172350
100035929352444
100035692432063
100031072400026
100023456442373
100035564533983
100034594102478
100022198389286
100015050897820
100033562070152
100030507664915
100028846989328
100037005513298
100034777842108
100032691857672
100035661316764
100027973552369
100036865098080
100027277036892
100034940012217
100037239246823
100037564932767
100036557408248
100036708282042
100035727617707
100032651285047
100037382079514
100023608212836
100034600068934
100035458248417
100036764093036
100026355200535
100035503897495
100032570149465
100036547470975
100037453967635
100037037409639
100024580442619
100031671492689
100031029222732
100026158908790
100036643444988
100022998270717
100037542397359
100037547377750
100035371936845
100033392854639
100032095762214
100037516385009
100036183250065
100035978076528
100035221133254
100030554799466
100028995757601
100024548615001
100037013567023
100036917751023
100022512109694
100027580819020
100034893138899
100009283557645
100018439892372
100030813486339
100036330736307
100037540422707
100033896280432
100033647536450
100032901573678
100015445380595
100037616436240
100035835591358
100033174942312
100024128115015
100037201849566
100033999193240
100027766994035
100024470502700
100026646462410
100028483786321
100027036793065
100024997187367
100036412506122
100031932649247
100027870931794
100031427918125
100025346283040
100037549749244
100024859290251
100030686527409
100036561420603
100018376006037
100035562414092
100035549588823
100034756674376
100036542832806
100022476890165
100035277262400
100026631471900
100036379724544
100036037904602
100022521006253
100037487832841
100033203447256
100031191291908
100033371885615
100035463975939
100032824740185
100026778136484
100015242530543
100037049722085
100035966360933
100037006830582
100036232823187
100025334972750
100003927273646
100037184572853
100035544794199
100034021758450
100033667035555
100037154288782
100036680442938
100036558661297
100036281118007
100036205275651
100035997499951
100035997497815
100034041995996
100033176083343
100030018017416
100028524553874
100027983085092
100022669804487
100020967615905
100037698424243
100035864948225
100035812571492
100028200560273
100028000462592
100025914579730
100024279847667
100023236913543
100021928369998
100019329723701
100014760933674
100013290559290
100037116994557
100036296916042
100033748777633
100032098531232
100037558322764
100037231244584
100034166880006
100033029836417
100032905820093
100025179069398
100037406176236
100037298300936
100035415162320
100033220011474
100032374922901
100032168805026
100031332739648
100028658653284
100033783459225
100031304885735
100030210127476
100024681934369
100037461671373
100023925991518
100023047020660
100037481865158
100024186670314
100026969113318
100037325145476
100027167554033
100023197568452
100037541823712
100036642436727
100036354019425
100036180374645
100035598271369
100035540813918
100035455696659
100034939053849
100027167553502
100026794967743
100023902418349
100037434363848
100037292294253
100036995031128
100035113300454
100033655932719
100006622950080
100037332370375
100035794874415
100033958264440
100032061856048
100031953222217
100027754426132
100023396161015
100037392270802
100028326891972
100025066682490
100037116228522
100037032129788
100036407747707
100030082954280
100029912950291
100028263395694
100026136889893
100014109453684
100011401938915
100004331010086
100017491116296
100014950031495
100037561656668
100037362833275
100037150111166
100036687797645
100035524809143
100035227235698
100033944271308
100028225700391
100027767182032
100012384521514
100034375607014
100037152851185
100036834412583
100036240858085
100035867690098
100035661257423
100035475303228
100030692224538
100029944793738
100026372471579
100022577298622
100021902141030
100012734794143
100037732921949
100031054297530
100029377987844
100015850267211
100037545428552
100037455554854
100037295212996
100036463596357
100035954902582
100035275520034
100034947780664
100033655670818
100033043656723
100032148645103
100031793810725
100031372417742
100027049627003
100024918798060
100023482042331
100008927494546
100000854836458
100037457207966
100036061668235
100033423454682
100024452071444
100037359788591
100036877874180
100036020291287
100031794853211
100028205978512
100027447322993
100037373040685
100037278998339
100035878313814
100034249937556
100032527590832
100030904273555
100030313681222
100025852052132
100021898297923
100017224711533
100015186645826
100037662871184
100034820976995
100032875560841
100029387570519
100028394511936
100001532743538
100033537172018
100027638500866
100037258188725
100034655314507
100030476229413
100026945145222
100037428188430
100037253123208
100037035700180
100037028774599
100036366163466
100035197325431
100034635336399
100021858190133
100036778691534
100033937268041
100037527908937
100030961600484
100030001993885
100027473928130
100023937967507
100000530030834
1471426848
100036825652151
100033951380291
100028697443307
100037553734318
100037452465559
100037261039163
100035869748529
100034595683365
100030544100066
100028567096516
100026893211298
100026840764220
100026799903718
100026011508403
100025237489790
100024875012763
100023062119351
100021951649601
100019433654888
100016115251498
100015184025021
100009899175903
100037295973939
100005151155809
100037556526184
100037546594028
100037374127057
100037349919980
100037016393945
100036624483631
100036384757767
100036282969015
100035869025443
100035519717445
100034974404317
100034785827377
100034594844826
100034267087781
100034034569075
100032764460432
100032178617368
100030425107693
100027945904814
100027820704026
100022554222327
100020895943920
100014156985466
100032446420978
100026458930217
100037178863088
100037055693087
100036899439299
100035715079943
100035399206936
100034746900047
100033718597986
100030355416327
100005766582901
100037380500580
100023292675174
100037436264232
100037376712792
100037329094983
100035802766382
100035393403085
100033511146572
100031830335462
100027207613924
100037575936201
100037129158079
100033667970968
100037548091200
100037407996236
100036569897456
100035977454308
100035930538959
100034079690596
100033267312234
100028375065267
100025305256970
100024973745031
100024648154465
100024367278344
100037201951650
100036975230874
100036385602738
100036333486289
100035080163644
100035035295721
100035006640996
100034825783234
100034559417350
100034064162100
100031469974674
100031268627470
100029456747500
100028532751198
100027860290346
100020490136548
100018694720586
100001898510248
100037443225724
100037396634943
100036851267778
100036784420964
100035971452957
100035779397268
100035516253410
100033683894568
100030723483164
100030507919760
100030195315638
100028243060488
100027007087497
100025098563178
100016679490916
100012477288015
100037311790548
100036503990380
100036311626199
100035803391444
100034337678741
100033170767196
100027971679148
100013960240017
100036391161198
100022915489967
100014567652459
100037723740677
100037472112324
100035927626131
100033667153352
100033337664020
100030901938531
100037358603411
100031051838007
100028793705573
100037326438856
100037304052767
100037141170870
100035914007100
100032816051314
100031430555448
100031288758675
100028873131250
100026017160047
100037745130051
100037451088061
100037396729501
100037100477378
100036273591400
100035419261608
100035011665106
100030678344056
100030017715339
100029772847255
100028778142919
100028597651401
100027708852957
100027471412493
100027424241237
100027398089749
100027329952371
100024962299469
100024806730658
100022685689565
100003669009791
100037556381701
100037518523343
100037327789335
100037298382156
100035695871551
100030904642358
100030712838885
100037618835170
100037034649781
100036875353384
100034283843004
100033628601076
100028776314754
100028476034147
100027646811089
100027505013586
100026761563375
100025391138089
100023361164901
100011807559142
100034707581529
100037517135725
100037413461641
100036628576274
100036605362125
100036126741000
100035358765762
100033872087552
100033383449448
100032461012476
100031158707400
100028323545368
100027415637120
100024725513233
100024200653042
100017080184274
100016007201042
100034750694965
100031625152864
100036522335779
100035473749720
100030843420035
100029065964463
100022615881531
100036635196141
100035864670739
100034890917867
100033955652001
100028388160161
100037015778893
100036968794128
100025971649768
100017788007665
100001269811646
100037391180064
100037661525531
100035976016813
100035272573858
100033894094121
100028061681015
100025574301904
100010902545734
100037393367419
100037122600172
100032791427528
100031272652912
100025595687140
100037132550200
100036096486010
100009225902804
100037194916116
100036853128518
100036035363183
100036014747900
100014541106743
100014006473413
100010271921584
100008887663607
100037685522480
100037250632385
100036913611260
100030358326650
100030049936960
100029257401933
100028603692543
100028413721366
100027468705853
100026809654250
100013926374407
100012800568400
100033087021973
100031646400696
100037451206151
100037317502353
100036925182215
100035867768382
100035737653282
100011585130009
100011367226557
100037435009270
100035156478011
100032972474643
100027582401673
100022454781078
100009102058561
100036036919114
100025496316413
100025028165140
100016363956225
100011028363385
100037648955897
100037100333990
100036884322309
100036692536050
100036051906965
100035182487869
100034624476808
100034261990638
100034104634075
100032294502013
100032112521670
100031450716686
100031132594196
100027843002224
100026721752971
100035869007203
100037485670682
100037251322940
100036917297888
100036866327870
100036517396287
100035146913092
100034138051394
100029413753849
100028190377109
100028143907166
100027691862355
100007544536150
100037361986033
100037186473264
100037121985129
100037039486113
100036986932607
100036810561253
100036395118489
100034552033028
100029585133898
100036227942925
100034970480383
100034672220673
100030399131009
100029113505191
100024235310047
100037548156214
100037080401190
100035692870202
100013562370793
100008316016158
100033867131866
100037276764399
100032562729006
100028043979820
100021285630556
100037161487579
100015254370165
100037133620611
100036900828293
100036721530876
100036611985088
100036311089824
100035928271726
100035514965439
100034263576568
100033555109193
100029977546234
100028615277296
100028321459982
100027858886696
100027701923186
100022423264451
100010638527120
100037476638625
100037294458572
100037243683695
100037226840779
100037051784552
100037005218797
100036975586592
100036331973250
100035500344251
100035262000315
100035006930857
100034989000126
100034593396225
100033893353678
100032328472630
100023451051737
100023339166869
100010701338169
100010178464145
100036169291153
100036009407742
100034745656245
100033608867012
100033410352494
100030124624535
100023953821656
100023465261646
100021750732725
100037258461302
100036717727824
100036463092978
100035447663390
100030751575240
100028365781940
100027605221235
100026755600341
100026057403399
100023961962402
100021522857589
100015230741582
100037373624403
100037353795112
100036989941301
100034809403323
100030579135825
100030134071729
100027617673435
100027105921245
100025436004199
100002957515775
100036825910949
100029711700886
100029179089765
100028479454935
100026756677632
100009329510946
100037186281004
100036904549891
100036638956736
100035594182731
100034459872459
100034096145172
100029767086658
100024049753598
100023584360617
100036880763378
100036335800325
100029164265425
100026901060963
100026577827460
100017710356618
100009908496257
100008250432182
100006943513458
100037708833082
100037453714422
100036111944951
100033448792809
100033370268079
100029619404492
100029286094794
100028563480818
100027626807560
100026944341857
100024491851461
100037691104052
100037214318284
100035590774255
100028973838448
100037472085566
100035965303752
100034981813253
100034420152678
100033744304204
100033518343737
100033101512173
100030136290536
100028720022827
100025433299091
100015523480590
100037364440288
100036399104378
100035999229996
100035988620024
100035119817924
100034840741381
100034522091365
100034102433254
100032491205815
100030266899458
100030124810937
100025882134068
100024311439622
100023756947768
100018934150602
100007682328353
100037278260288
100037050496914
100036150122334
100035747942457
100030124011246
100028254555545
100036890643629
100036856417359
100036790864628
100036375257472
100036319681196
100036220891655
100035779335282
100035654211558
100034706529993
100034631052600
100034448865595
100034338079807
100034334088075
100033526128388
100032197271147
100028796833488
100028379730470
100022409226957
100013346230436
100037640611959
100036996759764
100036026980294
100034369398871
100033583846917
100032718994693
100031207291788
100018667062681
100005122487579
100037218829239
100037155738990
100036542445324
100036101796596
100035890575645
100035692035019
100035059002872
100034676142358
100034114727796
100033266331080
100032663703215
100031721858348
100030433830901
100030081559017
100028128398676
100027398634000
100026984212342
100026762059677
100026534866387
100024986531169
100018908467154
100037622796990
100037462545142
100035482397145
100015059355560
100007158944061
100036107256464
100030096500226
100006713946620
100037324884081
100037230636607
100037023492305
100027282105582
100036154672233
100024920059196
100024506229810
100007777801013
100037280423581
100037184100029
100037100894913
100035741243519
100035675018769
100035616684073
100035367541166
100034856208724
100032683441089
100028519560063
100028309727422
100027908413241
100025440757046
100024589414319
100023507822701
100014753224973
100010435338449
100036860224002
100035935300553
100033184724849
100033120733904
100027565008170
100027562626700
100025778319105
100037452643052
100036921111177
100035071884071
100034997571021
100030415642164
100028462953447
100028330598585
100026196211940
100036663395978
100034714042563
100029930106637
100028982543488
100024536790336
100021944043738
100018597814861
100012483071520
100010877446529
100027598013968
100024334575646
100037312999662
100037110935480
100036172846723
100036127269919
100034558631566
100034402252185
100033990051523
100033736745302
100031265160892
100030182601186
100029737751864
100029503429418
100027704059982
100013551481046
100035277842103
100037462662388
100037462538343
100036071963112
100033870871915
100031670401006
100029388782072
100022457521325
100027449291216
100024470452084
100036829114273
100036003457029
100037324721257
100035598556339
100030694471882
100027544582101
100026018745198
100023356905269
100022048460302
100005750348129
100037414837887
100034048530618
100030817266811
100037471756199
100037413435618
100037378184731
100035897714069
100027788841897
100026771138210
100026236810004
100022382741951
100022073651142
100006476007073
100037565855898
100036602822249
100036360731866
100034468970735
100030888122041
100030274871653
100029884453198
100037153425935
100036851993580
100032653788908
100029173969456
100026348230310
100025150410498
100034665194320
100035774470345
100034966089319
100032143051614
100029724760927
100023838371959
100009524712025
100035723119627
100034625342333
100030029227552
100028170428956
100037582570569
100037563816861
100037446525246
100037417181356
100037284975257
100037128291959
100036504390579
100036146700156
100035572666141
100035511999275
100032003464182
100031445100762
100030264456483
100027735603130
100026503758026
100013356246185
100011416527850
100037291568799
100036880193339
100035361443492
100035183061848
100034528415966
100034478679686
100034073293983
100033307282935
100027308400106
100026734239414
100026669952837
100020604247520
100014086534921
100013799540848
100012957973663
100037707091759
100037694101483
100037613133068
100037370354380
100037277381428
100037175356522
100037116906826
100036484455703
100036056962477
100035510349949
100035308213198
100034220047394
100033597943056
100033370747302
100032419551727
100029905296999
100029538515504
100029321136045
100029094197915
100029049195240
100027458208156
100026749961878
100025632953719
100025324200242
100025100512557
100020242057880
100015553420381
100009511156974
100037486890704
100037472342209
100035058591063
100031596952936
100015310027133
100037662840603
100036905150625
100036744653475
100036562329995
100034583105240
100034307055149
100032490321592
100030872117327
100036168413644
100035039866534
100033072221724
100031215893373
100030445490869
100026397045868
100037441009567
100036003726715
100035189029006
100035137987550
100033958082671
100029721374793
100025301709564
100037441959987
100036465351004
100036290644609
100035898064699
100030779382045
100028451325710
100026781140348
100025133883640
100017627597027
100037308739253
100037250416581
100037088400869
100036714791242
100036540773167
100035663451727
100034872351442
100026931681573
100023684652493
100037602846324
100037478294381
100037412689508
100037392677993
100037336222279
100035904496494
100035192263832
100033515104170
100033498947710
100030947358889
100029994495876
100029194621906
100026724009373
100017153400848
100014742706189
100035430197086
100035420825584
100035273602983
100033089441966
100030322034504
100026854272167
100021808416746
100016586680556
100012537703010
100037419222307
100037414336073
100034925060619
100034600937584
100027712148463
100026530522284
100025512464201
100035454580956
100015360752961
100022092286202
100037368122848
100036513032442
100035966538665
100035509446314
100035066301007
100034514650044
100034394423596
100033715726031
100023696192869
100013506331461
100009958110757
100032728033414
100029731503651
100026783320292
100018707742787
100015042015184
100013285249253
100037371390010
100037350734177
100037210605217
100036985056146
100036957764808
100030448240741
100024238690593
100037530250684
100037200196578
100036277686353
100030553391177
100037352963491
100036573920071
100034068488221
100031069595674
100028358438069
100023836995628
100015064920020
100001576923365
100037519635319
100037367898240
100037590577918
100032592892427
100027655700229
100021885199478
100036300683718
100034714817009
100032551941748
100030354432753
100030217054572
100030194165968
100029234623526
100028821251741
100023307933057
100014153259078
100008996743563
100037564985483
100034526092659
100030295209696
100028142423225
100027297678438
100023325193028
100037641691175
100029531208148
100027995992574
100025723882237
100025700175800
100024105960631
100014132234395
100006113776003
100037714653229
100036977045430
100036416327242
100033999766978
100037415259748
100036825517627
100036796171339
100034568827601
100030582981801
100028582140685
100023512939052
100035978948724
100033268033083
100031406973877
100015800374551
100013482160226
100031295446677
100030573010175
100022925625683
100033946775457
100030205254257
100018905190358
100009593052897
100003245423360
100034640377046
100015906677719
100032730720647
100036428201707
100036306940120
100035828390120
100030647827045
100027255903754
100016812886787
100009880575204
100036192616775
100035586886412
100035020394430
100031387546019
100037608932872
100037089125280
100036763818221
100031940242169
100031301808857
100028294293494
100027860259442
100026787150339
100023275610960
100022084501375
100016520615125
100036827986509
100035698730503
100035675858594
100035431920274
100035262285415
100032522797371
100031994228998
100027239910993
100024514785858
100015769597248
100014345499120
100037213955665
100034947571013
100037464131863
100037391202455
100037206741887
100033590958020
100031761733343
100031690610000
100029049249154
100027621301956
100025212042401
100013255456845
100036831949786
100035596744167
100030518376749
100037583764480
100033433072058
100030532059308
100027217846241
100020578810542
100037576833182
100037352152406
100036457007710
100036147661360
100034071125642
100036487715873
100036287991046
100026482537554
100037519662346
100037436835995
100037330331270
100034867332079
100034669173948
100034545734932
100032572037047
100031212826431
100030917887563
100037465035374
100037454676408
100037370178760
100033924816303
100033620832674
100033454943592
100033017581745
100029168646431
100010497274568
100036049302708
100035764054862
100035562439664
100035494837302
100035366709135
100035296516796
100032624089220
100024786435899
100023085802718
100022784705374
100021856954787
100037334690604
100036746060501
100035785747694
100034616862086
100034508168517
100032294954032
100031784595370
100030954212775
100030337881832
100027283833010
100016661134471
100016234860948
100012833173420
100006708755430
100004559350257
100003149204160
100037399189293
100036455015969
100034573822626
100008677054253
100004931234003
100036858217619
100035048498846
100021466861861
100037625737587
100037056249498
100029644862637
100037664130066
100037306991416
100035878448246
100035777924205
100034316633970
100032833382407
100025807780638
100025648034411
100023362748309
100019260612562
100037199933001
100037185012000
100036797911510
100036495555697
100034481198782
100030786466089
100027344501497
100026695310962
100036943674336
100035082728727
100032415090947
100031843791540
100022467108178
100037621560162
100036975949617
100036570812535
100035656732317
100035601667244
100034627178307
100033294941666
100032341370580
100028695050377
100024098868336
100037285385277
100027396200136
100023458935467
100037225601585
100037598230711
100037324740063
100037225591784
100037010071164
100034235504336
100014182965222
100037027282054
100036750942866
100036599195436
100028210153015
100027241192146
100026940540991
100033157037134
100001038548798
100034357535241
100027194226709
100035797733716
100026610556156
100028401974727
100025528533897
100033558817987
100032790012011
100035298814626
100023191572072
100034978146632
100033947945349
100036432756446
100033713861586
100014280826392
100036430984814
100032426526816
100013931104003
100034726734052
100034765780366
100032947697640
100035072377990
100023718502234
100034240208135
100036127993668
100026406282479
100025477170694
100035715494735
100030937185358
100026423020673
100030163702209
100036509200559
100037010120683
100018129278989
100035687444347
100036243108464
100035187074655
100027185232603
100035632895361
100016076070206
100034813185478
100033460925926
100028221070507
100033168637868
100036322723754
100031095789131
100036071353243
100029611305864
100034644431524
100034765546590
100031142284118
100034947337947
100033314371151
100035360047743
100023706637348
100029607844938
100035888824317
100037290678268
100023991948293
100027055415788
100032805246024
100022599893137
100035817180818
100028948837409
100035276542833
100014199961606
100033492074582
100035745652301
100016692610180
100034325569117
100022204212212
100025124417016
100021458932485
100025345071688
100035701416074
100026905517680
100022765833103
100033410449180
100024537650972
100037115761034
100010430678912
100026921569495
100014449633550
100037233361898
100035031752659
100031752514880
100036621219148
100028314888422
100016855087886
100030381464515
100033055841892
100034770436809
100026428219854
100016639158678
100037321005223
100037023924292
100025267693947
100023633270137
100024529871393
100031571322183
100035881791869
100027634612790
100028663806630
100027990441141
100030154350322
100037266259734
100037167703138
100020881625494
100019514174265
100036584956775
100036180879821
100027328731873
100030562612666
100022261280749
100026872732817
100035115817025
100023056131431
100035560463891
100021287310703
100019646105407
100037253152176
100036914894476
100029118545849
100032581232044
100028157161298
100026251746469
100035056752573
100033701686707
100036152015048
100028286541441
100035621601386
100036474131949
100027633498390
100024762397003
100033496507666
100036466891395
100034314035300
100037232473150
100037013543446
100031109991216
100035618882112
100036406597773
100035065426479
100022413187340
100026752057452
100037146861233
100035593521377
100036709670781
100035782911107
100034915577047
100035542771784
100033593221050
100035387979960
100029830369644
100036321232983
100037358378740
100036428522180
100028400482140
100032884854360
100014161080675
100036085063001
100034499947504
100028273381967
100027661447498
100031443003854
100035480887604
100026991442316
100034434406668
100026712082889
100034596015745
100035764215649
100037321725781
100027616371907
100022426423896
100029078539468
100012203922770
100034495578338
100028681662163
100026419179277
100037443933125
100027746590160
100012778095964
100024915040764
100025120686846
100036070538557
100035243857296
100036795811430
100027684341283
100030890807437
100033047733570
100031882840028
100029976591263
100036843879696
100015055204047
100033707179585
100033512722913
100037392135242
100029502609727
100031367057648
100029615534653
100028571032247
100028950979088
100023175967625
100034793118746
100032050565952
100037167644534
100030382352867
100027539923285
100037038911342
100036789377300
100026502818034
100036547442616
100036144303051
100035658401139
100030578583579
100026642893414
100024248461259
100037329128539
100036939202417
100036625384550
100028770733229
100027749224983
100024728693659
100020908366924
100037183339915
100036843636266
100033076008452
100023409107587
100036268311392
100034873848870
100005704579428
100037126482396
100033529204759
100037342899831
100036944046444
100036584766124
100035763810973
100035111446376
100034296443838
100029319998362
100037408092924
100034954293960
100034575491816
100029380518058
100014700618668
100037316618385
100037113864236
100035946456012
100035634249776
100034257822742
100033448064515
100031727331233
100024835321801
100024087400025
100013240187701
100037515604856
100037284154824
100035339409733
100035112961764
100034129598976
100032225564019
100030195879093
100024357784957
100023211049521
100019028911628
100010631416180
100005577791143
100037314065264
100036440168289
100036176105589
100036148580032
100036014433615
100035911252527
100035249432903
100028453235490
100024691728044
100024090592376
100018301324944
100016545126126
100003789811211
100037105163496
100035719362099
100033541635268
100033526202885
100030648661191
100027763821996
100014795918731
100011397640336
100026646907747
100029856875776
100022993878875
100034528610570
100036802791703
100026979524651
100035807446410
100030462105626
100025420532397
100034321391295
100029831442230
100028546896046
100015453044954
100037501958937
100036995264995
100036581663636
100036095603326
100034978791879
100031877744341
100028960178981
100019148826090
100016059403259
100037535316862
100035837050953
100034352296712
100034349195872
100031983215546
100036831783597
100034003095003
100031731152393
100026941833256
100036905566525
100036757879054
100034924882453
100023188311678
100037472672374
100037222595141
100036327483653
100036299344466
100035284881512
100029571313400
100029210441613
100018878080540
100011846854457
100037015942750
100036505537585
100035969990682
100033742598568
100029360151245
100028863906446
100017496220147
100015267846417
100037437273636
100027750730441
100031205015355
100029137785058
100037578661588
100037377390588
100037350241720
100036146558276
100036053691608
100030687668000
100023402471393
100022103050415
100019770460641
100035823310503
100035155321942
100031195532517
100026229700054
100013423217884
100036037792815
100032891296032
100032423502919
100027254511762
100015334413958
100037350343870
100032679157355
100029205340508
100022356933037
100015517901006
100037399620755
100037162327928
100036983705035
100036558420700
100035825774623
100035757125914
100033302080257
100030215408572
100026784071625
100024540683110
100036863499714
100036479780507
100035320326852
100034986844293
100030772668506
100037267700447
100036724548656
100036627764285
100033961937368
100030131720940
100029180980845
100026272234825
100036374160690
100033014537221
100029633735777
100035845463280
100037298857540
100037241861541
100036988597994
100036143417307
100035961020000
100029680653497
100029201866744
100027436163404
100022600093150
100036474886263
100030935420705
100013158578483
100037399360722
100037209755629
100036064433152
100035588091195
100033867482224
100033655992437
100033521945801
100023250738735
100022026491028
100011114465567
100037524335643
100036084014833
100034898283950
100032264831829
100030804831961
100030581797633
100029994097098
100034619852761
100031937794423
100037060397802
100037006590728
100036412662494
100034539575183
100032259065922
100031407944725
100028678123487
100024997626360
100023278483394
100037252909355
100032161780416
100029134532161
100028586926585
100028429393015
100026500447189
100008761629132
100036873841660
100036325095450
100035805886175
100035686831747
100035404080220
100034394474101
100030920629100
100027470700517
100037445652202
100036163561412
100036092743542
100035394011448
100034451142275
100027166303349
100024192766826
100021024427554
100008861389416
100037132095027
100037127842771
100037011609889
100035943220042
100026100345830
100022675924115
100037216699375
100036999039896
100035620043623
100033478344089
100031378980646
100031367346025
100031178931789
100030710701360
100029568890191
100029529111845
100027977721177
100025119184508
100024090486724
100037161157505
100036246365527
100035595892982
100035518967427
100023446866466
100009804570269
100035713514150
100026659952157
100009934260177
100028271153354
100036402284187
100035073050335
100032716493077
100035823377037
100034548604524
100035473357232
100034508352585
100033625694141
100032838019175
100032626960587
100031852581073
100029785939761
100028354628492
100020264496188
100018649380633
100036588914161
100035593478376
100035457316173
100034025844016
100036834982475
100036776352105
100035407762814
100026995320414
100037254428060
100037078050210
100035791537039
100035462942050
100034753216270
100034698254507
100034452794915
100034274145764
100033528461536
100031720461519
100028900141185
100028384416734
100036467453680
100036398415941
100035080607110
100031630686903
100037250452097
100034192140411
100032261680130
100025588812197
100009378345484
100036265654021
100015815236971
100037013572131
100034045893247
100028121950925
100026818636565
100025859408974
100037266341827
100037065190518
100035903267710
100034581645698
100033692346832
100025338750272
100037156554115
100036472642878
100034925762733
100027485271088
100027406020120
100037480116726
100028898224804
100027698371268
100036832551547
100036135663673
100037253211539
100036312796046
100033898723356
100029354329560
100022541225400
100021743940668
100018028500474
100036817631895
100036731266414
100036191041692
100034510782099
100033546938445
100026888013913
100021294503035
100019103701662
100037241045707
100035863964566
100033368737542
100031619113154
100027261071348
100025118330045
100017747167008
100007946771222
100037463465655
100037157286416
100036428382979
100035717979878
100032811554871
100023414870639
100017173982677
100037029429570
100036198893779
100034694119814
100033629748849
100010266663925
100037350584381
100037202064194
100037039777453
100036560857150
100029375113388
100023536383951
100037486086300
100037388791534
100036959749089
100035992665178
100035885079208
100032066620818
100030490658119
100025425411366
100022360032838
100035807986501
100032434596881
100030588081044
100022319240171
100028502062607
100036539139321
100001855427331
100034635893342
100034576433721
100023669951884
100036790021997
100035734101607
100035124514630
100034530520015
100037364529429
100037256917577
100036435231757
100036008131199
100035866897760
100034134952981
100033767582637
100027785933043
100018886449290
100037281789131
100036426069536
100036055239501
100035870612887
100025368159346
100037350010338
100037346834832
100026931998448
100021098567283
100037425814775
100037093012760
100035554096806
