100013093300500
100038196870264
100028230352460
100037888535906
100031558861968
100038501911785
100038130919029
100025926871200
100033911092121
100028355765083
100038078063916
100038374920045
100024688117013
100034220443621
100033106493242
100028370528134
100020944532647
100031879518950
100028209277007
100030754479223
100037959228858
100027066337637
100029933501878
100026610939770
100036636001073
100038444191881
100015620317305
100038104914002
100038405222577
100038038283312
100037958957509
100037923009166
100037879031602
100036014798715
100035863503417
100028239377370
100026540202577
100000510277924
100023085870825
100038310161425
100029031525880
100035445003082
100035249240915
100020058791286
100018119740221
100025445988423
100036717798556
100036227942925
100035171114408
100034905373444
100034421430461
100029586976280
100038360911667
100033944943746
100015932702468
100031717879486
100038051033644
100028576360428
100007933716914
100029164985104
100035085061511
100034740960261
100022363755121
100036483654226
100018682152957
100000098113414
100035052291872
100034706540352
100035446470253
100035487499244
100035048105326
100038196456334
100011285049374
100037997662714
100038279220300
100026106262174
100015735152550
100037956543137
100025093938627
100036558002485
100037281374432
100029649562358
100024609762069
100032921177607
100038058932758
100034438445394
100035398185695
100006939635077
100002429218017
100030387872564
100021177661305
100032220735344
100034580872788
100035650604874
100037698159235
100037845892917
100037948561074
100037835123674
100031222991026
100035914121555
100022286353961
100001577888107
100029809847458
100024165198233
100038011116738
100037985563959
100037782440115
100035505067617
100032500970588
100025715345997
100027218267933
100024424517749
100018728026818
100037867880828
100037797503668
100037937026402
100038000382732
100036204337285
100025914225122
100037741220450
100037547612381
100038098801203
100033233492122
100037706415267
100034684613012
100037844442256
100035179802642
100036991023695
100026807974915
100020275712859
100011385907386
100038049729308
100025238407115
100022658533115
100013825024475
100035062694350
100034785480492
100037168238084
100030481425580
100007595196546
100001959327044
100016055058305
100038008029816
100026868724494
100011370381003
100038080835314
100017732792018
100014769216209
100038098654036
100038046274015
100013597722030
100033279424138
100000900580865
100024735428235
100022709612845
100037988381334
100037254755577
100036724036651
100036667246630
100036223170192
100034957368518
100030300344111
100006798638098
100038057285651
100037189729373
100033719465642
100031610255465
100037840160835
100036712931369
100028930449160
100027971562806
100027015456225
100009214267746
100037250823289
100036112489665
100012715441001
100038049845367
100037967413512
100037373147982
100036584793255
100029871164099
100037395111104
100012166212702
100024625550966
100013754445118
100037593378765
100037175820736
100037136078109
100036396511307
100033981013800
100032614294013
100024900907001
100022336853306
100014759280444
100005522775832
100018825497767
100031120163188
100038062233664
100037849328432
100037848960840
100037766896214
100037766251235
100037443035672
100037405833612
100037130898055
100036811325417
100036773283229
100034644850236
100027803889701
100013819230758
100007107067193
100036182550612
100002999653681
100028204935442
100036977443419
100022745617236
100014856570230
100025392763694
100037750064908
100037836824405
100022353769065
100009645600291
100028800095269
100025641531247
100035293746362
100037724574119
100038059473008
100037907136122
100038116320088
100035727102906
100006569800115
100030418853998
100037785228691
100016322502624
100006284656528
100036150130397
100012904809034
100006363490217
100023777681333
100009631663539
100026004647669
100034493389094
100004204389431
100026825197155
100035016082372
100004734697895
100037157582356
100037425139604
100032217830430
100016117264457
100024143088599
100036115110840
100037874409895
100009599649062
100000687830929
100006057136127
100038061660333
100037652446571
100023405226319
100037912059838
100037772808529
100034909163015
100027014343196
100024117368816
100035446246651
100022082981069
100036580778217
100022546521902
100016125611567
100037989725323
100037694424349
100037150830003
100036839112161
100036718846614
100034475748616
100034400470252
100034341560589
100033778831783
100025562768478
100024589191573
100022740768709
100015361000303
100037035408578
100036064665459
100035056237677
100032069831599
100031508948884
100024969520260
100013964101350
100004541229284
100024536677922
100033682223925
100024758163539
100037208623474
100035006079559
100036018129057
100007476406430
100005899601967
100034191182002
100028350858759
100036201563976
100011644995268
100037738363944
100036270574093
100034813277906
100029513852243
100027476840721
100013791035871
100008218782819
100000985713264
100037760385550
100037733028599
100037644562941
100037492264636
100037325742360
100035687764396
100025955229392
100025705418505
100021965650806
100018161146379
100015233190670
100012152587605
100029633360438
100035274067768
100034785073624
100022721932672
100005843503499
100009000237303
100037735891994
100027152062615
100006504125898
100036076639265
100014932392888
100023624412476
100030227132306
100001956203320
100028868901427
100037719738214
100037052297488
100028805149080
100013066027467
100037675938320
100035824568179
100022090951608
100010783050778
100009521096394
100030599270532
100027884462974
100008170936418
100036171047559
100027216187610
100037678483771
100013621516963
100037678681635
100037625513683
100036774213125
100031436986036
100028018158506
100024566410472
100012271594161
100007518365657
100037997910959
100037820561757
100035204295964
100035124514772
100034581077267
100034134767117
100033282464088
100031046121146
100030788386075
100023900251010
100023531581574
100022429389346
100007061736849
100006831402261
100037654326428
100036957332188
100036429922714
100022624830519
100015223560967
100014981977687
100036927154649
100036853302905
100033522544910
100028118977193
100016477411380
100036880514683
100030497983991
100022071812094
100000601355000
100037611273039
100033094432373
100027683772836
100026461413395
100018075254529
100005114472883
100002103413022
100037670178235
100037451718498
100035169753670
100033852673980
100029455546799
100034647787499
100017360430886
100026696072663
100015221466373
100037754050368
100034905095823
100023377266472
100010040470365
100037001961638
100030581143724
100037819776637
100013597901083
100035747509901
100022639791692
100037792358490
100037774660635
100037748892644
100037670140786
100037645007764
100037559539965
100037553386270
100035154450646
100035124496060
100034987476772
100034551161469
100033678434048
100028658194835
100018589360064
100015670385180
100012060286102
100010145911398
100037759269586
100037260648253
100034967525263
100034606426869
100031589448025
100030624257293
100030250260441
100028513700785
100027609047167
100026669079032
100020880681509
100002626034632
100035347470179
100023762201358
100027257258817
100033359446393
100037113345764
100013361173356
100037417126308
100034013539539
100009104977424
100036470889912
100031163528129
100028168069310
100008074096064
100037652354830
100034996365866
100029151523410
100029118167428
100025656293876
100024657892269
100000745931446
100037644452096
100036812737888
100036268291873
100026724544831
100025910444108
100013001621839
100033598142633
100025846218377
100025217442032
100025335098039
100035646263996
100014396238846
100037094468888
100035180582018
100033551114609
100025151499212
100011518692318
100037434741311
100037094709411
100034862591946
100034027992940
100029511277991
100029250856959
100027817482175
100012588370281
100037302442374
100012357758681
100028844589245
100025581306398
100028250693056
100037743420003
100037620278163
100037606599560
100034235504336
100033945783266
100022348643584
1652803535
100037646558908
100037431545950
100035702138427
100035181433910
100034644609298
100030988296455
100034429634587
100000285516599
100033581860153
100036101250233
100026361570671
100031744399029
100028750785989
100009206599189
100036984180629
100034891157688
100023996594720
100002824812822
100037658139692
100032090432410
100029664104916
100026894891066
100022055266824
100003346368068
100033830890706
100030878586331
100037562412568
100037620790570
100006392133691
100037354031100
100028190377109
100037100894913
100036343175062
100035154762147
100033466361780
100030402343956
100023924854075
100015299557723
100037766400013
100037688074755
100037612022059
100037436531232
100037428188430
100037286180955
100037065343061
100037679555490
100008349300549
100002067762077
100010492395668
100036833226007
100013406523691
100015069822643
100037723740677
100034745612536
100037480006816
100037396822344
100025150472364
100023632720777
100005533696906
100028307231998
100024481061546
100037037380844
100036417877810
100031717540269
100037279276333
100025496316413
100007469687192
100015022389988
100022010314251
100037559738611
100037476376093
100027079350840
100018402604076
100037730700727
100037658163853
100036207411349
100031923452988
100027905629611
100024105408126
100014869202255
100037222070883
100026785385775
100024681521722
100024174859246
100035896560306
100033117273570
100033044082891
100009550100296
100008772948286
100006954402687
100037516750695
100015995918615
100037050155412
100034665194320
100033353584658
100035628020047
100034451601464
100030018017416
100024521241416
100016406172617
100037388720020
100034415492059
100034402252185
100005527022977
100027627313771
100037616734066
100037253152176
100037171252133
100037072221843
100036924400166
100036880763378
100036766069414
100035828749907
100034119591212
100032762024732
100029401631515
100024763188870
100010022018284
100008902784711
100036785061937
100026589279980
100026079052525
100028016373638
100025728091851
100008324746623
100032981960225
100035681087139
100034800467670
100033075004691
100013460268084
100011499561359
100027742597707
100037028964188
100036118748623
100035654211558
100017281083889
100037206709090
100037193820624
100034881607896
100034077489955
100033445900152
100011060223243
100037142991954
100034353873627
100032382606357
100030541530035
100027347561279
100026733369212
100005265133954
100003149204160
100037488430178
100035793374376
100007932976883
100026296777165
100030770886400
100034568960730
100026979524651
100025912763656
100002513079738
100037574882436
100036246473683
100011128518401
100025031520358
100018958117260
100037415082742
100037408092924
100037201757963
100036767010817
100036597581959
100031604916611
100031190960545
100029324660676
100013083841645
100009267327251
100037294400141
100037104013262
100006909153127
100022701281841
100014871000066
100034563727493
100012725382820
100013881032713
100037256566982
100037337443909
100037267335675
100030974588247
100006894300597
100034438665051
100034161753723
100028071340222
100001588752542
100035789979742
100035276931708
100036988090488
100036090153101
100036001652044
100035929598338
100033966126681
100029111019922
100009502510834
100027033363844
100034206947981
100026545040247
100031732126496
100037306600053
100000450767439
100030039486611
100018328530724
100016524495519
100014567652459
100000646599384
100023390854956
100002898992195
100037167144021
100037165841056
100023417164381
100034584434142
100036624196415
100037472285983
100037373072250
100037304236442
100037197705119
100037180157599
100037177701360
100034936631290
100028748656780
100024248760588
100024190671955
100023550460795
100006477972032
100006385952272
100037504322383
100037186849397
100036854320602
100036827661511
100036216983886
100036189967261
100036164381066
100034601452782
100034398495394
100031827890320
100028302312131
100014911626176
100014139313049
100035212264308
100037214000400
100036622610783
100012524344813
100021760609545
100026448528079
100023412096035
100006292660096
100004364527132
100016035646999
100009951996854
100025443126856
100030443047882
100012391120696
100009933252855
100037400737443
100037094294444
100036453706024
100035381445479
100034396712060
100032768088096
100027467802663
100025989183680
100020302530887
100019205288173
100017329423591
100008496792661
100037186520034
100036346551195
100036213082509
100035444003190
100032856615095
100029708327987
100025958718967
100023868800374
100023344084204
100020925210764
100016844793700
100037255033009
100034166296688
100030935420705
100034123117112
100030916240705
100032324448304
100013142958439
100035346383644
100033329660391
100037379377578
100036218685296
100037242551636
100002836970686
100037114914267
100037083918448
100035433697300
100033985125003
100014279284924
100004163929242
100034356123294
100035351900020
100033822404119
100030027972030
100029784292677
100028839186031
100028435125721
100027057581797
100023806415103
100008174589287
100037468383595
100036200393591
100035638835530
100034654637835
100022894869783
100021390532825
100036638042517
100034491739974
100030722329805
100029328216122
100027136069000
100037385888627
100034915577047
100034158678338
100033663683230
100031959727893
100027140172708
100037325947423
100035165742496
100032292694476
100031732666558
100028455420926
100026524751397
100035632383554
100032506973916
100029438673279
100037410004925
100022778603505
100035305336761
100028633607172
100014153557748
100037348178369
100037273178188
100034768270993
100034624032576
100033945064675
100032534811909
100012293382223
100008318435988
100037281789131
100035808181459
100034339266602
100033507968255
100030502956501
100013163437965
100028196376043
100013533271593
100023490611096
100018473709917
100036995991022
100034518222080
100027875975777
100030617407856
100031184520527
100037022168069
100035072386345
100034323099090
100029045602218
100012735739196
100028191487354
100005309441603
100037196327738
100036737930107
100034622953706
100034536818197
100033903577194
100033297602893
100032598035872
100031199117308
100029983998312
100028557812313
100027575492655
100021982606723
100013548215654
100011036082125
100010678905464
100033189824677
100028647229368
100026868932064
100022336840828
100011448174901
100000438204569
100032096303217
100030871485982
100033272378214
100025284684190
100023945034302
100021875587202
100020664857295
100034196862254
100010858632934
100029254663565
100010095850960
100007702428799
100036441787714
100035185835720
100028138673760
100037321325902
100015252030408
100035500548893
100033201733710
100027734094076
100037200973932
100014649431598
100037357655604
100037212750420
100034634351592
100033819312945
100030147915694
100025193974365
100002966025761
100002609037766
100037224733773
100036443441108
100033538804773
100024821821035
100015704647380
100037441440519
100036943522605
100036294903489
100034855141149
100012554924306
100037239011331
100037047280761
100034109553876
100034067662046
100031096253223
100013425791444
100025460390434
100036996517307
100033757470654
100026390013002
100026131778651
100025643986744
100037131919307
100035418982261
100034287323931
100036768022391
100030559003479
100036384527294
100028232087789
100032804779027
100035355137950
100037126817395
100035368774626
100034150367422
100023944471440
100033616746132
100026156208578
100025030461023
100024816674663
100021915422529
100012729120511
100037209725810
100037066544449
100034226924332
100033985625249
100021609186474
100008677935629
100037125186091
100037032036216
100034827705961
100033832639263
100030799900269
100026660812793
100015570721907
100013864987884
100037123330750
100035877620770
100023287503025
100036345436820
100035802960584
100034430271319
100035470971864
100033707527347
100011727649219
100006526622224
100037240925198
100037015673197
100036318971287
100036038641780
100034671893642
100020233745604
100007847940097
100035072970314
100009216178270
100036953511024
100026733247262
100023227193700
100036000605593
100037354171591
100035472815284
100031434192797
100031294756013
100030198931397
100029900628288
100028676340332
100027775682335
100025981174124
100024099261753
100023973915139
100021139743933
100015218594883
100013262622041
100010480143066
100008687747473
100037247648885
100035597473984
100028926640544
100035019112244
100032831523116
100037138505846
100027090274379
100033479223920
100019015177388
100015517201263
100031171269261
100004618128357
100024683809262
100023073730870
100003554449703
100036056508188
100004311976545
100037097114208
100035653124784
100025121782393
100024788582576
100013767346018
100037170912025
100037134134782
100037120290782
100036913630143
100036058249775
100034394266874
100030469022713
100028388055631
100027263293345
100036655981580
100036057606341
100035916661535
100035765751015
100035711985333
100035464402133
100034672505216
100033758855804
100033167022854
100030597364906
100027687706913
100027562025363
100026603403912
100026054002686
100025536729481
100027286620587
100002834081602
100034460017302
100028401973497
100037153206336
100037125756116
100036147341243
100036049984273
100034609642867
100026097980210
100025776518508
100036996230722
100035868157547
100035499646628
100034468755274
100032134292327
100027150556456
100019518436668
100012347084335
100007827517615
100034158304766
100030327881643
100029676062937
100032743170908
100014304186314
100001702942049
100031670401006
100033440013566
100017253903069
100035361360082
100036471876546
100037182720221
100035675018769
100034698936217
100032641369119
100030942315511
100029148846796
100007416941044
100004045185384
100037211315074
100031154645899
100029262491560
100034567634979
100027798533471
100027561069894
100025516673475
100037073679462
100036192827620
100015637635178
100029604832315
100028323150140
100011993953744
100035830125356
100036838700859
100036989987844
100031712289737
100004587270885
100001328032144
100034589173485
100037018786826
100036951019515
100036855752045
100036821003765
100036791381910
100035780168183
100035419774620
100034592331780
100033737803116
100030700701120
100029315650562
100028913590797
100026333238695
100024898608745
100037028701261
100037003757567
100031573223377
100034149343939
100036559682388
100028076406373
100030596925355
100030577956662
100024542086271
100036181028253
100035940071721
100028928115444
100022768183974
100013673891337
100036323055733
100035622514268
100035577756971
100035245983554
100034968107898
100034458900271
100034239990436
100031350381142
100031326491134
100028813660740
100028051723515
100027711351705
100027253216978
100025518608483
100014928639513
100031234911809
100028585920381
100024045645414
100004453896791
100029085150671
100037030244187
100025060171330
100029089580346
100029109152358
100017403123027
100025814500810
100033577425030
100036531950386
100036975765805
100033998561614
100011128594820
100012669137855
100034223432275
100011770050774
100009460932633
100034181469989
100027328192792
100036732526023
100035192700380
100022530908468
100028753875255
100030403772962
100034878858377
100037016641782
100036921218567
100036827334179
100010680405483
100001829229334
100033406941880
100022528729396
100037121198298
100037009994317
100035652623078
100035143594942
100034846542186
100030633703199
100025444008077
100022156130818
100022968221662
100010254128332
1803909904
100037018474596
100035610780407
100017168800658
100036936281748
100023608223614
100019707272474
100029641837962
100028151228841
100010688372854
100036936304515
100034854210294
100020005751053
100036394964568
100014842215612
100036992262573
100036793292999
100035898064699
100035452238594
100034817712417
100018241272905
100015192671293
100037022922668
100034706004017
100033642558943
100032941042401
100028674171415
100027491497903
100023927800749
100004424715733
100036303493227
100034359198426
100027559036574
100036025038130
100026658454128
100009200304234
100007214558805
100036916184829
100029701924183
100028949117341
100027581933495
100026301720318
100025935742178
100022598400202
100016471540284
100010977545725
100010496250715
100001489051534
100036330062822
100033856584250
100033700817633
100030390665967
100029896980331
100028417445876
100027638901473
100026591947124
100024249663554
100015700380082
100033464943954
100037018361532
100026775138668
100013722879567
100008235998501
100036901244051
100034436749062
100037066867201
100022702415605
100003728727567
100035257744140
100029543472805
100029383310668
100028142675803
100025225148913
100025067596089
100034104933624
100028584888053
100027936859721
100027932270335
100027928235846
100037057802099
100032363012708
100030527482218
100027131027612
100026007216182
100025539345574
100023632445168
100022379649615
100021233714414
100036803394253
100036443610967
100036425400301
100017480834765
100010532589051
100034762354829
100030471875795
100030438992857
100029321618077
100027293321737
100031398664443
100035899807219
100036474931490
100030653015824
100019158424082
100031942954910
100034470375358
100035085608197
100009523194544
100011313877026
100003717065555
100036110732798
100027957200910
100036705949352
100036360137264
100036196629030
100035765286979
100035483542828
100035356785577
100033699346201
100032745202021
100030697331165
100028304372591
100026453172234
100035822432979
100033392893275
100033208069618
100033133268247
100035848784049
100035690478988
100031302099713
100031045658497
100025241269940
100024966576658
100023597738537
100023443012170
100036929617909
100036838928447
100036558573689
100035235759126
100033458285247
100031376371753
100029855507656
100008615437571
100026971871472
100000093949800
100029744477204
100009524842351
100032812846981
100024267308439
100035809387748
100034711962732
100036984278655
100022232473272
100036331852291
100009756883848
100033906307669
100036748339885
100036318411395
100036231402344
100035467815958
100006330194486
100034290741185
100031242514614
100028059251049
100027988057845
100015488322598
100036979899030
100036829237243
100036623302772
100036168489270
100035588449906
100034835050967
100034674308789
100030422167653
100026460966143
100014859430870
100037003778624
100036750904416
100036385780143
100029960570180
100026115798691
100022173280678
100022165398859
100035407683804
100031936817996
100036315223564
100036256952212
100021700178984
100035521460914
100037034071291
100034763806430
100036757748429
100036522091152
100036497761042
100032925319785
100026947996256
100036486823519
100035857417975
100035321014924
100034475894515
100034209049961
100033919741859
100033561432267
100028566347952
100015885909564
100031122831891
100037100460826
100029093106201
100031753962155
100034544030882
100036375256767
100031125099754
100030664147508
100004460460264
100036807917426
100035252160783
100033549863620
100027182523165
100027095454254
100000631203072
100036862958323
100036823512432
100033860224940
100036587387509
100036562634374
100036003873834
100033100176138
100031666433567
100026162377668
100035996344331
100033554800057
100010832734787
100004175287529
100034691430686
100036607742650
100033094418014
100033138094547
100027941235410
100029902924085
100007581708694
100034667354643
100033855132468
100036769694742
100036203598297
100035398962609
100034190781415
100027586487500
100024736579037
100016893014999
100009285533678
100036576849304
100033900840100
100036771931591
100036040080790
100036365705522
100024279942850
100036741154075
100035133437631
100034814133198
100001626310140
100036552000785
100036197629354
100035995230197
100035915284646
100034690712459
100027417375555
100034799244325
100015621613519
100024612227802
100001719139086
100036583396806
100036723078822
100036744949275
100036800777446
100036851730727
100036939543072
100027307350780
100032544711779
100036077498077
100029124794546
100029300080108
100031695226220
100023408195857
100023960468677
100035466428625
100036026832027
100022010386307
100034622703526
100025487448976
100035265281859
100035930898769
100022266066715
100032683093354
100034199896121
100025279449119
100036751113217
100034941580155
100027035745989
100034121803271
100028142462300
100036712730656
100036516248502
100036337325637
100035071087280
100034020984310
100032179253269
100031536557225
100028557217797
100025080099468
100016877323400
100015137012173
100036640582211
100036709212351
100036857522237
100031177534321
100032876362390
100035915182547
100035993022869
1209232073
100035215860588
100033442030702
100035682272157
100035016271538
100036237260616
100034641631009
100007198454000
100006830081248
100014860352557
100014045436513
100005162880780
100029123174168
100013471236818
100035538824387
100036803436226
100036814295169
100024484997218
100035610557028
100019540695360
100026334433015
100035685524204
100023688520944
100034804908234
100022627331466
100031010350234
100034168720478
100033586522419
100027480589847
100035438927427
100036825071649
100035035753750
100035725007319
100035473690663
100035547255644
100027198620434
100025754262074
100012907446654
100023744625805
100025543236906
100035855739459
100023852684811
100011888833721
100011630386135
100036952053672
100036647440318
100036488752493
100036287204642
100024467400352
100010343688623
100004612275575
100036512754218
100035103948243
100035017989167
100031726950080
100028321690621
100036200856629
100035717833438
100035077211566
100033016123959
100032665182808
100032040912863
100022866501359
100027625012332
100028271922376
100026081882410
100036766543395
100023418054324
100004172850052
100036752885885
100036595942160
100036843665179
100035175814579
100025037580545
100036784239326
100034293891220
100036907232815
100036051015118
100027304312735
100011167067281
100036754899488
100036676242203
100036208100508
100035651382888
100035338838350
100035310540821
100035175555229
100034747309565
100033569161115
100033456307110
100032971960871
100031630070175
100031532000630
100025529220489
100024247831473
100023918271435
100002492111362
100010181102131
100032486735434
100035710008232
100034681203974
100035568330344
100035436393171
100035830090279
100035741916835
100032671849172
100023824906129
100021838361747
100014752869705
100004864477118
100030776800467
100036581026121
100030085953659
100025665134059
100024638733025
100024603943896
100006594820359
100036864061935
100036794738724
100036588022590
100036586691372
100035002793155
100034894013716
100034883444968
100034248791065
100031415410635
100030232900561
100028414540885
100027274981847
100015085695014
100030475774384
100025788334945
100032324626377
100033722424320
100036049321586
100030677614065
100026119663660
100027077593211
100028318030558
100036660137115
100036631487940
100036499042456
100035587523049
100034280350722
100034961190025
100034533674412
100036479913748
100035886303139
100035874131627
100031282566912
100028584622855
100028357777538
100021953700336
100019123038991
100035631603335
100033945316256
100034961475420
100009965167362
100023891560297
100036391223480
100035595290492
100036356107236
100034143984332
100028074665758
100027182325552
100023158362081
100020632541346
100012595895802
100035688704318
100023766005122
100013373281765
100001752001029
100027952652271
100034773220635
100023695245642
100036188658478
100036748089360
100036508473576
100032158421037
100027838699164
100020216834992
100036679663641
100035242899487
100033195515167
100024783458335
100024286023883
100035703158615
100035665133440
100035471062027
100032888430334
100031014650552
100027608088200
100024445782521
100023269823400
100014913543310
100013839514117
100013519249444
100007235886449
100036182712433
100034888264997
100034769322309
100034675477991
100029824941380
100026364434954
100024128522553
100017044746068
100016898430579
100028494069677
100023493436318
100004777428280
100018876814679
100003672423272
100036608105924
100030963563610
100022162482741
100003116298856
100036552316914
100034528218503
100018865271596
100036763268093
100034952865423
100031268934208
1223634247
100036500780858
100036437233370
100036371580575
100036233724226
100033923371606
100033532478816
100030230839941
100036520584347
100034690170338
100033795617654
100027955336494
100027145937639
100022691160656
100036883710494
100036486019692
100036381848110
100036123751859
100036063918853
100035737146796
100035451632807
100035044577935
100034514512601
100032360046735
100031202742954
100030124775865
100030083230212
100026111805137
100022653921546
100001725055530
100036341766544
100036271041437
100034513664443
100034394281378
100030601182788
100027418410149
100025990283806
100024597227872
100034102426926
100028103502141
100010022359603
100036460223932
100021938422250
100020541611865
100035167685751
100006250502414
100036775805584
100033100958726
100023778518479
100034580690376
100033472746005
100034277283389
100036744908322
100036677830428
100025499250059
100036448935027
100036397414498
100036013000846
100034618626881
100036736023453
100034578817564
100031392555043
100028181567629
100027762142647
100027048290887
100026451407234
100025801073781
100036605498401
100036220537656
100035305246189
100035152883568
100034637792732
100034625274357
100034127940803
100032365155422
100029092783509
100028116513698
100025760587779
100022251104509
100034044630755
100032309773356
100031929154602
100035984955258
100035056516066
100014140683772
100010171207387
100031841416665
100026944664954
100009263543086
100035257485125
100005062335907
100023897350149
100036749046563
100028708479713
100031271742978
100010514561982
100036610123448
100031888145174
100007296497491
100036567578837
100035637464844
100036333947688
100036742627419
100036609270475
100035495220881
100034660871774
100033973455495
100030026562360
100027338348568
100025907434587
100012915130819
100009395284749
100005890090793
100001456662781
100035977216013
100035948085359
100035809321494
100035709034637
100034705570828
100034697654864
100034568416602
100034504034267
100034467292279
100034242023503
100034052632426
100033565817683
100033506303651
100033427957081
100032213715267
100031764699578
100031135219423
100024443221798
100023268500038
100012175420943
100006479348461
100024462363248
100029905183641
100035272402763
100027675471233
100003522048102
100034502053220
100001920600817
100032914457322
100034639834035
100035716069680
100035962133837
100031893636257
100028162702579
100027487083845
100036410736252
100029846181111
100013456603030
100027173209949
100036458314545
100036406308174
100023400480739
100012569948320
100006291734003
100036278503152
100036150647054
100035912921685
100034324334683
100033063794142
100030728271135
100029222025638
100009454185799
100007391536086
100006759390699
100036671140737
100036588662578
100036432828117
100036377584536
100036217597429
100035297569138
100034909323754
100034676730601
100034241380535
100032837493111
100032797053805
100031898370413
100030186712996
100029259247743
100027392523431
100027252201564
100015325473998
100012204603477
100006361090318
100002465494530
100001444950439
100001135401389
100036454100730
100036453230931
100036425540380
100036261172014
100036068358632
100035936371731
100035860268894
100035740652855
100034223121642
100031400926331
100029730788430
100028605579954
100023795659239
100023605972286
100033532937949
100034642608473
100002200391024
100033671797135
100035637879829
100024765111285
100032730770876
100028565690810
100027259149633
100012166957642
100036678576832
100036207226612
100035215190678
100035214493482
100034229620677
100032731806771
100031464285100
100030953642927
100028466563038
100027909674173
100014548965227
100036742804843
100035703130673
100035345013935
100034969130547
100034384744013
100033632280655
100028048758939
100027218491536
100026856309774
100022127888795
100016202113222
100015088514268
100007737615352
100035998312485
100035763674968
100034901922845
100030662520419
100030228953508
100030138912989
100028136954463
100027472813958
100024450302649
100012381519237
100001835601603
100036636129457
100035988193109
100035413993816
100035062457763
100034468533887
100034142026193
100033594251586
100033512448811
100028255965911
100028235584251
100024253004727
100033504047293
100030022003145
100010721293102
100001871779856
100036580514459
100021863270808
100036228032078
100031880090415
100026040421330
100031062022839
100010590825130
100036481458787
100036011674890
100035417796166
100033737772593
100029069160559
100028521670576
100025340524672
100036607723016
100035674477137
100027706995082
100027328573007
100026957803151
100024830991152
100021641344476
100005138986409
100036490219597
100035416962969
100034404046957
100034201265467
100028237193259
100027634314342
100009922895485
100007226591070
100033346054479
100032857571147
100032153467064
100029718622664
100027419450558
100025952356054
100008757310541
100034139284956
100034060221804
100036144368060
100035672147783
100031108623160
100006449463207
100034977120133
100029753869654
100029215115306
100029061498313
100027613753690
100026421380990
100025892192978
100035880832975
100015720974420
100027891609598
100036373151709
100036066420600
100035753314191
100034968976171
100010300380032
100036564973432
100036501047597
100032871622789
100029340195331
100023852497639
100017213401092
100014573203509
100008568875046
100005559671154
100002381987814
100036566261986
100036378712769
100035980121134
100035492856672
100035042383394
100033752655970
100033465759745
100032583696171
100031799730126
100028378340109
100027716240911
100001252413747
100001245046782
100030872793331
100030827828941
100031778661157
100026513903584
100015770622252
100036407146317
100036390196756
100036281448540
100034835692314
100012080806926
100010957000278
100030605046101
100036564300371
100036278954304
100036268515093
100035760669869
100035728337241
100034093954841
100033867391230
100031566210017
100028256371550
100027915966760
100023073428265
100018179742386
100017695785315
100036631953448
100036621609455
100036286583735
100036051891034
100034818279427
100034521793805
100033660109065
100030597642887
100027649281615
100027619395815
100035275269657
100013168964022
100030759577861
100026277588297
100011101938167
100030381022025
100036518859792
100036612280089
100036560197914
100036299676751
100034945733116
100023826363700
100036316572064
100034464456605
100032738660481
100028853910536
100028109560134
100006497050102
100034934145657
100028014138515
100033825734991
100035849835728
100036327529571
100031646119347
100036626765842
100028317603897
100023430365969
100021833803474
100006737312782
100033166582524
100031696691528
100030597974975
100024546047661
100010488435984
100007440437670
100036643654712
100036315529109
100033338971025
100032596620759
100025190717473
100024712031918
100009487727220
100036189604398
100035548929617
100034453133629
100028447097308
100036580120897
100036513425733
100036490595639
100036365204576
100036187567766
100035558121730
100035145730691
100034767550432
100033004062508
100031952553861
100029833124170
100026732438459
100024727939690
100016681785322
100016345320717
100014566059374
100013922117959
100007517018298
100005890923904
100002718394301
100000995913822
100036465196475
100033252440567
100030112728140
100028249328106
100035889450684
100036644014007
100036622237488
100035109973662
100033433260543
100027734173153
100023824627146
100011093402443
100010350456984
100035381652163
100035352813452
100029450412238
100023547784168
100017218849017
100014124423598
100036200109532
100033593841043
100029028841727
100027781671905
100006429050912
100021733569773
100034372762925
100035770784087
100003523834903
100036634833084
100036573332636
100034554010813
100027646811089
100012082280023
100002925474090
100034464742112
100036423764197
100036292350725
100035427707760
100034627610390
100034542935560
100033562171329
100033494647263
100012227680378
100036260662015
100036344613847
100036205534989
100035713925113
100035607721787
100035249978026
100034411067330
100031600055833
100029437957730
100028095483114
100027775844467
100024728466709
100004698758369
100036643385697
100036327496846
100036239745814
100036091053273
100035686459647
100034689167171
100034639861272
100034608574919
100034374181439
100031260138216
100030235063642
100028579083253
100028256952914
100027674149951
100024424237535
100027696994546
100014128180576
100028463239864
100035202527368
100025796333942
100035714747608
100034543303658
100034323013609
100036343310935
100035409215900
100030822907878
100021819575704
100035691454729
100034114925808
100036562471025
100036153373838
100035622228877
100035109918453
100033741168200
100027793590635
100014770773023
100014483085431
100036453157074
100036387291832
100035493968469
100034911726950
100034304259138
100033849965645
100032196051277
100025325820107
100024579000616
100003320868867
100036194599973
100035747622151
100035678754328
100034436866975
100034370701694
100033880263133
100033316129186
100027821536047
100025382632822
100024536987543
100035888112783
100035423803901
100028589794270
100027871522560
100025277897366
100010176635124
100000244911480
100036427369185
100036373970582
100035914688294
100035268194427
100035104430156
100032247435128
100030111364514
100008124211008
100022491520192
100025500185997
100035324945077
100030306620526
100022914513119
100036354794637
100029250132395
100027750011475
100025295022339
100036116900956
100035859404734
100035273551839
100033890812440
100029531451229
100028897369221
100004431889309
100036354022882
100036226170007
100035309735858
100035065479257
100034936790730
100030447516276
100027519782037
100018045829338
100004553917535
100036449737040
100036263150362
100036210411103
100028508902730
100028033805737
100022444971009
100009134546496
100002242732788
100035850252736
100035380763513
100035306946025
100034473078894
100033937484614
100033025540591
100032721319402
100031035602695
100028095591766
100002613767102
100036332115487
100035941492180
100034676162597
100034663622592
100032641363165
100023327600611
100023319165229
100034643951790
100030917107130
100030215375819
100029815011933
100029718002494
100029096831465
100026920485645
100026040494375
100035595590101
100032930902201
100022671905206
100028021988705
100032099821704
100033436531344
100012508742360
100033026170819
100022153402843
100036365926314
100036143863256
100035875740374
100034023577911
100028075483678
100027275809718
100020640312435
100033319239504
100036529204823
100035862455285
100035231059687
100035170846574
100034178053610
100029107373872
100028863916624
100026710960944
100036306620423
100032906633550
100036218658850
100035846712812
100035380820098
100034626882208
100033746355854
100032443209613
100027193639008
100027061701258
100026250218474
100022553796268
100021811410425
100017387975536
100036290052729
100036042757793
100024622745795
100036509492901
100036091250310
100036049689002
100035724481864
100035408953484
100033211620567
100031435650089
100028025151595
100027883275073
100027816935380
100027244449674
100026763480508
100025935781289
100022858809028
100013864891312
100009194183533
100005115522690
100036239504534
100031028447628
100026531773133
100014317755779
100010018410423
100036098465913
100035668054498
100033220247756
100026358103955
100025340254472
100005240254417
100027936904129
100035899050084
100033506513286
100032872386181
100030169224246
100029978032032
100029292511301
100010008400688
100007176218904
100035881573380
100028896543621
100036481203617
100036237793558
100036224354961
100036146119835
100036106702128
100036077052537
100035830354233
100035816419329
100034675184111
100034322290605
100033887594387
100027134478123
100026496905392
100026386176465
100023700291032
100015455949659
100007130088830
100036249822220
100035781551852
100035760451226
100034163460200
100032919429005
100032903957575
100028268539567
100028265076357
100028263530061
100027619541206
100018668531140
100036656521282
100036350717545
100036142426307
100035903617302
100034881127359
100033523718391
100031578348268
100031518100986
100030677976428
100030380931647
100028781360785
100026599240976
100026542343359
100026398305996
100026189749278
100026005936292
100019452342766
100033639394791
100030916860090
100028040180444
100009346533390
100006447485618
100024895502369
100036588243201
100035515099056
100036399279431
100033829960083
100029905623127
100026122231550
100017939624607
100028895420365
100036102832760
100035837772319
100035290583988
100034712467799
100034600823246
100034537671654
100033876335653
100028415916673
100028191643945
100019556194624
100022886177387
100022505722063
100028442483561
100027549902477
100024980617518
100004391468147
100035656164355
100035244351409
100034834188731
100034676032613
100034405276464
100034098962092
100027800768636
100027170779327
100027327531716
100036388784256
100034950979499
100024178071306
100013604640351
100036040422832
100035104507120
100034023969827
100033038624543
100021839538334
100032157665950
100034161063687
100033572891318
100030801766438
100022887873932
100034846920451
100030166252110
100036104243523
100034714030073
100033898699885
100033597540393
100031564097640
100024861705372
100024439448432
100013394920817
100013365194896
100035611474972
100034731395070
100034252373618
100029193784479
100025928640769
100011703638156
100036274728833
100030522622177
100030484211013
100029104303273
100022901940234
100024890629676
100029541217548
100031372684956
100024594152423
100036407405541
100036486211097
100036199914133
100036041985651
100035753903267
100035614472557
100035479064941
100035322861003
100034881797165
100032660145346
100029678782954
100028447550461
100022030012213
100036346247010
100035560056369
100035409912628
100035166950013
100035092207448
100033491570782
100025781328583
100036363331092
100035849656479
100035808006206
100035759527383
100035554043731
100035483571325
100034976450115
100034731919703
100034014474319
100033152482371
100032088144190
100030822812146
100029243327642
100029041574358
100028544765634
100027520638695
100027243969839
100027075204271
100026578573533
100021676164346
100015922847287
100006260178551
100036344042786
100036199666468
100035847348659
100035192430020
100034916495408
100028441327038
100028147944351
100025598671422
100021577028658
100036483066275
100036296000704
100023877152025
100033488512652
100016941349200
100029859570559
100029780374022
100025975805881
100036221534167
100036196903963
100035987600312
100034971731877
100032056043079
100030488511782
100029548115656
100025813357352
100020864888116
100008416609141
100027147621901
100035802842101
100035774348488
100035229190099
100034580508023
100034116351265
100033401389909
100033217102953
100032342661439
100031631191524
100029651192836
100028219356497
100035889052545
100035864652676
100034241352280
100033202487199
100031808152641
100030627019880
100030311925193
100029315387537
100027825846876
100026778822090
100024933886871
100009403802186
100036257285328
100036136873728
100035903962804
100035870197463
100035588734005
100034979903186
100034529751564
100029156302014
100028530572866
100025324188758
100023518924952
100004942995598
100036231014181
100032955211657
100028774457151
100028456897362
100028270881230
100023793309789
100015147759916
100009297826717
100035591838107
100035563193074
100035495438195
100032980156814
100029524233074
100027338972294
100021638497560
100014415721638
100035668252165
100034082452650
100028630450895
100013741290945
100035983609152
100035749490456
100035673871454
100028554662888
100028311632131
100026677062862
100022219804206
100028517943713
100025578723741
100036610110459
100027655879208
100024080163878
100013520312234
100011430205375
100035622706053
100034588784565
100028709618914
100027696423483
100021711517888
100036423847576
100036383763996
100036086722253
100036057616539
100035838152196
100035728793877
100035623007729
100035609390000
100035522903227
100035279655941
100035269006454
100035084442049
100033440676722
100032089283573
100031553634342
100030448211166
100030440990028
100030228038793
100028753718375
100028012791349
100026604757224
100025440935380
100017248933518
100015267155530
100027867674867
100005061183649
100023191553429
100030738820961
100028864599730
100035405573423
100033136733959
100024217240763
100022316087748
100021652817206
100006866866834
100036159764762
100035782056474
100034523763742
100034345282805
100036240858085
100034372522760
100027996184733
100019042980712
100009327710998
100033814350164
100029568260591
100027196809308
100025035008801
100036314825991
100036099553153
100035984501535
100035842486980
100035343727950
100035235495192
100035099641550
100034193531310
100033732280159
100033293554891
100033029049916
100032497840676
100028862826142
100028790775510
100028289896932
100023580662507
100023324856947
100012781127606
100009126093453
100017155866696
100020960166547
100031344395885
100027867009481
100026661487786
100027970901571
100028276505203
100036431552120
100036268101538
100035327650898
100034646270665
100033982773435
100032613081402
100028365948475
100027502754697
100035909291438
100024369812308
100036371805266
100035525960915
100035096084371
100033374852731
100030681994860
100030633708415
100029749986517
100026415905198
100024141315328
100023813168403
100020862638264
100014152481726
100035290121992
100033351009755
100036033503434
100036017501647
100035946143412
100035608389001
100035256189221
100034981150046
100034804087448
100034500670948
100034423311471
100032434584234
100031205688822
100030000572590
100028071905495
100027751928665
100016866398592
100015557790320
100030529955832
100036141829807
100035904872911
100034931136658
100034141068242
100031589782580
100031300065657
100028084621115
100022875784948
100019895748874
100013298040190
100036429791580
100036122204558
100034870776745
100034293574362
100034047833802
100032945492040
100031980332126
100031896593843
100028222992912
100025144443695
100015668525330
100036391352025
100035878185881
100035205636857
100034689256609
100034167588154
100033347830123
100032419532213
100029754368270
100029621865003
100028709345483
100026107775016
100015339758630
100001980447313
100036150030046
100036048375505
100035576793831
100034120900661
100033331719116
100027983443774
100027481903269
100023797340512
100022035344102
100015242895879
100036236509782
100036203688503
100036045829529
100031784229422
100031099260802
100028900233311
100024946296951
100036146652848
100035864810305
100034235073838
100026947461691
100026493787565
100026089220660
100023873177887
100033620142912
100033144636552
100030898717056
100029185036008
100027863404831
100027761928390
100035779748942
100035718636668
100035502712227
100034770736221
100034429340792
100033991081201
100033496239250
100033490908036
100031233430698
100030292884349
100028343604351
100028231596898
100027740670312
100026647329268
100023920714446
100036249874694
100034698617803
100034300904410
100033758952709
100030455444505
100024919302471
100014226635269
100011135444747
100026238941822
100028765965145
100031068400627
100033635130782
100023474592789
100034076950857
100032963388398
100035463803845
100032861287780
100036178417601
100036097785349
100035352547005
100029448851645
100028477581384
100027488780778
100035706859070
100031396182206
100024551027475
100035382244389
100034932350662
100027659406851
100025718627432
100025438836464
100021877865497
100017980749519
100036155692777
100035256231884
100034565105137
100034074078373
100033093348572
100031157089798
100028793803084
100028681296465
100028577058312
100028574263446
100026784880982
100025871570662
100021801350492
100011646282759
100036206535474
100036092942826
100035767505844
100035449420391
100035407963334
100034898391420
100034646346946
100034389434789
100033894074780
100033051966694
100032961278837
100030583693994
100028024240863
100027707610238
100027150274508
100026889517490
100024228754784
100023012191979
100022307191407
100014722536060
100001610377502
100036271697071
100036183282802
100034484745885
100032992030095
100028351937826
100027806871174
100026387482625
100034492882667
100033433579217
100012327499194
100034388941650
100036402336495
100035601442423
100027622960501
100025215797988
100012813724169
100007522771622
100033422522938
100032124397591
100030378428216
100028934280996
100025162984807
100005489325559
100036531481430
100036306226898
100036232921877
100035813123816
100035598502104
100035515341123
100035243130363
100035183940773
100035164083454
100034995728412
100034597365703
100034412574150
100033713464914
100033437377641
100032697616459
100031920583901
100031144639169
100030291011164
100030269503536
100029431054603
100029395650265
100027251627130
100025118825578
100016958113271
100010309328515
100036233482097
100035079873823
100032556729914
100032121613883
100029475108095
100027920900476
100027563711945
100022104696898
100020355031162
100034707459584
100024853713989
100035355138099
100035294563619
100014812171415
100007538340423
100035300152542
100035480659313
100017371539487
100033493470492
100024295545500
100003731494021
100036223875049
100035482247229
100035154936246
100034370344770
100034252283207
100028215515968
100027795195573
100027781822623
100026091291747
100023835802427
100023724889939
100015487988597
100009134235792
100035792105501
100034997556268
100033981652561
100032009586056
100029404143547
100025552416568
100024574125640
100023199484829
100036205681244
100035943012555
100035783204657
100035313611051
100035188866247
100034872377358
100030212923321
100027085839226
100022081566287
100036373412120
100036171427561
100036078256473
100035763111410
100035555085152
100035427379239
100035407036587
100035193979653
100035086478797
100034983921421
100034772867931
100034734401927
100033860176132
100030552061588
100029152268161
100028429382905
100027904440093
100027119765841
100026894071578
100026636769298
100025711004382
100024221690220
100024198547812
100023977145504
100022930757342
100015338686739
100024091039855
100035109493633
100033202330827
100028654822446
100023554087975
100011682991055
100011077740442
100002294733969
100035807050935
100035688559767
100033894258141
100033569535908
100033357751220
100028462050472
100001785416470
100029357659039
100031194890034
100036329048497
100035579767124
100035530012305
100035111171108
100031910720160
100036263946687
100036259510469
100035495670988
100033302223974
100027615960796
100026759933295
100025027265426
100022950887709
100015379595120
100015059850516
100034582989728
100025341342974
100028050193241
100036290736655
100035911953706
100035796226632
100035570779238
100035413592153
100034749664143
100028383665558
100025819243310
100022753953219
100014384717317
100008071351885
100036036070754
100036419883184
100036389377075
100035668867307
100035435865178
100035156714343
100034486161229
100034353660414
100031933183895
100031651183042
100029832630587
100027381609948
100026749162010
100024867066427
100036155347951
100035864303099
100035668835542
100033630591917
100033358550301
100030009737579
100029718188724
100028418564920
100026341475744
100022795143000
100034828508423
100027959532334
100013683274597
100035345370065
100029802069846
100031544643797
100036067865373
100024562754535
100035195400779
100034309328239
100035600287577
100035378555234
100034708532117
100030261226954
100027588549081
100022548307306
100036153524875
100028741323960
100016656938661
100015262774005
100005829721309
100035777102090
100035773704107
100034863548650
100033209923355
100033159886355
100033037846688
100032611731770
100031789481018
100031626564229
100024361336448
100034072664357
100035810461027
100035523581927
100035429894827
100034998891008
100034868794006
100034658450598
100034612124986
100034518231283
100032856037949
100028458112393
100028199201093
100026622662946
100035828264374
100035181705219
100029340390539
100027244305443
100020488307941
100026216042381
100035976609261
100035897484130
100035859908183
100035600721614
100035137564364
100034779402905
100033467197684
100032087164848
100031354092390
100030607692542
100028009009536
100026830091647
100024892388741
100023372207492
100016561650163
100013599364901
100009545063450
100000941266425
100034426367979
100028187340695
100026847014045
100009415959449
100026195793611
100026557579869
100031419439316
100026724972313
100031359948024
100034063116957
100030408315897
100023464982565
100036150312483
100035128266288
100033458782749
100031235739899
100029099628030
100035670700842
100034783729618
100033827082034
100033172506091
100030870348170
100023499621448
100034395589963
100003294737738
100036396544647
100036135726521
100035982545366
100035536753687
100027453662717
100025888864699
100024915621781
100023593478465
100020375172693
100035883412494
100035670545875
100035571414236
100035565099934
100035558706313
100035318777402
100034719914628
100034454856852
100034090125803
100030629622600
100030315797363
100029152444383
100027077676321
100027053618185
100024553080422
100024188029390
100022964513280
100012117277021
100023233394915
100015814908615
100034785803021
100010171907012
100036049162686
100035591122466
100035493031766
100033662407488
100031720220914
100028990807227
100036025200288
100035805862904
100034903964882
100034813133509
100033494625143
100029439255985
100029285572428
100028422906603
100022512336561
100035298935655
100033573375145
100032543835821
100031412313082
100033539345249
100034852624935
100034515708696
100035204081784
100031780985744
100006460137223
100036351754900
100035143328976
100035114193167
100028541448981
100028436764334
100021632445817
100023637721087
100036400200850
100036017383795
100035738836096
100035654389643
100035216207946
100034422786196
100033785630719
100032310466294
100032018212213
100031329601397
100029408560484
100028397560369
100027888403510
100026541750225
100025496028835
100024386641554
100023645071543
100036351845569
100035899242753
100035262503238
100033676904737
100030678076652
100026489685315
100026316513905
100022657641539
100022618689958
100036351102079
100036432333966
100036416886680
100033622695422
100036086723747
100034574438046
100036089356685
100036085941817
100035921412967
100024695422082
100014055137795
100005343997957
100035432658126
100034176376179
100033876503072
100030585858968
100030052606952
100028141994371
100026894208773
100021521109619
100036350711826
100036241966254
100036238356788
100036221414738
100036202183404
100035436650936
100033445042567
100032290863773
100031223118188
100030649532441
100030113569559
100026074530074
100026022887197
100025065604567
100009768090408
100002166302770
100036034560218
100034630920265
100027884021470
100019506581996
100036070930111
100035811823490
100035373422547
100034756035158
100034619730274
100033060969149
100032168694335
100030147755818
100029942831613
100029824039105
100029664881978
100028384600239
100013705265120
100023517401657
100034118779906
100015440232028
100015793487276
100035661023734
100033694028431
100036131149786
100030540643006
100028844025248
100036141945524
100035841859645
100035579204058
100030625566389
100036376988827
100036145213471
100035728543729
100035710100090
100035503371828
100035193169654
100034315337606
100033333049880
100024565427464
100024216394207
100016788240876
100015713643283
100013961250498
100035471190593
100034536433971
100036327638401
100035997382867
100034772525771
100034605398159
100033848892846
100033715162824
100030446801740
100030003134102
100028480861591
100026164961901
100035538643537
100022039279081
100036055037194
100035824817896
100035822280737
100035171591135
100034524349148
100033578691174
100033482172598
100028127959965
100027971261042
100027182612187
100027074718638
100018580006776
100015782826024
100014575398966
100035624332881
100035566582486
100036169712241
100034094823180
100033552122507
100033219993048
100032877421210
100031234573254
100031196680709
100030356738613
100025484227069
100024478234221
100018384103246
100036237631984
100036160598110
100035753207398
100035692403397
100035509369951
100035146384381
100034196177328
100034097648851
100032725063029
100027791143870
100027394715538
100027246552076
100024770103101
100022706539693
100034892412417
100034837540867
100034040422708
100018705887457
100034911004212
100031316432855
100035949795200
100035826694204
100035762628742
100035610504094
100035511465328
100035279341711
100034827894221
100034707249927
100034139090277
100033003314647
100032467641545
100032032671275
100030062284028
100025243576952
100022549487252
100021493263597
100018793173523
100014677246311
100012492426891
100010369575781
100009105800912
100030823026094
100035161268328
100035018230551
100034993656480
100034622923234
100031975069187
100030776973159
100028071676553
100024152806396
100000886310485
100035963973144
100035860620690
100035621333273
100035339961043
100035226739822
100033853358145
100032997714160
100030787364531
100027787026316
100026726586289
100025536818675
100015977414449
100012787981227
100036342300108
100036227449460
100035253220305
100035212386710
100035051270212
100034938663756
100034717234625
100034466090442
100034127541319
100027496920023
100016024416466
100036129314173
100035976142505
100035429583226
100035363562509
100034903881808
100033968267035
100032843402527
100032734150899
100032098740907
100030174556426
100029437162881
100024798430391
100014491120075
100009108957263
100034050789581
100035590845976
100016559558984
100014654625205
100034995395826
100031051311472
100035409371547
100035704806805
100034607950450
100022117862236
100036012952452
100035854636556
100035296373640
100032346367355
100028892323488
100028067873225
100027551495427
100027058236115
100026676720720
100025973271559
100023402209819
100023395878459
100021413550064
100034655985465
100032599762871
100023855671939
100015508995287
100010231027753
100035918410580
100024895322419
100035867705536
100035468539867
100033466206108
100023521613110
100035240415873
100030731324918
100035821752668
100035646633964
100035008788492
100027016037995
100025171684457
100025071965444
100015701145509
100013531389688
100009023389486
100036182469261
100035957731776
100035892768616
100035578723029
100034302500432
100031881138026
100028271327003
100026690371523
100021835522506
100008619859053
100036059177034
100035189169794
100034785193431
100033741543668
100033585798972
100032808159640
100029787381494
100029592720740
100028428673200
100027147923827
100024063582871
100023793172939
100023623776566
100015297036808
100036190355329
100022916149916
100014483375915
100010898388658
100026934812855
100035921651343
100036207636557
100024326895116
100035359301549
100031057452794
100035696231504
100031127116781
100030768452981
100029402737344
100027075414328
100016433056322
100006758317677
100036250601800
100036217980642
100034904220403
100028825217073
100027256778713
100017287174810
100014896509143
100036283148016
100035574063551
100035534614098
100035124290697
100033475304571
100032772114262
100030142907464
100027537640660
100015965505406
100035919709459
100035322769746
100034812275268
100032556699826
100027832515818
100023518102598
100033661903434
100029673801235
100017160677848
100030769034050
100036022748512
100036016821493
100035218010842
100033064573527
100014952393358
100035881207467
100031049193960
100028144141006
100024333340432
100015504906329
100035774954251
100035682348781
100034257262096
100033819663021
100036222846159
100036178984645
100034796866691
100033411491989
100031727077833
100029221970419
100024877339652
100023214161597
100017990807762
100016434392703
100001898241171
100035997589950
100027996619059
100036253417374
100030547062112
100029331430791
100027680751947
100027053085044
100027025800321
100036222667616
100035741173958
100035724168967
100035722775871
100033433806937
100033096300393
100032924632167
100032515680727
100030819369349
100023166650297
100035700158964
100035371912445
100035327930927
100035194651340
100035179943631
100034878675321
100031996093402
100031905258155
100031228546164
100031101471361
100030653597299
100029354374777
100028123726770
100027850388656
100026841154382
100026743535578
100023873974566
100016626438973
100010972205311
100035181784421
100028870484653
100027376054404
100022823631256
100036241745777
100036071563719
100035851208530
100033572378953
100029013019489
100023518420724
100017064138173
100015171306042
100034587859664
100014026083472
100035946170455
100026735940985
100035214724504
100029260665932
100036148662453
100035912854241
100036230075333
100036149022428
100035811556884
100035093360576
100034536318070
100031392552819
100027189332947
100026498542091
100013241401865
100035956974257
100035941146071
100035750872452
100035603431296
100035529860906
100033409291497
100029617040981
100027460601814
100026470381453
100026464822379
100023576673473
100023467193846
100022687241907
100021909312490
100010242763285
100008231898402
100036166838015
100036074929497
100035635806754
100035029642593
100034871063777
100033642675548
100033245016168
100033128451453
100032310623906
100031647697601
100028123905088
100017899411568
100034729841631
100034080622653
100030827023603
100029421163938
100029185186932
100028874000075
100028775445431
100016223043995
100013772505667
100013374164861
100001656579896
100029675524415
100035156893743
100012636724632
100022279685459
100009233054850
100026518153365
100009727158345
100029232900637
100012390270884
100035583771056
100035535781312
100032833966812
100026190729013
100006242175312
100029639988298
100021886532806
100021742997146
100035029512446
100034418850844
100034290732018
100026956635297
100036236912685
100035911763975
100035704776940
100035387956255
100035269952773
100028325044032
100027983413625
100027617686716
100025801264268
100023695998911
100018414240387
100035927290720
100034651478252
100032199886334
100024744051247
100023772000456
100035742213046
100035695657274
100035257520081
100033811303678
100033442306837
100032984741783
100016260725675
100023685712039
100036278880904
100034401313809
100035572373942
100022520081987
100028452981750
100030603214956
100036229265063
100024991040215
100035176179099
100032407789417
100029258842769
100028211769284
100023374150588
100021647838917
100001898713064
100036055687404
100036007514095
100035984598868
100035945468188
100034732576704
100034519230548
100033126642421
100031798758840
100031626106673
100026128543892
100018781567982
100004269037252
100029399257614
100016034773910
100035807932161
100035508511272
100034997884221
100034748327133
100029274784635
100022405744271
100021641814009
100035331880587
100032316653499
100028806494035
100031871471395
100033083689817
100009656260141
100002974239975
100035265413899
100031239097289
100024434806020
100011874768771
100009912098843
100027979096468
100035279709758
100034954265208
100034512738283
100031132159093
100022953551040
100021892383575
100036240093547
100035557052661
100035126685154
100034758821460
100032970192271
100027324872126
100012926862198
100035948750203
100035684470431
100035533009793
100035490554859
100035464973748
100035337061024
100034996958672
100033571215254
100030514028871
100028368077860
100026140054030
100024370091314
100022952301900
100008999478006
100029075255844
100036282302092
100031277024271
100035882926165
100035410233014
100034340799236
100025333485114
100023707745006
100016219814172
100004178387686
100003802622284
100035844983040
100035822948540
100034534941771
100033724690213
100032837949850
100029356175627
100028472116861
100022007451640
100021975526877
100012627486184
100036242496209
100033698863861
100028604014100
100026560911903
100021998836005
100035228700140
100034983833517
100035286707872
100033305822102
100035879028291
100036025773173
100033978078631
100031898270788
100020798196788
100033482013100
100024632466181
100035852230008
100035033015666
100034643421011
100027310564165
100025718962750
100036293730670
100036085067079
100035827812869
100034937790233
100034096476969
100029294679292
100028626521519
100026587743901
100025589708915
100022112130846
100006671056410
100015593884563
100036023531007
100035961554837
100035701279446
100035627592283
100035251935894
100035194431794
100035098869485
100034879997169
100034433359650
100032426890824
100031126710001
100031063055226
100030724050430
100014249972177
100030823247374
100035736845094
100035628257822
100035911819968
100035017962924
100033103535069
100027767676219
100028601951665
100035882510939
100035448578173
100035235399810
100035231140949
100028222396764
100031578094679
100036111722789
100035789393935
100034700137106
100030591605215
100029814367919
100028010280313
100026187983113
100004080502710
100035898106644
100035884937585
100035758962463
100035077905782
100034635162331
100034432758762
100033946444048
100033750167285
100032856641288
100032235787511
100028575951945
100027638676168
100003682158258
100035457847001
100032121391919
100011192011014
100027665444124
100031955302970
100035623791834
100013218670250
100035838593924
100031035437486
100031724239693
100004376355948
100034958446565
100036017981271
100027238086505
100024246824267
100030021906386
100030018652019
100024382385721
100022410231509
100020383625894
100036106423736
100036017750145
100035313833110
100034547242437
100032186088081
100028399727700
100023826305115
100005268497354
100036168160367
100035063390433
100034588033855
100031603302970
100025955673695
100023735594965
100035561111668
100035260191720
100029852730166
100005348058952
100035760884924
100035062339233
100034993432329
100034683138598
100032632927664
100031963250838
100031301353954
100031033578437
100029965442975
100029889480432
100028880644484
100028235270490
100026993199694
100023972550276
100022050488254
100020834111650
100034970764717
100034894471385
100034633763592
100034154775671
100033209011335
100032858137496
100028212439472
100025440451966
100022566155253
100016245219201
100015607981023
100036025418959
100034531853296
100033845945032
100033822104402
100032219889530
100031877437476
100031118763659
100026059172862
100036067867580
100035582744406
100033333590599
100032670698476
100036265350643
100035699088767
100026681019354
100026077282884
100018314523078
100014381534907
100030297411266
100031708702965
100021753319618
100024025639608
100028327219789
100033566023017
100029744802979
100030005771653
100028679070393
100034092755199
100034033279051
100027352833916
100031056996941
100026673463351
100025075880936
100009382838668
100034814618287
100032890091939
100036059408478
100035925091151
100035415106748
100033883066813
100033484570347
100030158928995
100028884038032
100028784288498
100026940456962
100026754335692
100025407099983
100022535631040
100021518860397
100036220534090
100035914548715
100035666630836
100033480513228
100028160139566
100027379810931
100034826688887
100029919018992
100029358322392
100026784169340
100035950099938
100035707842716
100033756935136
100027390945064
100017432400097
100030094551900
100025571118300
100024558079516
100029167775362
100035203031789
100034807808568
100030115560916
100024431231375
100027167104836
100013790732538
100027556938930
100034990988250
100030579752874
100033063367834
100035661983561
100035137003209
100033288591442
100015512802157
100014789736551
100035941472381
100035779280216
100035744290392
100034474038428
100027074585784
100025684070350
100025528328015
100025070910254
100024853774020
100021355643671
100031680855530
100036234153823
100036067475918
100035129080080
100031844811885
100028573116095
100027121022679
100013319866931
100015817270442
100035969855862
100035125547059
100034829470515
100034248673782
100033017881206
100032313517721
100031309277357
100030426083993
100029117405587
100028997561926
100028933817021
100028313201222
100026273658722
100025901089866
100025481130105
100024050685713
100023100560753
100022715982023
100008517765034
100036019064343
100035973221780
100034766929498
100026744263762
100025296879102
100021159637021
100035950790053
100035309083535
100034924682429
100032627001560
100031542408425
100029930056582
100029669043756
100027250710608
100013809813202
100006985099123
100034749891692
100010228295570
100023898634290
100029308536222
100027243065870
100034885880456
100025505712311
100035076815764
100035960779114
100035522532839
100030657215155
100027263134778
100006078195616
100035222685827
100034017407519
100029125954782
100028879133926
100024997414493
100024545972845
100012253450862
100034670498184
100033658401802
100033508146774
100031927698400
100031138674208
100028478931209
100026508323896
100023936075926
100023770719377
100011706545286
100004362160725
100035710743013
100035548657546
100035492499318
100034510811545
100033876021791
100030285811124
100018493039257
100006742327465
100003318819902
100035011564225
100034996539289
100032829403861
100031808978533
100029839090227
100027187749577
100026141722251
100020783928257
1378082384
100033030769469
100034929742246
100027378429835
100026411779459
100015501919373
100029753384608
100028356900185
100035947725346
100035530050292
100034033210383
100030217902605
100028114368961
100024026196236
100015873339326
100013479127721
100035538997829
100035669567389
100035636562069
100035598753744
100035153289780
100034771546390
100034113133914
100032319930761
100029032372349
100027053913936
100020911761562
100017243314570
100010123628397
100035881668435
100033529041837
100028232839485
100028142318697
100027503954223
100025243759370
100022429620920
100008232068962
100004984929206
100035216538797
100033318438462
100027340053582
100024754065063
100018491687723
100015365976525
100036088809747
100035733550890
100035296054993
100035072289495
100034923623769
100034573488934
100034379464719
100033951982171
100033761634213
100031824039917
100031144803342
100029446874663
100028597124978
100023019002298
100013954023321
100035427092954
100035434533706
100026705803188
100012945585096
100030927192413
100035781677998
100036093698987
100034530982990
100033347800563
100031304167824
100036144032364
100035826976885
100035360678597
100034041980286
100029519884634
100025457672648
100024265511594
100021940687424
100034646050769
100034721027294
100034614524950
100034572000747
100034323683067
100029485339449
100012898925631
100032010636295
100004155931008
100034499920256
100033912375484
100036063425496
100035453237176
100034828934546
100034683638219
100033595114485
100031467012721
100029013981608
100027888606036
100027537861162
100018509712383
100012428143281
100036057614177
100035762063757
100034631940728
100033673509415
100023236093520
100011537947626
100032198226081
100032172825028
100030783161422
100028793901847
100014870922400
100035950545395
100035782652058
100035742140443
100035496330843
100035182369401
100035153431713
100035085043000
100034989037957
100034944009988
100034570683404
100033659924349
100033554598224
100032751104928
100032415396406
100030843132895
100030537122853
100030138540763
100029287651673
100026421638838
100023947716495
100015291513341
100013711001422
100002563771105
100034711634377
100031156504417
100030628543239
100027092736016
100018140862002
100032786343054
100034584516493
100031187544291
100030886022326
100023481394739
100022308345540
100036022261410
100035844279091
100035732691055
100035549501103
100034433192086
100033210948669
100032164849420
100031894566012
100012556998376
100035770320751
100035531416674
100033770946388
100030492172010
100024693851441
100021907654478
100035837962501
100034387281721
100034223894560
100033935077626
100029082942903
100024684256478
100021370252319
100012678765775
100036019726451
100035784943555
100035262759232
100034670507177
100034271736263
100032336451867
100027319643429
100024353978204
100011977546109
100029311590881
100033502429358
100022882216373
100034706117191
100033756858582
100030395494970
100034849240520
100033108220286
100035582861196
100035542356123
100034966572642
100034590645953
100033683824811
100031897730589
100029127977927
100028381508719
100028098484860
100027148657313
100026899301430
100026709424401
100024799934524
100024389922626
100014933117244
100011207710768
100034564392548
100034029844694
100034023800614
100033697881536
100032969297770
100031818544863
100029341342315
100028844556608
100028754553664
100025925270062
100024890663480
100024307819330
100023652458979
100035146334808
100034362882939
100030602051303
100028522928333
100035958108215
100035558146144
100035523322584
100035377838457
100034548845937
100034523505492
100034384639125
100032625022582
100031795905038
100029786033478
100028723670392
100027797684834
100027638512392
100027386419137
100026600532439
100025768206883
100024193894320
100024109208141
100022673072700
100021587411722
100014722814451
100014037279464
100010813028695
100034040581229
100011798897473
100003153986095
100036073235909
100030236566764
100029880103377
100026750114049
100024806141551
100023891085190
100013493835863
100012798309066
100034586120093
100032192892451
100031304744996
100034930403653
100034284759080
100033318672925
100030764209319
100029829679161
100029099163083
100028462956452
100027263201480
100026555674802
100025253190871
100023847853699
100022938960436
100012612540244
100008349133746
100035718252184
100035590883399
100035252259095
100034960502032
100033865073732
100033801065656
100027889113126
100027235381625
100021870136223
100001731304946
100035821905840
100035656793533
100034675990733
100034501610417
100032571014871
100027115505609
100026417154209
100023973383462
100011422062222
100035776013390
100035412908219
100035387689187
100035192135684
100034937981730
100034886721245
100033931879096
100033899433734
100033763333982
100033660039632
100033512971315
100032741520225
100032420181434
100031407190849
100030645281153
100029475253029
100029153572343
100028727842098
100028211104774
100028186339608
100027480196450
100027149720689
100024593291421
100021437614975
100017606164137
100023467748937
100027243500560
100024984983689
100036071021234
100035137180978
100034794982383
100034396848342
100026599211385
100024292192700
100014211875452
100035118332427
100025978923867
100036013454816
100035909041751
100035536374278
100035105715344
100034145597837
100033977296114
100032252493064
100027074646804
100035715052050
100033059281915
100032776981240
100031477540716
100029396392158
100035819644713
100035653724269
100035611761242
100035511155586
100035483512412
100035396209388
100035110545521
100033918163862
100030713899565
100029319374651
100029219192802
100024803565753
100023981793958
100014611006652
100020179809587
100033355161942
100035946522110
100035220590817
100034806303833
100034060120348
100027794885639
100027782610560
100021851613732
100036186932660
100036006728583
100035377481798
100033983079716
100033977686280
100033171451131
100031310662364
100029655828975
100035808261767
100035526066360
100034433019562
100031653194871
100031595809540
100030278182684
100028204700792
100025182260479
100035920028427
100035500972147
100035316150788
100033603489153
100030790058171
100025667944985
100025468061649
100011509242461
100036030401344
100035433451504
100035113125038
100034515482011
100033657110931
100032686823063
100023518688650
100022832207066
100022641812617
1783553160
100035406802462
100034836790652
100033749419275
100033414242091
100028897757201
100028748482693
100028485172674
100027723780976
100021682911326
100011432006425
100035703244150
100035685934719
100035467745753
100034022400889
100033580429084
100033447878087
100027506802320
100024555583659
100005496092084
100035899332779
100014840178523
100035522109521
100035216559568
100034893707407
100034789961106
100034351581143
100033527731148
100031634865878
100029394382636
100028535642397
100024719241250
100024170565825
100011080988153
100035987015145
100035855389991
100035572967246
100035077663789
100034669823019
100033492724824
100033249992683
100032951536429
100031072206461
100030774671350
100030511399237
100029757879931
100029551510720
100028752580842
100022008846228
100021540114217
100035914159156
100035625915930
100035555711185
100035330192488
100034750353971
100034234268185
100033848511153
100033645540279
100032988697420
100032663598486
100028716600361
100028557452204
100004517193326
100035542028911
100035641863505
100036133446126
100036056887017
100035146542962
100034643835842
100034422740985
100034043476023
100033947660411
100033925392242
100033657082047
100031700140665
100027772784073
100027438761773
100024971767641
100016031982317
100015074910286
100036039371004
100035970669161
100034751361883
100031294516060
100023329188435
100035996115242
100035842120880
100035644951248
100035389143404
100035216000139
100034166650474
100034025917416
100033652745808
100033500989657
100033264770841
100031315140026
100028715254530
100028501279694
100026437462517
100026112218198
100024623251970
100021591458573
100019454470375
100036058118666
100035641301541
100035127582483
100031134489531
100026692583535
100014592936938
100036169623079
100034890396870
100034386005161
100034029291248
100031720748665
100025829792911
100025538430965
100024679083496
100035987562531
100035713868769
100030417757863
100029022140804
100036037390690
100035979544233
100035814368204
100035551970079
100031760610275
100031063403886
100030288288792
100029917382147
100027844071441
100026723502325
100014998814546
100025064707055
100027978188592
100013485459267
100024893962610
100033763964719
100034593228277
100031837205980
100031272191208
100028571951593
100025661250648
100021967104305
100035752340382
100034355509688
100033505003921
100033039130451
100031125163268
100030410927141
100026590957026
100022796653402
100022411839058
100036137314145
100034349932525
100033992473184
100031778179262
100029805187211
100029416814134
100027560610244
100026837357673
100024098888619
100035777093381
100035170839904
100034998843237
100034941319893
100034666643437
100031101078974
100028784092989
100028437663423
100022143693753
100009618933358
100036018721296
100035290959214
100033910884070
100036037603001
100035502377938
100035220078284
100034756362722
100033828060791
100025257383516
100008930800089
100035378012501
100034807091575
100034612064314
100034285251304
100033507851280
100033223733679
100032866613645
100035888557949
100035697831440
100035537743552
100035405462497
100035164271455
100034913504780
100034828502313
100032756231648
100028596451644
100027804064159
100012695822732
100035257577362
100034981754594
100034798385795
100034482996225
100034448483768
100027193365541
100036188580811
100035934643390
100035910853383
100034901881860
100034822689522
100034479784618
100034042211531
100033934665279
100033417198329
100033106851338
100029239540818
100028232356022
100024594647578
100023944759199
100023222749529
100010726249652
100008708806755
100035917934996
100035814013293
100033756313372
100033610492504
100032624600096
100030583471872
100030132248438
100028277977086
100025810710897
100010598672259
100010569673509
100006709292609
100002532427901
100035827120708
100034807072083
100034415384584
100034083874537
100034033810201
100033266745614
100033232656123
100028881997856
100023823306531
100022978300936
100021824502039
100036145590995
100036102666698
100035957834093
100035852505558
100035848921590
100035772361895
100035601052534
100035532702196
100035330142569
100035311126736
100034796378267
100033577013923
100033132304061
100032837583900
100032712602807
100030924884315
100030393009168
100030150612774
100029866777982
100027873459195
100026714341028
100026432916135
100026197062318
100026040191565
100024539177820
100024191262533
100023036920515
100022379400328
100022311653576
100016603200033
100014955108983
100013072292613
100027411547815
100035962031639
100035816046804
100035736972833
100035612260340
100035401929385
100035358274699
100034834690119
100034495275467
100033910597258
100033537560193
100032129611731
100028775431523
100025190070148
100023231742271
100013126898329
100035918979351
100035125161179
100035078033399
100035058679193
100034967716820
100034856542389
100034708866595
100034706104582
100034499677680
100034497431178
100034427508723
100034052654005
100032035201215
100028719950394
